53.36
53.11
52.38
51.76
51.41
51.39
51.73
52.48
53.40
53.76
53.12
52.34
52.32
52.97
53.79
54.23
53.69
52.34
51.45
51.82
52.66
52.86
52.33
51.58
51.08
51.27
52.28
53.34
53.56
53.00
52.22
51.75
52.10
53.23
54.05
53.58
52.74
52.78
53.58
54.33
54.48
53.83
52.66
51.90
52.18
52.98
53.49
53.48
53.07
52.62
52.72
53.54
54.31
54.25
53.65
53.17
53.03
53.23
53.58
53.63
53.27
53.18
53.84
54.45
53.95
52.83
52.35
52.80
53.52
53.96
53.78
52.95
52.35
52.86
53.90
54.00
53.02
52.42
52.93
53.81
54.22
53.78
52.48
51.29
51.57
53.19
54.28
53.47
51.94
50.97
50.74
51.17
51.95
52.54
52.57
52.12
51.38
50.73
50.53
50.86
51.60
52.49
52.91
52.44
51.70
51.53
52.05
52.96
53.86
54.14
53.43
52.27
51.30
51.03
51.91
53.49
54.26
53.47
52.46
52.39
53.04
53.82
54.28
54.04
53.23
52.50
52.29
52.69
53.63
54.34
53.87
52.60
51.64
51.42
51.83
52.61
53.17
52.94
52.39
52.31
52.84
53.60
54.21
54.23
53.60
53.31
54.28
55.47
55.01
53.42
52.97
54.00
54.63
53.69
52.40
51.97
52.36
53.27
54.11
54.10
53.14
52.12
51.72
52.14
53.47
54.77
54.64
53.37
52.52
52.71
53.49
54.34
54.59
53.77
52.57
51.93
52.09
52.93
54.06
54.65
54.15
53.27
52.79
52.90
53.62
54.42
54.38
53.33
52.18
51.63
51.97
53.35
54.69
54.44
52.97
52.07
52.20
52.23
51.46
50.73
50.91
51.83
52.88
53.49
53.28
52.31
51.64
52.13
53.11
53.42
52.89
52.29
52.10
52.38
53.06
53.68
53.73
53.24
52.55
51.94
51.58
51.62
52.12
53.05
53.85
53.80
53.20
53.05
53.59
54.09
54.02
53.69
53.44
53.15
52.61
52.26
52.85
54.21
54.82
53.78
52.50
52.25
52.77
53.38
53.63
53.24
52.39
51.76
51.76
52.11
52.42
52.43
51.94
51.23
50.93
51.33
52.08
52.77
53.16
53.09
52.73
52.51
52.64
53.02
53.46
53.49
52.72
51.73
51.43
51.94
52.67
53.13
53.21
52.89
52.62
52.87
53.44
53.67
53.26
52.53
51.86
51.75
52.56
53.66
53.98
53.35
52.45
51.85
51.92
52.79
53.61
53.38
52.70
52.92
54.08
54.78
54.13
52.89
51.86
51.49
52.09
53.18
53.83
53.61
52.84
51.99
51.70
52.40
53.31
53.33
52.47
51.68
51.51
52.04
53.20
54.29
54.46
53.75
52.75
52.12
52.52
53.99
55.14
54.73
53.51
52.60
52.43
53.14
54.13
54.04
52.55
51.23
51.17
52.15
53.71
55.04
55.01
53.77
52.87
53.02
53.58
53.86
53.62
52.79
51.88
51.58
51.87
52.09
51.85
51.41
51.11
51.13
51.61
52.39
53.01
53.15
52.93
52.54
52.33
52.60
53.18
53.58
53.52
52.99
52.24
51.89
52.46
53.54
54.34
54.48
54.04
53.44
53.57
54.76
55.66
54.85
53.14
51.83
51.24
51.30
51.77
52.21
52.27
52.05
51.73
51.56
51.85
52.56
53.32
53.75
53.44
52.27
51.33
51.76
53.28
54.59
54.88
54.34
53.35
52.33
51.63
51.45
51.92
52.63
52.73
51.95
51.00
50.45
50.16
49.91
49.86
50.41
51.56
52.42
52.15
51.25
50.63
50.65
51.35
52.52
53.35
53.08
52.14
51.33
50.88
50.75
50.95
51.69
53.03
54.08
53.72
52.31
51.13
50.68
50.79
51.26
51.91
52.53
52.72
52.00
50.60
49.47
49.21
49.84
51.32
52.87
53.17
52.01
50.97
51.10
51.87
52.53
52.59
51.82
50.61
49.98
50.47
51.48
52.21
52.39
52.09
51.56
51.28
51.51
52.05
52.55
52.62
51.89
50.65
49.83
49.91
50.58
51.44
52.04
51.92
51.22
50.85
51.35
52.31
53.10
53.20
52.19
50.66
50.00
50.77
51.93
52.23
51.68
50.91
50.39
50.38
50.99
51.89
52.63
52.88
52.40
51.50
50.99
51.40
52.78
55.16
58.26
61.48
63.82
64.11
63.18
63.28
64.70
66.45
66.32
63.08
61.07
62.78
64.24
62.21
59.10
56.67
54.85
53.65
53.42
54.11
54.57
53.68
52.09
50.85
50.28
50.35
50.87
51.45
51.68
51.41
50.65
49.80
49.51
49.98
50.83
51.58
51.86
51.36
50.33
49.45
49.10
49.14
49.39
49.69
49.87
49.85
49.61
49.22
48.94
49.07
49.59
50.20
50.61
50.67
50.29
49.69
49.25
49.20
49.58
50.37
51.12
51.21
50.61
49.94
49.69
49.98
50.82
51.74
51.92
51.22
50.59
50.74
51.34
51.80
51.91
51.74
51.43
51.20
51.18
51.17
50.90
50.63
50.95
51.90
52.45
51.77
50.58
49.92
50.11
51.10
52.56
53.38
52.60
51.06
50.00
49.84
50.53
51.82
52.78
52.54
51.57
50.71
50.37
50.65
51.40
51.90
51.51
50.61
49.86
49.67
50.28
51.62
52.73
52.58
51.58
50.71
50.50
51.12
52.48
53.73
53.93
53.17
52.04
51.23
51.39
52.47
53.10
52.20
50.79
50.16
50.29
50.59
50.85
51.51
52.86
54.14
54.22
53.36
52.73
52.77
53.05
53.25
53.37
53.43
53.26
52.64
51.84
51.31
51.24
51.38
51.61
52.18
53.37
54.52
54.33
52.78
51.25
50.58
50.79
51.76
52.70
52.55
51.38
50.24
49.78
50.16
51.41
52.72
52.89
51.90
50.92
50.66
51.19
52.41
53.47
53.22
51.93
51.01
51.10
51.80
52.63
53.00
52.34
51.04
50.01
49.67
50.01
50.90
51.75
51.84
51.27
50.72
50.59
50.82
51.32
51.98
52.64
52.91
52.21
50.68
49.50
49.52
50.37
51.49
52.45
52.97
52.89
52.31
51.42
50.61
50.24
50.28
50.48
50.76
51.36
52.42
53.26
52.88
51.42
49.92
49.08
49.20
50.44
51.77
51.70
50.19
48.75
48.26
48.58
49.47
50.51
51.10
50.97
50.54
50.25
50.16
50.22
50.48
51.04
51.86
52.36
51.97
51.04
50.25
50.00
50.44
51.50
52.38
52.17
51.30
50.81
50.99
51.30
51.43
51.68
52.44
53.22
53.04
51.86
50.66
50.13
50.44
51.69
53.29
54.26
54.29
53.99
53.98
54.66
56.25
58.00
58.86
58.21
56.01
53.41
51.63
50.78
50.56
50.79
51.49
52.52
53.02
52.08
50.30
48.95
48.55
49.03
50.27
51.83
53.05
53.48
52.95
51.67
50.40
49.75
50.03
51.50
53.53
54.50
53.57
51.91
50.61
49.96
50.11
50.96
52.31
53.67
54.04
52.85
51.32
50.73
51.20
52.47
53.95
54.53
53.56
51.99
50.83
50.65
51.90
53.86
54.61
53.26
51.33
50.12
50.15
51.78
53.97
54.51
52.78
50.73
49.63
49.39
49.83
50.73
51.77
52.56
52.51
51.39
50.12
49.60
49.87
50.67
51.58
51.91
51.22
50.28
50.00
50.46
51.24
52.00
52.60
52.87
52.61
51.69
50.56
49.98
50.22
50.90
51.62
51.96
51.56
50.60
49.70
49.28
49.57
50.71
52.07
52.66
52.20
51.29
50.45
49.89
49.72
49.92
50.42
51.12
51.85
52.41
52.53
51.97
51.01
50.18
49.86
50.41
51.93
53.54
54.04
53.34
52.18
51.16
50.75
51.14
51.93
52.64
52.83
52.18
50.90
49.67
48.96
49.00
49.92
51.18
51.86
51.53
50.61
49.63
49.19
49.83
51.21
52.41
52.76
52.38
51.56
50.62
49.86
49.62
50.31
51.87
53.21
53.18
52.21
51.27
50.89
51.36
52.53
53.37
53.03
52.18
51.77
51.97
52.53
53.64
56.03
59.97
62.98
62.22
60.02
59.07
59.20
59.71
59.62
58.40
57.35
57.34
56.73
54.15
51.51
50.72
51.29
51.99
52.11
51.62
50.74
50.12
50.29
50.95
51.42
51.39
51.07
50.70
50.45
50.46
50.76
51.35
52.01
52.26
51.78
50.92
50.17
49.91
50.48
51.69
52.45
51.81
50.58
49.86
49.73
49.75
49.77
50.22
51.44
52.81
53.19
52.42
51.44
50.96
51.14
52.00
52.74
52.26
50.88
49.93
50.12
51.28
53.13
54.80
55.06
53.84
52.20
50.89
50.32
50.61
51.17
51.34
50.95
50.18
49.34
48.86
49.03
49.69
50.59
51.33
51.40
50.63
49.71
49.32
49.60
50.53
51.77
52.45
51.96
51.15
51.02
51.27
50.96
50.12
50.10
51.79
53.84
54.14
52.62
50.88
49.66
48.89
48.53
48.79
49.93
51.46
52.19
51.48
50.21
49.30
49.18
50.11
51.70
52.54
51.69
50.19
49.25
49.19
50.01
51.40
52.43
52.31
51.63
51.32
51.53
51.98
52.50
53.12
53.76
53.95
53.21
52.05
51.35
51.41
52.10
53.09
53.42
52.36
50.87
50.20
50.53
51.51
52.61
52.94
51.89
50.44
49.75
50.11
51.35
53.09
54.22
53.75
52.39
51.26
50.85
51.32
52.39
53.00
52.38
51.12
50.06
49.61
50.06
51.12
51.72
51.08
50.10
49.92
51.04
53.79
57.89
60.99
60.86
60.26
61.86
63.60
62.95
60.85
58.45
55.68
52.76
50.65
49.86
50.01
50.65
51.29
51.41
50.84
50.09
49.59
49.32
49.21
49.24
49.48
49.87
50.05
49.63
48.78
47.88
47.33
47.49
48.66
50.12
50.52
49.47
48.21
47.74
47.89
48.22
48.43
48.47
48.30
48.11
48.11
48.29
48.39
48.27
48.30
48.99
50.13
50.67
49.89
48.64
47.96
47.97
48.29
48.67
49.20
50.00
50.78
50.99
50.50
50.09
50.39
51.13
51.69
51.71
51.14
50.28
50.20
51.76
53.87
54.30
52.88
51.90
52.44
53.43
53.71
53.01
51.53
50.02
49.40
49.87
50.84
51.70
52.01
51.44
50.45
49.93
50.28
51.20
52.31
53.10
53.02
52.34
51.94
