632953 -0.23574725478234493
633400 -0.22201726669402577
633888 -0.16201870370075722
634385 -0.12438093136407147
634887 -0.1932194476765109
635376 -0.22570538668166162
635835 -0.29495875553200435
636273 -0.408233403758152
636366 -0.12646972366285414
636677 -0.2909478707617119
637058 -0.49239164445900463
637428 -0.3500137886456842
637797 -0.36634482735894563
638282 -0.471237896234444
638586 -0.1836056508896995
639087 -0.18470004760433822
639581 -0.19340161448074433
640085 -0.22665323961747091
640588 -0.29738833349465726
641041 -0.3787373329712015
641602 -0.11610627698795989
641800 -0.05171802362061717
641958 -0.29523738974083236
642395 -0.23164854826693848
642846 -0.19877067507630752
643309 -0.17395593920068253
644212 -0.2950691381237024
644656 -0.35398126309717437
645108 -0.2215601150555606
645565 -0.28005269088284995
646009 -0.31696215370003644
646460 -0.2670088303756992
646924 -0.2011425898654785
647399 -0.23981934335813115
647866 -0.24377533114749528
648343 -0.252603013265176
648820 -0.2634810705576197
649287 -0.27027002802334066
649757 -0.2664936547429389
650215 -0.27258799467176426
650659 -0.3252197787566878
651107 -0.2837988181779857
651552 -0.21433701215681406
651987 -0.3497789643788367
652406 -0.341916805634653
652838 -0.23579070695295562
653277 -0.2954375772139921
653715 -0.23086706931327733
654175 -0.3010641750049649
654615 -0.2764096434566842
655064 -0.2805967406387555
655497 -0.35606762538149456
655939 -0.2529014614789088
656365 -0.35143300051654935
656804 -0.2532403661764728
657257 -0.30028555271148566
657718 -0.2653147850502052
658189 -0.291700961896352
658666 -0.3215610375705584
659132 -0.33235347065574417
659600 -0.3166975193948372
660049 -0.3494716269593407
660508 -0.2766950700607851
660956 -0.21479570538171755
661412 -0.12685388093227734
661899 -0.17140024176686636
662447 -0.2728869319714617
