5093959 0.6332592083450967
5094624 0.6334097635682523
5095288 0.6434250191078941
5095951 0.6317725328113151
5096609 0.6206583911766632
5097270 0.6294545511924186
5097945 0.622214581246476
5098600 0.6187257048376178
5099238 0.6473549158403844
5099969 0.6060643218616314
5100621 0.6293725433005588
5101307 0.6154072986059679
5101981 0.6243435129875088
5102640 0.6262830551509351
5103299 0.6193166473576743
5103965 0.622927501138166
5104622 0.6270904839918368
5105306 0.6347357918373351
5105975 0.6309636983349118
5106665 0.6275986798322607
5107357 0.6187399608116629
5108016 0.6243260622085325
5108753 0.6204198512520622
5109454 0.6357916379345269
5110133 0.6320113013369287
5110778 0.629263134202204
5111428 0.6452530472243794
5112083 0.6327729307759727
5112721 0.6514917506315717
5113385 0.6492120091880462
5114077 0.6340844079185006
5114725 0.6318343627632139
5115402 0.6299321580842079
5116049 0.6375216586650774
5116756 0.6256348182702601
5117439 0.6363242490912913
5118101 0.6325239272189526
5118781 0.6211798996238694
5119456 0.6427612962131457
5120153 0.629895140085931
5120824 0.6284241996637099
5121485 0.6290523897081686
5122194 0.6129365301806874
5122850 0.6367470134516641
5123514 0.6302749182398054
