2848402 0.6458671362240453
2848794 0.7834595204768756
2849189 1.0007207544624745
2849579 0.6108662773088729
2849991 0.6837176336898886
2850398 0.6241536107245576
2850822 0.765416336256065
2851243 0.807191712305031
2851668 0.9534938079543643
2852077 0.7470867164339375
2852481 0.69972451563241
2852894 0.7916366560173974
2853309 0.8903755804349502
2853721 0.8295497627255928
2854117 0.7709753754771533
2854531 0.885346118177319
2854936 0.7751639556733549
2855348 0.8487425985978851
2855756 0.6449876103769483
2856156 0.6653733940301341
2856567 0.6975315783962259
2856984 0.645929553380926
2857415 0.6717717199216289
2857849 0.7865762971024872
2858283 0.6750599486901552
2858698 0.7392562314390614
2859113 0.6678378509682068
2859515 0.705125350786812
2859907 0.7971811979220542
2860289 0.6562511265611134
2860675 0.659456207917164
2861063 0.6681132564164534
2861462 0.7302641587779162
2861867 0.7199299432725211
2862267 0.6328061743498915
2862671 0.6920583278419254
2863078 0.719195001401584
2863488 0.7125828814514181
2863894 0.4706799481028392
2864262 0.46251204279023117
2864652 0.503156968927611
2865035 0.5266682888608352
2865434 0.5206754679722727
2865849 0.553560262046092
2866277 0.5168683441473635
2866697 0.5681529112583519
2867120 0.6450013576130443
2867549 0.5913695807186554
2867968 0.6248161030617951
2868393 0.9229481628052849
2868800 0.6246481062124021
2869208 0.6290173737513451
2869630 0.6544900968969087
2870062 0.6963979703539738
2870505 0.6975002369680685
2870962 0.7272742042014415
2871428 0.7574836274159392
2871864 0.63049871407916
2872287 0.6112102386232193
2872713 0.692663453836949
2873146 0.7583903047439046
2873575 0.777865362899552
2874003 1.0845391449581694
2874412 0.7891661672418459
2874814 0.7941970029143576
2875211 0.7900157402965678
2875616 0.7430187968352246
2876025 0.7660731791765694
2876456 0.8308172539237553
2876892 0.751214521202854
2877348 0.8274255223394109
2877820 0.7333688241076941
