124020 0.3243893282098297
124669 0.2615211759783852
125321 0.32079586129749693
125982 0.31357612742235924
126620 0.25697557536340787
127260 0.3072888558491318
127909 0.2768028276777392
128544 0.3026884851319527
129187 0.31879542796393123
129811 0.24995248532506142
130447 0.31366822200079303
131103 0.3181825464651722
131760 0.2554083008455881
132381 0.3104776813670489
133018 0.2842213521327872
133635 0.2907816535595993
134291 0.33347571102729495
134941 0.25613151113992955
135619 0.32748708180790054
136294 0.33745673393288095
136929 0.2470189638340355
137597 0.32771812112172466
138268 0.2837891444035839
138920 0.3006162661765512
139590 0.32174118863191087
140227 0.2660701054304365
140885 0.3192530375740753
141537 0.2740156176378583
142192 0.295721898512855
142878 0.32256568964352783
143540 0.26512695852816076
144200 0.32014838383023914
144858 0.3031447590062176
145496 0.2482041946685969
146138 0.3241864278917707
146771 0.2804739812309104
147401 0.29283374753290603
148040 0.32571082777265326
148658 0.25454626847605644
149289 0.3136226541208104
149937 0.31969228561792196
150580 0.26177137895127556
151220 0.3226196719046603
151850 0.2915822380091272
152475 0.2731955002813218
153123 0.32923497782189454
