3866158 0.16600135580388448
3866748 0.21381343708781209
3867342 0.20662891944177372
3867958 0.18595303876200825
3868583 0.2262264100622047
3869208 0.17383782698593486
3869814 0.20270722551388076
3870436 0.22093599687262225
3871037 0.16872828168858905
3871623 0.21156402347085196
3872215 0.2139375032341071
3872809 0.16793981676841346
3873418 0.21584697336837
3874054 0.1803503266403133
3874676 0.21054146709709792
3875300 0.216357649344696
3875911 0.16851163914886536
3876516 0.2310058261741128
3877125 0.19008715583564173
3877715 0.1740826833562812
3878324 0.2253415567143948
3878936 0.17957473588317452
3879548 0.19515558968722024
3880172 0.2321812976550737
3880814 0.180707029815462
3881441 0.21298892057944874
3882081 0.22168478003507203
3882723 0.18545896978611837
3883359 0.22679825314937996
3883985 0.17419780196330675
3884597 0.2103068881251679
3885219 0.21571586834011972
3885837 0.1702870098936688
3886464 0.2236062937927149
3887097 0.18182847008211928
3887715 0.21135966113476268
3888347 0.20181812036593877
3888962 0.18483371252315184
3889574 0.21307398985123122
3890181 0.1885591190785168
3890780 0.20571543025797506
3891451 0.21767943500367337
3892111 0.17625165401687415
3892750 0.21703251183657019
3893412 0.21236931522958657
3894070 0.20203578875169587
3894758 0.22692049339550233
3895432 0.17517911777557682
