2459186 -0.07961670144085298
2459812 -0.08492119979813473
2460418 -0.1029299252876591
2461045 -0.07959159285254991
2461681 -0.07388018737336399
2462302 -0.10303209912997047
2462918 -0.06956575938136955
2463557 -0.07336274008654275
2464176 -0.10327970685798815
2464781 -0.0790795907684475
2465391 -0.05619072998980057
2465997 -0.11842268948470724
2466587 -0.11287529861076129
2467192 -0.059799790996364566
2467809 -0.08497895383875309
2468412 -0.1697600474513894
2469029 -0.05221590657035968
2469639 -0.08830508313176366
2470218 -0.11077228154099783
2470797 -0.04863538308962778
2471418 -0.07992091002341883
2472016 -0.12948225919690382
2472621 -0.06662618379578494
2473242 -0.08583266367989056
2473846 -0.13451358399704816
2474458 -0.07242579608579852
2475068 -0.09300232414890475
2475655 -0.12580100711384962
2476234 -0.06495711565284659
2476822 -0.0866782756619445
2477397 -0.11255439130191712
2477973 -0.08548341958927949
2478596 -0.07563815509080063
2479246 -0.10526108189154948
2479868 -0.08340492082821682
2480506 -0.07027756039817701
2481143 -0.09797691782192952
2481756 -0.07897784336266073
2482365 -0.07077402613762312
2482972 -0.10211324187622073
2483562 -0.10230690226954958
2484155 -0.07757960711680928
2484747 -0.10827645113396994
2485327 -0.07834817664678748
2485929 -0.07223657903705524
2486534 -0.1077064460113133
2487121 -0.11124929651162158
2487710 -0.06997052515893762
2488296 -0.11368301826878496
2488867 -0.128262892270039
