2848535 0.17652792982691434
2849090 0.2005389168387828
2849666 0.2293151025683948
2850247 0.18024916253559842
2850820 0.20430070706742284
2851420 0.2097121674772529
2852019 0.1771221240860577
2852595 0.1890333536190524
2853188 0.20609538565715058
2853771 0.16911458742702123
2854345 0.1954157905727218
2854935 0.21556265892878626
2855520 0.17201319165802337
2856112 0.2122763559339565
2856727 0.20645827324789204
2857328 0.16477476589101156
2857924 0.2042647093508712
2858530 0.2010466369088664
2859129 0.17427536964900253
2859728 0.20879591627794425
2860337 0.20370942122797148
2860916 0.1712861062049959
2861502 0.20136880810292568
2862110 0.20634571009053443
2862695 0.18058535924519695
2863267 0.2096676117930906
2863857 0.20148909425221206
2864454 0.1839924813405082
2865049 0.20541429554612456
2865669 0.19511441225522091
2866279 0.18225213608231774
2866887 0.19285591656464182
2867508 0.20586360546782778
2868114 0.18531317470891304
2868707 0.1948934975784262
2869307 0.20299728354485674
2869907 0.18135241444942593
2870490 0.19000057544033477
2871089 0.19630515601197443
2871689 0.17831823065302002
2872260 0.2075172610713187
2872841 0.211504385899338
2873420 0.1723179463879058
2873997 0.19616660049061863
2874589 0.20314045450813067
2875167 0.1748296329157819
2875728 0.19877036708112286
2876306 0.2074888722409703
2876874 0.17338285251613558
2877446 0.19838304855970756
2878033 0.1978323327872188
