4465284 -0.11649242131254217
4465902 -0.07554216597433072
4466586 -0.13514193686152576
4467212 -0.1174448413671278
4467834 -0.07873861025758877
4468451 -0.10848395278558498
4469060 -0.05687476132993946
4469751 -0.08992335981124072
4470398 -0.097647141120774
4471067 -0.09893790061415397
4471715 -0.10648949070610392
4472342 -0.08218896657188618
4472978 -0.08315830018610898
4473582 -0.11483771224598105
4474263 -0.07406575986771369
4474919 -0.10816518213636395
4475544 -0.09094321095880015
4476191 -0.08714538934765809
4476840 -0.10104578254545049
4477463 -0.07167413505796177
4478101 -0.11049378335717414
4478712 -0.10361979732203147
4479332 -0.07586864570456087
4479943 -0.0989586449933425
4480541 -0.0792564290737976
4481221 -0.09533444950234587
4481865 -0.10203909331715272
4482518 -0.08192558472174838
4483155 -0.11263128919304533
4483764 -0.06959469886835834
4484404 -0.08279114530522136
4485030 -0.10636367197237956
4485656 -0.06956625044745152
4486303 -0.10983723593107275
4486920 -0.09910740865106399
4487598 -0.08223502060332144
4488254 -0.1205554131701348
4488864 -0.0690686927636483
4489563 -0.10732625975316096
4490197 -0.11436752841356851
4490838 -0.08164848603353742
4491485 -0.10825942541974687
4492092 -0.0854503463160119
4492718 -0.08369999503989678
4493325 -0.09257841216527557
4493930 -0.08245119517726601
4494581 -0.07642833761078899
