2878186 0.18597484222538976
2878781 0.20432580058824334
2879399 0.21196198227075094
2879995 0.1748323040249463
2880598 0.20768121857402475
2881207 0.2107341712476511
2881796 0.17728649412956551
2882399 0.2192259081531449
2883005 0.2020177427394076
2883598 0.1853889349078856
2884200 0.21867224238320865
2884802 0.19572985010934135
2885384 0.19757401471408417
2885995 0.2255528607546468
2886616 0.19437614435453265
2887206 0.18947851214217284
2887829 0.22308460183783754
2888437 0.17308829446265162
2889024 0.19370216473337176
2889631 0.2213537185362752
2890247 0.19306514877644687
2890833 0.19689220604400018
2891438 0.2163141389784684
2892024 0.17828269973899577
2892623 0.21193716833876722
2893214 0.1726727043789122
2893797 0.19517019356529186
2894404 0.22795823296826595
2895009 0.16488633203928196
2895623 0.20811669131261962
2896248 0.21332431912944222
2896855 0.17912696859947863
2897468 0.21604791200577714
2898085 0.22274376729247242
2898686 0.17436349858334946
2899304 0.20916970760835688
2899920 0.21157193450379394
2900522 0.19232649835898397
2901141 0.2257973846714458
2901755 0.209837630204578
2902352 0.18888971828190373
2902961 0.210307262815344
2903563 0.17888701914562674
2904149 0.2101238212148452
2904769 0.22124407944775826
2905384 0.18014134032169649
2906005 0.21577741714538212
2906642 0.22890854871845195
2907260 0.1676924042049937
2907881 0.21297498868746648
