3477310 -0.21101803765457394
3477811 -0.1962499826493393
3478313 -0.19789181790355326
3478830 -0.18931334905396258
3479386 -0.20137748054708787
3479925 -0.23636005010161804
3480457 -0.24083260820378932
3480976 -0.20404567692661235
3481492 -0.20851889717858224
3482049 -0.20380231045856362
3482576 -0.20695805482349428
3483067 -0.20995410406715886
3483578 -0.2022406696923883
3484107 -0.19403017743658513
3484678 -0.1823652035375133
3485251 -0.20376763450633856
3485812 -0.2560086383888375
3486353 -0.20735212206293085
3486898 -0.19708675881914073
3487439 -0.1911575059028937
3487979 -0.2058295832420729
3488534 -0.18649345636464792
3489114 -0.20152640888775258
3489646 -0.25153044467197416
3490193 -0.17802132506556106
3490730 -0.18729379723699568
3491270 -0.19124115962695248
3491815 -0.20273266821996505
3492367 -0.24669489072618644
3492897 -0.1927038661968613
3493448 -0.16838317771996691
3493999 -0.1710334430355745
3494513 -0.24404718068478526
3495013 -0.4218452788443924
3495476 -0.27788993980894094
3495954 -0.2076656801408075
3496426 -0.2700286571840507
3496898 -0.26096224097473286
3497370 -0.2127775169829736
3497852 -0.1821310880453016
3498365 -0.20657314470352217
3498859 -0.2425991397848521
3499385 -0.18672062891137764
3499901 -0.27391874438906105
3500395 -0.248197441588842
3500904 -0.23489360754228933
3501388 -0.26622371058986066
3501903 -0.21828479449267302
3502467 -0.2127003422850514
3503036 -0.22046476779435076
3503616 -0.22308163093466693
3504189 -0.25033212016550954
3504772 -0.23017390983986719
3505340 -0.2341684382593972
3505906 -0.27903012949992845
3506422 -0.2250079454680851
