2549226 -0.22884812103647856
2549693 -0.1870359358985484
2550158 -0.31380049770170226
2550605 -0.22454443795787016
2551067 -0.20005266428859203
2551545 -0.20778198296487993
2552033 -0.27745993382261247
2552509 -0.3534681117488224
2552974 -0.2994120217495909
2553423 -0.31300002241845715
2553860 -0.25017386752639703
2554318 -0.21605997199075627
2554801 -0.277342724487677
2555285 -0.2380643846318522
2555776 -0.1416424603855415
2556260 -0.30699015568423604
2556739 -0.2765609011527448
2557223 -0.17185486316744647
2557694 -0.2574305959420173
2558167 -0.1482289381670565
2558639 -0.2100058311392039
2559097 -0.1946413492817074
2559567 -0.20383977929457409
2560033 -0.3324082852953868
2560498 -0.3172563156500474
2560931 -0.28431900479448935
2561371 -0.26162778072928256
2561823 -0.20538389247434297
2562273 -0.2829627853827079
2562698 -0.32925410258115684
2563102 -0.34906836265722624
2563512 -0.2808217857702054
2563940 -0.25478534336463915
2564405 -0.2409794703002005
2564882 -0.26833150366697917
2565403 -0.20114375792492145
2565935 -0.23136111647943686
2566460 -0.25567202776858644
2566955 -0.3979146901378189
2567412 -0.41062586210263846
2567872 -0.2766245466114959
2568346 -0.25645467249501336
2568840 -0.29707530356997536
2569335 -0.259035126164093
2569850 -0.31463269405615596
2570366 -0.26065313192743944
2570913 -0.21355179538504704
2571449 -0.30108349169568455
2571940 -0.26184886063457125
2572428 -0.362524238366676
2572915 -0.1852125014380357
2573422 -0.1810841726438956
2573950 -0.17913136110085776
2574484 -0.2103770857841889
2575015 -0.22912403970729983
2575536 -0.33995052362934064
2576011 -0.37681259718786886
2576467 -0.27966395552175805
2576931 -0.25627720305050183
2577408 -0.2762464208161353
2577898 -0.3449771127929895
2578389 -0.30492002077636726
