5513218 0.4207765547843502
5513681 0.44393675384890474
5514142 0.42399605746774677
5514587 0.4235311379920088
5515050 0.3891237103801053
5515520 0.4419000332314275
5515985 0.3809251328522839
5516429 0.3967728044076041
5516882 0.41985604870148435
5517319 0.386344879522752
5517766 0.421780090170532
5518221 0.44124589065709724
5518662 0.45401666972999744
5519091 0.3633306747430637
5519540 0.4325806322204644
5519975 0.4623799652289815
5520397 0.3986102193273561
5520833 0.42728046901760797
5521261 0.46684230510093244
5521676 0.42424974212821875
5522108 0.4198340281536163
5522544 0.3846855794611951
5522984 0.40383394094436176
5523418 0.44082453851070286
5523864 0.4261040267153701
5524322 0.4412520044458464
5524785 0.4315838399296296
5525238 0.4346873131507347
5525696 0.40841291289510717
5526162 0.4450411762182249
5526615 0.44959014715787593
5527094 0.44028940263768923
5527544 0.4828347073361692
5527956 0.3876243326720398
5528364 0.38498069687591613
5528792 0.4175539238631881
5529224 0.39945487339207575
5529684 0.3651069516494235
5530152 0.42833643932530124
5530616 0.3263421793324005
5531072 0.4046825762163899
5531520 0.33967197305265606
5531967 0.400858653914164
5532216 0.06899140573818274
5532419 0.37857636569182296
5532852 0.3639696846315518
5533308 0.3813516950121732
5533753 0.3466713150891195
5534215 0.4690021358050801
5534684 0.3875793770679981
5535157 0.46557017845378074
5535618 0.5825716949542055
5536062 0.44788398571123345
5536513 0.5539082911347303
5536951 0.48758585008152144
5537391 0.46653334209666864
5537837 0.3932655942890966
5538277 0.5065242138445568
5538717 0.5489193741236481
5539172 0.4659648845034997
5539638 0.550900296073693
5540071 0.5120596613865382
5540503 0.3572488734837416
5540936 0.48640547117667543
5541372 0.535963449508385
5541794 0.44729383678333673
5542223 0.45895670676653644
5542315 0.06951224325446459
5542640 0.42873850201654595
