4345278 -0.27598332878323084
4345705 -0.2767883988840965
4346141 -0.1325167765357883
4346578 -0.20351376468640137
4347029 -0.17795056943351428
4347506 -0.2686753540329959
4347959 -0.17489739068319687
4348405 -0.15937648952811345
4348898 -0.21025485704911195
4349354 -0.21913966375143534
4349847 -0.09213238624037479
4350249 -0.22014302813185804
4350670 -0.2824896956701832
4351083 -0.28756794084132986
4351505 -0.24103211908512412
4351933 -0.2812258072832915
4352365 -0.29444340867908914
4352799 -0.20641648096176335
4353247 -0.19858312283670443
4353710 -0.265393107983255
4354181 -0.19931407599969542
4354639 -0.26250767767667715
4355087 -0.27383037401939836
4355540 -0.27539380127512836
4355971 -0.23970915067287835
4356399 -0.26183731985298386
4356843 -0.2561010596963391
4357322 -0.2219833956756586
4357779 -0.20720116517892817
4358226 -0.23150118147974452
4358665 -0.2659084022152438
4359091 -0.256047097013366
4359526 -0.18751950597803368
4359966 -0.2003556113655851
4360416 -0.3031881374311879
4360914 -0.22256913474631412
4361370 -0.27415474044441057
4361816 -0.22193912699345925
4362266 -0.186786806060675
4362714 -0.2582072880655605
4363191 -0.20770902642464023
4363648 -0.24393952642207312
4364094 -0.2242478069408656
4364547 -0.2338331800980955
4365000 -0.2562974007136076
4365473 -0.24839923198444425
4365931 -0.24098508202453273
4366376 -0.29294422586612545
4366849 -0.20351533035490688
4367320 -0.2767130185067357
4367771 -0.27067866505233545
4368205 -0.2523688729700208
4368639 -0.21858946922236377
4369078 -0.24534930448556358
4369512 -0.3134146971510014
4369954 -0.22644949750565874
4370422 -0.21221437695428613
4370893 -0.3236333576201058
4371340 -0.25544167607259016
4371788 -0.26612931161889003
4372236 -0.30352780377784144
4372675 -0.27153548550228446
4373121 -0.21582481446279422
4373600 -0.24338969265298116
4374048 -0.2938538910269786
4374499 -0.2502064730218071
4374944 -0.27153236893513166
