2070160 -0.2208550291467592
2070655 -0.21334816766430975
2071143 -0.21320239657749623
2071629 -0.28971120528115496
2072079 -0.23243549758348742
2072513 -0.20500932374625158
2072956 -0.20674238821371949
2073407 -0.20250161888613677
2073850 -0.24145207370902833
2074291 -0.1862086512467359
2074793 -0.21013091299404263
2075291 -0.1915303131056268
2075780 -0.2572928442406928
2076254 -0.21827959282503873
2076702 -0.2580065710672706
2077137 -0.2226836418595023
2077583 -0.21249167183454032
2078034 -0.17817820995609512
2078487 -0.24741094253164864
2078965 -0.22892707639366744
2079435 -0.19638464455329768
2079906 -0.21977298266233075
2080383 -0.19723278873506145
2080858 -0.250103475906349
2081318 -0.311304315240848
2081772 -0.23186474681254626
2082224 -0.29312346723787003
2082657 -0.23266461290264823
2083091 -0.43382699688797705
2083514 -0.3399593895223874
2083944 -0.2884141687200975
2084375 -0.2605937956270682
2084800 -0.23109203785146365
2085240 -0.21126664650759108
2085683 -0.21442850985920325
2086119 -0.24396634193800804
2086563 -0.20558579555743972
2087014 -0.2245911974308289
2087467 -0.20781139185633368
2087951 -0.19597477430609356
2088417 -0.2380108008758019
2088891 -0.2020424414635515
2089390 -0.1927762017366894
2089860 -0.2281462144056393
2090329 -0.15571491123447007
2090790 -0.19409673090487073
2091283 -0.1487937167699525
2091749 -0.20119588047068154
2092203 -0.19952736765229506
2092673 -0.15237201997727062
2093209 -0.14854959912883542
2093741 -0.20561050379058005
2094213 -0.1910630256246294
2094672 -0.20268300323613314
2095110 -0.28500958360646944
2095549 -0.13715543680203657
2095979 -0.16680919863960464
2096396 -0.23113886538367046
2096827 -0.2170960625349922
2097284 -0.18625086523989476
2097753 -0.1820694301992818
2098236 -0.13201094493997084
2098804 -0.13734732995836907
2099355 -0.14730811467419597
