4075756 0.16801467777842938
4076327 0.21525528717183268
4076942 0.2134429498682856
4077547 0.17001417556216575
4078144 0.2043802342622174
4078755 0.1912045963513686
4079355 0.19374074724149293
4079970 0.21148597019726295
4080580 0.1687244996420667
4081170 0.2203345879103054
4081772 0.19676667327841818
4082352 0.1717221217796142
4082954 0.2204233819533047
4083590 0.17742814042716032
4084195 0.19336920048430756
4084802 0.21682843536711238
4085379 0.1672552133538357
4085964 0.2120722799899396
4086553 0.20166394950105848
4087130 0.16488072204549326
4087718 0.2079941128694172
4088342 0.21091886307407448
4088953 0.16222603989516893
4089550 0.21220266068526755
4090147 0.18701028820817156
4090733 0.17871561094634297
4091330 0.21961679051217756
4091947 0.18215420427874746
4092548 0.19124942409471268
4093160 0.21054804926724635
4093791 0.1694585520019669
4094420 0.20857609202661084
4095049 0.22469380438477693
4095664 0.1621697979061168
4096258 0.2097816811196629
4096848 0.19754083388242688
4097419 0.17801201782008313
4098003 0.20763378017998796
4098592 0.17261111277138413
4099164 0.19389074652805127
4099749 0.2255560428842041
4100335 0.16603437939734883
4100921 0.21718121773592414
4101514 0.19098745180835575
4102111 0.19527935424110404
4102712 0.21297243462948423
4103310 0.1830111769886636
4103884 0.20334108919477556
4104530 0.2306700402859763
4105187 0.1706418029797777
