3985941 0.7611263153849488
3986513 0.8051080201676977
3987046 0.692901338311878
3987513 0.48121636631339343
3987947 0.45166967244184075
3988428 0.5147943736327707
3988949 0.5460439237125199
3989496 0.5694575276268211
3990093 0.5643970221595975
3990654 0.5382019468782268
3991246 0.5469208082092641
3991804 0.5560476608055314
3992376 0.5709688889660283
3992899 0.5672957860885073
3993416 0.600062201727138
3993936 0.5695930428402923
3994442 0.5601154297068635
3994992 0.5612424891584771
3995580 0.5729236489326461
3996171 0.5594278598090496
3996785 0.576162905096899
3997359 0.5753629257180408
3997909 0.6000832596161692
3998450 0.6444721322336897
3998977 0.6409865975018723
3999455 0.6045815090420099
3999953 0.6342077290959597
4000444 0.6207154988889436
4000968 0.6443703316107796
4001498 0.6321867390255334
4002092 0.6578297339606933
4002639 0.6301919603590506
4003167 0.6418578043396971
4003694 0.6348721897773492
4004227 0.6166511762226805
4004735 0.6290841190537736
4005258 0.6293400814476875
4005771 0.6194555430809705
4006310 0.6394260278818205
4006864 0.6602444128773691
4007386 0.621558683341681
4007969 0.6320078292971332
4008540 0.6371698359352058
4009184 0.6234608935482775
4009748 0.6340521202268439
4010258 0.6238474430866727
4010774 0.631925520475189
4011321 0.6361340830371839
4011874 0.651029926655645
4012484 0.6371038720680868
4013026 0.6091374554862643
4013564 0.6058983554051983
4014108 0.6442506593098847
4014720 0.6200160985387679
4015285 0.6441381635466985
4015827 0.6422275568863274
