5602829 0.7944745301107651
5603226 0.8129049709081929
5603600 0.7930537243208032
5603976 0.7571895314052604
5604341 0.7766822954986348
5604710 0.8614444365475826
5605080 0.8812053734718481
5605456 0.4872201176896397
5605830 0.6398162673551128
5606197 0.5314022783330563
5606571 0.5403136256221199
5606951 0.6295059450320806
5607325 0.7109568237439187
5607702 0.7837755830569944
5608077 0.7033770423794102
5608453 0.6964694236861281
5608819 0.7111919524902548
5609188 0.6931569266065589
5609545 0.5840437233991062
5609899 0.7273884361089451
5610252 0.7571836072101292
5610596 0.6463259336080983
5610941 0.5847053352746017
5611290 0.6190564299424148
5611637 0.6052344789831671
5611979 0.5685637789378345
5612320 0.6691190486267484
5612665 0.6018015045119232
5612785 0.4667603476920747
5613011 0.5798505834452472
5613356 0.4778264814863767
5613701 0.5353497510875249
5614048 0.48743466611402714
5614396 0.4930323545602884
5614742 0.4648324898212023
5615088 0.377832124669198
5615322 0.19186758869987486
5615439 0.3902080675745796
5615792 0.4772011674597155
5616144 0.3086715898534597
5616499 0.5635322928932966
5616859 0.5323077989637253
5617208 0.29256729461872133
5617904 0.49995173907417645
5618246 0.4461295547920636
5618580 0.3769464813178443
5618914 0.48450046647401895
5619244 0.5681010269838767
5619563 0.5499110136709245
5619878 0.5235461816014071
5620183 0.5994924555760673
5620492 0.6862543551502964
5620793 0.5166503334856131
5621100 0.7122553159098503
5621413 0.8014953708851548
5621734 0.6376903379447532
5622069 0.693912502769518
5622414 0.6430134110212754
5622786 0.6884935960781197
5623167 0.762645327428792
5623547 0.6479154621962769
5623929 0.6766911022445927
5624325 0.611497795969865
5624726 0.6723853418252446
5625124 0.6677706597045707
5625524 0.6946765055095472
5625929 0.6599078841575754
5626320 0.5694986892896674
5626689 0.5393633222206333
5627066 0.6082685971573131
5627438 0.4523331351144958
5627804 0.4832941961670455
5628180 0.44478076932374444
5628555 0.4188570309988893
5628931 0.6154964542206058
5629304 0.5070627124664627
5629660 0.6267683460455997
5630014 0.37088964809845937
5630359 0.6314394499263589
5630700 0.4755409210142918
5631039 0.6967080913337953
5631379 0.5868940021344577
5631721 0.6317523441498751
5632067 0.7428928353723618
5632427 0.700366501254147
