5542785 0.4717082735547887
5543350 0.41470588751828147
5543923 0.4357315391882839
5544520 0.49097471896068323
5545110 0.39661825885021335
5545691 0.4570352421205226
5546278 0.49741292355254674
5546868 0.4062848736664323
5547462 0.43406786877949727
5548086 0.49557642112236944
5548695 0.40437563984122404
5549300 0.45192098912503126
5549930 0.49704594738327473
5550561 0.40448437675777654
5551196 0.4874030164313759
5551827 0.4702144606278172
5552438 0.39581448785579026
5553048 0.49124218945730835
5553665 0.41794828986978716
5554277 0.4597937226118491
5554890 0.49910495865063187
5555497 0.385355774618065
5556112 0.4848421420424676
5556737 0.47973405774634786
5557346 0.3859914398517309
5557954 0.4781936513123473
5558577 0.48786026510525854
5559184 0.404506416868683
5559807 0.4890846065461137
5560419 0.42750444740537985
5561026 0.4543726884416561
5561638 0.48112328145716377
5562252 0.39870818906864264
5562866 0.48949958403267557
5563478 0.43291101915161384
5564087 0.4504893532337948
5564704 0.4996511801027384
5565307 0.40224591031032764
5565907 0.48190617264594715
5566521 0.45221769672874934
5567126 0.42392737623660515
5567714 0.4932005327540781
5568313 0.4176846065955025
5568911 0.4638323080887547
5569521 0.5001583411178161
5570115 0.3860154577517683
5570709 0.495907422319432
5571320 0.49387977388848414
5571933 0.38805875167590215
