543023 0.465666435873458
543455 0.41133567713918934
543918 0.43052184803084104
544405 0.5092096719254081
544844 0.5103105893616581
545265 0.48154987243051484
545721 0.517836277409492
546180 0.4889156300149302
546686 0.47276515977279177
547167 0.547349787901042
547629 0.570137506236126
548120 0.45944387050106283
548604 0.5418542755633152
549089 0.5360030464171422
549570 0.5647627202998448
550041 0.6469997353701881
550514 0.5888183193445699
550955 0.5840499213499561
551404 0.5517127893486317
551859 0.5226775494753895
552310 0.6112691424291639
552781 0.541082683419934
553264 0.5562750687031615
553744 0.46494528969055626
554237 0.5935032999526391
554710 0.5540238738521566
555162 0.4940228480924357
555308 0.21121287584028592
555421 -0.02301858962501324
555605 0.5538566460814276
556037 0.6496464518717608
556464 0.5007259546198337
556901 0.588374480429539
557345 0.6201726898720964
557816 0.6282135625035772
558287 0.5930212392962615
558783 0.5899960143772527
559287 0.6110361230060452
559465 0.0
559784 0.6258809019470091
560245 0.4593994163696353
560699 0.5923267971002399
561134 0.5901762305524525
561534 0.7523329039228717
561942 0.6101816514739435
562334 0.6430873745740234
562730 0.6762604660101349
563513 0.5346054275237327
563887 0.4423394947883512
564262 0.5422284909088761
564636 0.529532228397801
565004 0.3698721915240633
565373 0.41065501403907745
565745 0.408799898365193
566136 0.3263323271889865
566501 0.3610650235459378
566906 0.35293779778530837
567313 0.4224704393719632
567728 0.4084063586899273
568134 0.41614657210582784
568556 0.42751768144281554
568985 0.3998975255443601
569407 0.48254215146029616
569816 0.6388333499934014
570220 0.4350315145384749
570618 0.21200453513469908
571010 0.7183294492149973
571406 0.5155731008567547
571808 0.5433772462286861
572221 0.4909364810509634
572649 0.5242759345827599
