2159771 0.7141199377957936
2160271 0.696629848305969
2160743 0.6883366357743397
2161234 0.7355875711359852
2161725 0.7297209858788547
2162223 0.7316942711874357
2162744 0.7257200568034383
2163246 0.7025526339087975
2163742 0.705199671072557
2164214 0.6694524811799802
2164677 0.664939002044174
2165162 0.7484863188786439
2165628 0.7191462058873496
2166065 0.7208828819700375
2166494 0.7275363860705168
2166906 0.6437695581761654
2167343 0.7063782200209241
2167784 0.6824347654537962
2168219 0.6625170060852811
2168678 0.712383550280423
2169183 0.6921632134929108
2169656 0.6935048047823229
2170143 0.732093398105137
2170611 0.6640329536026971
2171060 0.669690555294389
2171527 0.7393007231189196
2172042 0.7070935183467667
2172515 0.6719213945665696
2172994 0.7191780110618436
2173486 0.73007685225381
2173985 0.6993790616773397
2174490 0.6737760151533628
2174969 0.7175744362788382
2175478 0.7243439639142151
2175977 0.6809240218105588
2176436 0.6887623437501587
2176898 0.7370493832885303
2177361 0.7224755030908894
2177833 0.6968544048967814
2178269 0.735858529904531
2178683 0.6581462595359169
2179117 0.718322462514439
2179551 0.6583168860145905
2179976 0.6764576103405705
2180425 0.7471255201638255
2180889 0.734916564212583
2181357 0.6355360557653656
2181812 0.6907585130550112
2182280 0.752145696861797
2182769 0.6525153831142364
2183243 0.6825043533588458
2183729 0.6738090818644966
2184220 0.6915747976398039
2184679 0.666727917244007
2185157 0.6996845329127505
2185665 0.7319048067223128
2186223 0.7019474665637041
2186741 0.7156281581973898
2187242 0.7062455490818933
2187790 0.7269626605264865
2188308 0.7320955761526543
2188785 0.6837011897348635
2189269 0.713933882996656
