453102 0.5257909749289776
453525 0.5132711980167536
453955 0.4942077063188262
454385 0.5091960740420888
454823 0.5256371769805478
455268 0.5312834829395789
455721 0.4935770931715133
456187 0.6184105054171192
456611 0.4777153511026948
457016 0.5235324244605175
457412 0.5079574371606683
457815 0.5635329194187101
458229 0.7634002562828177
458639 0.5771891207274953
459053 0.5273942376048825
459478 0.5814411478539548
459893 0.5627572908794021
460314 0.556185207204755
460725 0.5685560938400268
461155 0.5885749664729677
461604 0.6204768890517858
462052 0.5933789882135001
462510 0.6235328670844542
462955 0.5929731202448965
463423 0.5671373982108281
463882 0.5763218466891017
464342 0.5311118599939052
464799 0.6429555520129524
465235 0.5632854325172948
465690 0.5270897181995665
466119 0.5229203852701502
466553 0.5253950380036891
466966 0.45343028180121736
467365 0.5765214468852755
467768 0.6516777896125203
468169 0.739308466531656
468570 0.7206476730347688
468979 0.7468666200272733
469392 0.5842685835974113
469802 0.6655657810101925
470207 0.690126548291289
470621 0.6211637029101309
471016 0.6189165786166517
471424 0.6954052235557666
471814 0.5992138280884212
472215 0.672660039384493
472610 0.47702777297633103
473000 0.6541138381682208
473385 0.5793095103797001
473528 0.09989570044537821
473765 0.5551896499840435
473990 0.012251003004641992
474148 0.7336810306997562
474528 0.5214095349883763
474906 0.6657307831084933
475272 0.44839888793921734
475630 0.31200676023747953
475988 0.45419705782626824
476352 0.5752799968267702
476726 0.6815754795769863
477102 0.7047193300321164
477482 0.7275608132372966
477858 0.6982411378420106
478228 0.7682657428396349
478584 0.5559561315690218
478950 0.6298030374125227
479332 0.7353302552683544
479727 0.6931133654872147
480130 0.5877582496408245
480525 0.5277479904141413
480933 0.6080361696592932
481339 0.6733774846964753
481757 0.6561509590745447
482183 0.6362677421146404
482595 0.5987953115342647
482997 0.5552704172771228
