3297424 -0.12804406507037003
3297960 -0.18914404667764195
3298342 -0.10272054247530793
3298655 -0.3184716889746291
3299064 -0.3115198686357603
3299487 -0.1773402823303214
3299895 -0.2942159057076301
3300291 -0.2938986371615073
3300688 -0.3528904345831756
3300961 -0.3234200414223867
3301079 -0.2971270466542
3301575 -0.07204725801953993
3301951 -0.08904604357254842
3302337 -0.0917496243737208
3302768 -0.2363694287818734
3303201 -0.3469916617593618
3303634 -0.2934233057212621
3304059 -0.37541425461229916
3304468 -0.4953149105871897
3304879 -0.40234994164796556
3305276 -0.4070707487461933
3305666 -0.23434893098744847
3306046 -0.2484216395560539
3306431 -0.18906514706117583
3306818 -0.20606966639665136
3307209 -0.44369695170830703
3307589 -0.36263640121685486
3307973 -0.22163723237950916
3308361 -0.2949553668812816
3308757 -0.26672055196567757
3309174 -0.1517529491970142
3309609 -0.1627938179642318
3310070 -0.18000638572192423
3310514 -0.3152875122840041
3310960 -0.09111736473900411
3311415 -0.32363201051616625
3311725 -0.13181433678402601
3311961 -0.37097985398952005
3312369 -0.38105843173269605
3312805 -0.4370230687193468
3313222 -0.25029279026791496
3313633 -0.15413877025950862
3314039 -0.13188531212372678
3314465 -0.1885429263096231
3314933 -0.2030541550663107
3315180 -0.3170373443424561
3315597 -0.4055764368526451
3315961 -0.28422514243338337
3316305 -0.2373533638284303
3316683 -0.25918377668566317
3317020 -0.24632803664488
3317384 -0.17372206428517484
3317752 -0.18093306038875834
3318489 -0.3820248758964099
3319246 -0.10603127784805583
3319731 -0.5038890910090791
3320405 -0.1624717162891941
3320780 -0.22537818594420922
3321162 -0.06242485998014573
3321542 -0.2923544375697655
3321918 -0.15389046415111246
3322307 -0.3256730351631163
3322688 -0.2967383215047359
3323065 -0.263953759974316
3323441 -0.26279824969049537
3323821 -0.22653964253382552
3324201 -0.19307994948767404
3324623 -0.22335805496398575
3325005 -0.22404926673750458
3325391 -0.22745587066223105
3325789 -0.1481795964474263
3326198 -0.20614772410679294
3326599 -0.125991993681135
3326990 -0.20086980935068155
