4016180 -0.3060820645593039
4016649 -0.25566491444404804
4017124 -0.29973570184520437
4017593 -0.34025912079137793
4018058 -0.2654678951177909
4018538 -0.22023812205854665
4019014 -0.3102199046321742
4019468 -0.3343314623657099
4019906 -0.3481335389505783
4020362 -0.24391352487773688
4020823 -0.2843779617619744
4021265 -0.35942748108793665
4021721 -0.28578753726883066
4022201 -0.2263235807960664
4022672 -0.3328034110939006
4023126 -0.26984443499374877
4023596 -0.23810742030119597
4024062 -0.16428950502271106
4024522 -0.19666402970448943
4024982 -0.30781892062970045
4025453 -0.27847072250680543
4025933 -0.30184661037289773
4026390 -0.3034436624023417
4026839 -0.1901722429911885
4027298 -0.20402050332730615
4027733 -0.2367578773634299
4028176 -0.25030870978174935
4028610 -0.28975615097024665
4029058 -0.252529807560948
4029510 -0.24408010278193348
4029953 -0.28448873920315365
4030390 -0.2867263048632065
4030835 -0.23264835602975964
4031290 -0.25624062488550675
4031747 -0.261360432053364
4032200 -0.32218167413635423
4032644 -0.35629280786388806
4033099 -0.16846608740885227
4033555 -0.30602393180989174
4034000 -0.3186151086196431
4034481 -0.5369487027270066
4034888 -0.2444987753404071
4035331 -0.06636856741676866
4035781 -0.28627710262436246
4036215 -0.27572613915216293
4036644 -0.18406757611408264
4036736 -0.25866255098417523
4037064 -0.1759059666515056
4037487 -0.048346149702429786
4037921 -0.17145656086907957
4038367 -0.3283262724061229
4038809 -0.31424685974497446
4039260 -0.3078370857138002
4039715 -0.22325289237450607
4040179 -0.28987051816701803
4040640 -0.30160688813054715
4041115 -0.31181600365049755
4041569 -0.34729399516512366
4042037 -0.25228460904612493
4042520 -0.23849496634348966
4043009 -0.26803272215531054
4043504 -0.22351716698873447
4043993 -0.4696384538555664
4044451 -0.19743023767859075
4044938 -0.4460583471518025
4045382 -0.26306141571708697
