3627109 0.5951066066494164
3627613 0.6152952889218026
3628108 0.610156091654297
3628602 0.5808891343284582
3629099 0.6277507474158512
3629579 0.6116266375521371
3630060 0.5743095708458259
3630530 0.5457144210084767
3631003 0.5633191560071951
3631479 0.575554747770488
3631963 0.5849924034187555
3632453 0.583522701345762
3632921 0.6003763795756963
3633389 0.6142364805438755
3633853 0.6227796826251203
3634326 0.6206689898192527
3634790 0.6304564274801133
3635231 0.60186812050444
3635680 0.5753385665747629
3636136 0.6536514785270092
3636599 0.6349733023200929
3637074 0.61698267676803
3637552 0.5916742353532889
3638030 0.6260457201627248
3638518 0.6918386415498634
3638994 0.5790569252335653
3639457 0.5567372974417476
3639944 0.5642540984485112
3640411 0.46934170874835174
3640892 0.6347936968866414
3641391 0.2128169921639449
3641904 0.5899990938177498
3642442 0.5494529708552782
3642957 0.653217275479332
3643478 0.6046896206196558
3643998 0.6660959813350174
3644505 0.6212557220700474
3644978 0.5973829858905486
3645442 0.5279860770570556
3645897 0.5495286147313727
3646343 0.5625328931569256
3646800 0.5468434297064539
3647266 0.5199797600987781
3647749 0.5294748785077892
3648255 0.5346961878854934
3648753 0.5797809740368176
3649227 0.5632136811476081
3649721 0.6020260939566513
3650197 0.5376065730698752
3650683 0.5296193514731389
3651183 0.5842857022553762
3651654 0.5677308016601981
3652102 0.5381572894219888
3652563 0.5301826395127436
3653048 0.5639477863229763
3653559 0.6200111157646109
3654115 0.5317927146605191
3654660 0.5409184622175686
3655218 0.5732780852713357
3655754 0.5641756104965501
3656250 0.5452578029804835
