2189594 0.42527729801048925
2190263 0.41931242921267664
2190935 0.4251066702207389
2191615 0.4143080642015978
2192273 0.41105369435055955
2192935 0.41954916647542523
2193584 0.4138260892062792
2194216 0.41975335703785316
2194865 0.4191277160271391
2195504 0.413238510278534
2196142 0.41980056389346654
2196791 0.41536699384892806
2197421 0.40721562245670134
2198057 0.42114559834121457
2198677 0.40825818751557885
2199301 0.4162170132050343
2200016 0.4153834936340248
2200684 0.41410124289615324
2201330 0.41355050432430246
2201969 0.4197470645897531
2202598 0.41698911120395504
2203261 0.42151577067184653
2203913 0.41417907280395994
2204551 0.42555177730673505
2205213 0.4238393932892223
2205848 0.42033956274102563
2206467 0.41894779009936167
2207117 0.4062458816261066
2207751 0.4162848111482025
2208381 0.42082839599844474
2209057 0.41037153048932906
2209705 0.4185521804943176
2210373 0.41597254663840966
2211010 0.42024503985138
2211637 0.4123441487878225
2212316 0.4210441448680702
2212953 0.41466368420254945
2213601 0.41715435802030304
2214229 0.41892011297608034
2214823 0.41949766329545474
2215522 0.4247747280711355
2216165 0.4142067506935694
2216793 0.4253352856570236
2217434 0.4184582930830878
2218072 0.4231974534167014
2218721 0.4157257864079939
2219370 0.4197030508287422
