4974297 -0.4638036371962868
4974787 -0.39652725693485036
4975289 -0.3763878007694793
4975819 -0.35321633141278774
4976361 -0.3927702560610574
4976902 -0.3885243348721733
4977440 -0.4217070100344146
4977976 -0.41857256932762554
4978515 -0.41252114440615995
4979048 -0.44007728711471367
4979570 -0.5069913108700885
4980093 -0.40549780331870966
4980656 -0.33579235231767574
4981226 -0.3777892721126983
4981801 -0.38361761583139575
4982353 -0.5202115149423618
4982882 -0.33586925433164866
4983388 -0.45786812616354144
4983890 -0.38267878187883597
4984415 -0.3288096969402874
4984932 -0.4366732166339413
4985457 -0.3023520902004334
4986007 -0.2904680819571212
4986567 -0.3632760615561852
4987100 -0.4400337198631576
4987635 -0.31863245168933263
4988160 -0.42709822780544626
4988680 -0.3023316768500101
4989210 -0.3893641984436446
4989742 -0.4259406415444554
4990288 -0.2711145708609787
4990840 -0.41154575085415906
4991371 -0.4013074636695217
4991908 -0.3122084147631423
4992435 -0.40744733503205766
4992947 -0.4299160940701936
4993429 -0.35420026575154195
4993937 -0.40882610505302064
4994417 -0.4154562375613554
4994930 -0.31513311366906394
4995449 -0.42919128813594976
4995960 -0.3764295614624944
4996490 -0.32907900640129273
4997030 -0.3900810360571503
4997562 -0.3684777388890065
4998103 -0.31546117298032866
4998650 -0.3423547027107384
4999200 -0.3417839187254061
4999756 -0.3664718800331795
5000282 -0.46877093241968504
5000807 -0.3231209698670065
5001302 -0.4683326250637115
5001783 -0.36354384645083465
5002293 -0.45761006112018315
5002818 -0.2934563926920231
5003349 -0.3761269983885661
