842546 -0.12790076633701786
843083 -0.12886565283386303
843625 -0.146136698024404
844147 -0.2016188452149436
844655 -0.1714846859995342
845172 -0.14190368770491552
845695 -0.09870338653224592
846225 -0.12578330266610172
846762 -0.13402422216130877
847294 -0.12542008409680583
847832 -0.14242426574071282
848362 -0.1301214524372173
848880 -0.18261574753059312
849379 -0.18738400240021758
849883 -0.13698827774836236
850399 -0.10873437817211673
850914 -0.12882214300833777
851428 -0.13775631260460702
851947 -0.13210783110596763
852467 -0.14029654020683013
852982 -0.18661846686280614
853478 -0.20073910033949927
853972 -0.15845565065194323
854473 -0.14427493533484914
854971 -0.16753578097260058
855459 -0.18778475203720912
855948 -0.1486278556562225
856471 -0.09990702670636975
857004 -0.11496927701793941
857555 -0.19254921038327344
858073 -0.1684497181552398
858588 -0.143366425792732
859103 -0.13372946559631965
859614 -0.17374754178222584
860115 -0.1539801037680794
860620 -0.12411394712564061
861134 -0.11480145358264982
861662 -0.11513058091846734
862212 -0.13265794174023615
862757 -0.11853242003255599
863296 -0.14975075686062672
863811 -0.18386780093007032
864313 -0.16104580241121214
864821 -0.11892221876552933
865338 -0.11993674735848314
865861 -0.13571886676503386
866405 -0.14893516633295734
866921 -0.19923084259525836
867421 -0.13721264663470278
867924 -0.13391514599539023
868438 -0.11023887384680653
868973 -0.11080209304613198
869518 -0.1389136799238344
870051 -0.19524164252646758
870576 -0.15664877704283436
871124 -0.14351506330107638
871680 -0.16900071824556423
872198 -0.1595352024557205
