3117962 -0.2947796844819066
3118439 -0.2690330456214721
3118904 -0.2981756026313116
3119349 -0.1903281844653379
3119818 -0.11574494383038406
3120275 -0.2210989421744265
3120709 -0.18210233315664692
3121158 -0.15492095980638743
3121606 -0.20816732143169647
3122130 -0.10106505504224511
3122687 -0.15722629450648895
3123172 -0.2755650327705189
3123636 -0.18564428975755065
3124089 -0.26904898420865275
3124521 -0.2495930509618034
3124965 -0.22182901285569567
3125379 -0.22470507408925444
3125794 -0.23043494029491507
3126219 -0.18943559021536474
3126734 -0.18313668493529567
3127285 -0.21824314065546258
3127765 -0.30110237894213787
3128207 -0.18286158618389248
3128642 -0.10465400855485973
3129061 -0.2431130379682238
3129494 -0.2949768799679138
3129913 -0.1277714130247518
3130326 -0.135546470275536
3130729 -0.21737538509417476
3131143 -0.1430698238325374
3131683 -0.11031620404347897
3132206 -0.11315088511971605
3132719 -0.1974189211717714
3133200 -0.17503440530039804
3133680 -0.22695010829536755
3134148 -0.27183847742590656
3134637 -0.2553315496232851
3135110 -0.20939991602197122
3135614 -0.18831977517556708
3136172 -0.18442523081978524
3136719 -0.24746134639879452
3137244 -0.20851160732005303
3137770 -0.2387903452949054
3138285 -0.10185131278087992
3138801 -0.03981282023757965
3139335 -0.19261307511084147
3139885 -0.10021210405026637
3140429 -0.1587017238986977
3140948 -0.43554879487307085
3141438 -0.1537529836326701
3141934 -0.10591997880323295
3142426 -0.25142716576393015
3142894 -0.12871858549594395
3143370 -0.20111253347474534
3143881 -0.17376148744379277
3144398 -0.19114787767753477
3144920 -0.1842976597531153
3145426 -0.263465392979142
3145906 -0.5656115935467023
3146396 -0.3821314452046495
3146869 -0.2378813013069583
3147349 -0.2450283859729434
