3566691 0.2422858929786003
3567329 0.27041991734712034
3567973 0.2934568179748275
3568605 0.24137691844214146
3569223 0.2737244010975287
3569853 0.2691709795057773
3570457 0.2247094176108068
3571059 0.27522440793354797
3571667 0.2533810454728824
3572254 0.2469452177360586
3572857 0.282506467766666
3573460 0.25303929426319804
3574050 0.25340970586641937
3574660 0.28163711384084456
3575273 0.25438498632363843
3575861 0.28091768865338707
3576475 0.28781704063000657
3577103 0.2299644997364586
3577725 0.270511667389819
3578367 0.3026525173492145
3579004 0.23979177546593095
3579638 0.29155497713285383
3580278 0.2805116176701494
3580905 0.23062726094721753
3581534 0.2772665667308092
3582165 0.26379843524070024
3582784 0.23757673112205555
3583411 0.2835437260807472
3584044 0.2537334862138668
3584657 0.24521167694329712
3585295 0.2776154536221679
3585933 0.247258044218953
3586559 0.27131571657481834
3587203 0.2841573436636967
3587830 0.22869783262659873
3588426 0.2702956647395576
3589054 0.2903388164428865
3589672 0.24085779350108905
3590263 0.2613227560610637
3590887 0.2935244642089452
3591508 0.24357963461470614
3592119 0.27772537556674576
3592744 0.2899591370152595
3593380 0.2415065455098871
3594003 0.2783212637270947
3594653 0.28308227684360987
3595284 0.23000424418047177
3595899 0.2745458252442955
3596529 0.2660446667636124
