5902032 -0.06040141347974742
5902657 -0.038126959483334444
5903272 -0.11350038741268992
5903894 -0.04231329520451349
5904553 -0.0339648107421186
5905194 -0.11433709661401387
5905846 -0.0668581328716053
5906512 -0.05738154763311992
5907143 -0.07903373108566458
5907793 -0.03683916627430994
5908443 -0.06613463419577675
5909066 -0.06701149237088228
5909710 -0.06892840227890551
5910335 -0.09514334568461702
5910966 -0.04554807681458861
5911638 -0.05461313162639764
5912275 -0.09024499556399401
5912899 -0.03263526251882598
5913512 -0.05792538457591684
5914085 -0.09856899284678688
5914613 -0.0581963522483947
5915131 -0.0899912723987013
5915633 -0.1582657797916096
5916095 -0.134336233758228
5916440 -0.09712555727870231
5917121 -0.0357719731529092
5917749 -0.024708545647912805
5918291 -0.06148575036599324
5918920 -0.027238442249259198
5919558 -0.09374012356577432
5920211 -0.039233530139601736
5920877 -0.03687797907801604
5921554 -0.08795745028219604
5922233 -0.0492659434489886
5922916 -0.056028901524837194
5923596 -0.08485367067456129
5924269 -0.053019168284306084
5924927 -0.06165353488933223
5925570 -0.05246961282720253
5926232 -0.04982738467869985
5926881 -0.07196437810109446
5927518 -0.03629907004155697
5928155 -0.049473727797148426
5928765 -0.06274336669398095
5929381 -0.06530363920264792
5929994 -0.06892753110988914
5930590 -0.04935982406975936
5931198 -0.0363496433028635
5931799 -0.09162728272427889
