3537243 -0.20570408187305256
3537679 -0.20174198331771956
3538113 -0.20017793809751855
3538547 -0.14249657725736886
3539040 -0.1608582567235089
3539505 -0.23771402411945153
3539941 -0.23595253926100407
3540175 -0.4208173082094881
3540381 -0.4241036481975198
3540779 -0.2733925018067472
3541208 -0.20357996413379387
3541643 -0.2510851266919605
3542080 -0.228841337779623
3542532 -0.1894867139106694
3542994 -0.22144828152086446
3543277 -0.4384738975800901
3543448 -0.16624933057725877
3543941 -0.3876420968986878
3544296 -0.24784180155473007
3544720 -0.30525483086026034
3545140 -0.35361594247233086
3545574 -0.28216295336397235
3546024 -0.16427470868428706
3546480 -0.27474306887701494
3546970 -0.11399113974021868
3547435 -0.10003639218966498
3547917 -0.33842534242883227
3548400 -0.2500301467786724
3548877 -0.24859432281661054
3549304 -0.27794965838465646
3549700 -0.30115693447098346
3550115 -0.23346517746697903
3550541 -0.2068058265959296
3550970 -0.2673608837959697
3551397 -0.25924572724394357
3551845 -0.1805475378632384
3552296 -0.2892487730997151
3552748 -0.2838456523618189
3553203 -0.2451336712322627
3553692 -0.23180588631099275
3554159 -0.28066208475140886
3554628 -0.2193892943884035
3555111 -0.24710090614323232
3555595 -0.24722133721946654
3556063 -0.25107488536624667
3556531 -0.24539138810453465
3557013 -0.24031435995189437
3557494 -0.22638350325179646
3558032 -0.27071076997285975
3558504 -0.31444558311022786
3558978 -0.24406090564190236
3559448 -0.2620587029202615
3559913 -0.2715803275415438
3560379 -0.265530601387913
3560859 -0.2567345253695248
3561335 -0.2778130398514918
3561821 -0.26977266279992673
3562302 -0.2587976901989924
3562780 -0.2513697279482469
3563268 -0.2581137923637721
3563751 -0.18338744714461264
3564232 -0.17864621601329156
3564709 -0.2900312622490556
3565154 -0.26941820004669736
3565612 -0.21943869096746543
3566068 -0.23572937819185963
3566540 -0.2804914466016325
