3357234 -0.2886743237389853
3357741 -0.23403758855132206
3358223 -0.2824653587229082
3358693 -0.39049973397345267
3359152 -0.31839662543142805
3359592 -0.2570724585770744
3360033 -0.2762493867140726
3360456 -0.35629301277228376
3360905 -0.33219181875369586
3361364 -0.2671659028278192
3361812 -0.3075178783937271
3362240 -0.24722248673974245
3362669 -0.11141320506413355
3363110 -0.10313056891382566
3363575 -0.065178424192043
3364128 -0.06796905542534049
3364674 -0.1913038066426055
3365175 -0.29807139281064654
3365684 -0.1633722838912215
3366212 -0.16756537162091545
3366745 -0.18458377976070145
3367265 -0.2312176869871828
3367780 -0.21157627080995214
3368240 -0.3234679217812205
3368677 -0.24222261306670245
3369134 -0.16157515606797748
3369630 -0.12189307236987201
3370179 -0.13538518678738892
3370674 -0.19785106395256213
3371359 -1.7084421229452096
3371822 -0.29461564275851204
3372205 -0.23372796993421008
3372729 -0.20048318354330757
3373207 -0.3887351833645433
3373658 -0.23417766564684317
3374101 -0.18681202980808276
3374549 -0.4132354879744174
3375378 -0.44350451349694786
3375811 -0.3267593835202508
3376260 -0.3777951029462139
3376726 -0.17189764349704784
3377187 -0.23741939596981199
3377628 -0.2576190483958513
3378055 -0.22107377109477575
3378496 -0.19006914145167403
3378925 -0.19773061572747896
3379432 -0.14373689167846945
3379800 -0.23447211699430187
3380254 -0.3050944254843184
3380730 -0.33052700530594326
3381188 -0.12990981960396697
3381669 -0.1917273747461073
3382154 -0.19266684253467425
3382748 -0.3729274851485642
3383090 -0.5005218175059464
3383324 -0.552321271763117
3383514 -0.3749990708538488
3383912 -0.31069911147333584
3384323 -0.12578756322054652
3384745 -0.24741356529934322
3385189 -0.18907956304502394
3385660 -0.13628068177599262
3386160 -0.17622796940002305
3386688 -0.17513729435836556
