5273740 0.5886584824156038
5274144 0.624001423664297
5274550 0.6449792002596546
5274994 0.6765859072008064
5275416 0.749630404842476
5275807 0.6269857427690217
5276194 0.7052457877634345
5276563 0.7028593973133442
5276919 0.6987169061758475
5277264 0.6149530004791295
5277610 0.6293266138523411
5277967 0.6759809475060462
5278381 0.6438809727915519
5278794 0.6098497634823865
5279210 0.5845444012948198
5279625 0.5419948804099848
5280027 0.5019219257735483
5280423 0.637313365913865
5280831 0.6997563242066003
5281244 0.6144848024621704
5281664 0.6706106172016836
5282105 0.7224308418011368
5282555 0.6167128055276331
5283020 0.6925742432163267
5283484 0.489349017158241
5283938 0.6443997278226578
5284395 0.7178214717335165
5284840 0.5660887086780279
5285281 0.6698091042713349
5285707 0.5835979267865694
5286124 0.5769746968267513
5286552 0.6524121825827867
5286990 0.6891750048757946
5287429 0.7232879916794019
5287855 0.7282208452729816
5288273 0.7864419400374818
5288684 0.7261115631793507
5289104 0.7874256244994009
5289515 0.7267026928268931
5289934 0.7540710475015238
5290345 0.7024528167257503
5290758 0.6573608916858782
5291173 0.7114669885853712
5291585 0.7199094396033343
5291986 0.5766593686497621
5292384 0.5840278478085036
5292771 0.6202228755758631
5293164 0.5979659645309467
5293558 0.655941733986521
5293951 0.6674420333129774
5294322 0.724539696990586
5294690 0.6483794783532144
5295054 0.6495250590495387
5295408 0.6510006292623894
5295768 0.6396334843348748
5296170 0.7013025448115277
5296558 0.6689143443479277
5296956 0.6014841621172615
5297363 0.5889877034630421
5297789 0.627279328043655
5298259 0.5918278542106836
5298706 0.6765219457173235
5299143 0.6097584934925033
5299554 0.7009567140117612
5299943 0.6120087329149138
5300322 0.3678649013707769
5300687 0.4796537945313635
5301049 0.5846882358155832
5301406 0.617164711978214
5301757 0.7177250623615992
5302107 0.6954724889846332
5302464 0.7109357393683216
5302826 0.6498288109685711
5303202 0.6387983084839569
