124177 0.15763502331614282
124715 0.16214934308695705
125254 0.14713942286675807
125784 0.14605723641366172
126320 0.16523082420778412
126869 0.14906187224434742
127412 0.13292857617116777
127952 0.15880592660492937
128488 0.15038769024807191
129021 0.13063012083512388
129561 0.16179650395866763
130128 0.18055367822946566
130712 0.12159683784835129
131286 0.14270651336035245
131865 0.17863751415910362
132423 0.1376345720764532
132961 0.13968383623707215
133490 0.15950588634838792
134030 0.16295972077996657
134573 0.1321774757267576
135105 0.16060912585855103
135657 0.1616786031342076
136200 0.1354092918586996
136742 0.14844529294726316
137297 0.1672518521152276
137863 0.13694067639362034
138419 0.13806318960044167
138973 0.15931273426543036
139519 0.15768780806990818
140053 0.14611122531840331
140589 0.14323609424440187
141134 0.18047144873683602
141700 0.15300911846744714
142262 0.16092922845856505
142850 0.16778204541840874
143445 0.15359553899216552
144016 0.12412813711850554
144593 0.15427995881088843
145149 0.1512424165472417
145685 0.12152670233529692
146226 0.1438183877021348
146783 0.15201913665880357
147326 0.13678257703942154
147864 0.1651896506215808
148414 0.15140438748338142
148962 0.1561789518462871
149506 0.16765451530493997
150063 0.18407762015420923
150629 0.14650153842770414
151185 0.14764794200791193
151754 0.1707220018294646
152325 0.1377255616646837
152886 0.15177571557618924
153441 0.1714973113857957
