4854606 0.8940510851781365
4855202 0.8777409031028532
4855784 0.8905690760287753
4856389 0.8932746800711913
4856999 0.8873029017161796
4857592 0.902111703548452
4858211 0.8773011221662156
4858810 0.8938729829687329
4859437 0.9043446357955041
4860062 0.8964429178397124
4860668 0.8983119276738536
4861296 0.908835137012399
4861923 0.9028616118603439
4862545 0.8973733796705015
4863198 0.89060284358584
4863804 0.8965036445387313
4864429 0.9085123219738823
4865048 0.9022361029194365
4865641 0.9095582387490503
4866337 0.8781480074584185
4866987 0.8882985219016897
4867639 0.9047636370604212
4868287 0.8983676455153251
4868913 0.8931939502618149
4869563 0.8761748506788452
4870201 0.9026969345870757
4870838 0.8905922485119913
4871491 0.8679577573874868
4872103 0.8984572735720711
4872745 0.8951222322378791
4873366 0.8964574726733837
4873959 0.9075934632156348
4874646 0.8995431068829656
4875270 0.9125857131984594
4875906 0.9143023290840787
4876543 0.9011883831681563
4877163 0.9087623721044914
4877793 0.9129404386074101
4878424 0.9026553595653636
4879046 0.9064866749501921
4879685 0.9051588213587628
4880308 0.9090102432916773
4880936 0.9169292416607311
4881570 0.8909648688645583
4882193 0.9107123178197101
4882821 0.9010270927037407
4883454 0.9009128160531226
4884078 0.911836432437697
