1800353 0.2944939117904423
1800971 0.26591545013869394
1801579 0.269750793036726
1802205 0.27706197959264345
1802821 0.2477458700985346
1803424 0.2696892553749481
1804048 0.27063025022969944
1804668 0.2516434381640601
1805267 0.260589542195946
1805873 0.2858581885591056
1806474 0.24096224608498057
1807064 0.26823749994568225
1807669 0.2945335532394641
1808269 0.25009259782554194
1808851 0.2705295039410985
1809471 0.287750251271946
1810068 0.24289679895209798
1810653 0.28786407779249035
1811254 0.26692944381624994
1811840 0.24088100290486408
1812440 0.27670371444806285
1813046 0.27467491000998867
1813639 0.22108255528491552
1814248 0.27359906418942337
1814858 0.2963635704581773
1815456 0.24281508756043263
1816044 0.25999736573842136
1816650 0.2692742969156504
1817244 0.2426478583445249
1817822 0.2547420428196232
1818407 0.28046387977144993
1818985 0.24228299309957088
1819582 0.2878346788030729
1820163 0.24943139534356285
1820726 0.23444658115735842
1821306 0.2983445792497287
1821897 0.23894211561021264
1822473 0.24149322690641145
1823075 0.281962005897312
1823700 0.2506251758887589
1824305 0.23407713841722586
1824917 0.28503319485964435
1825539 0.25556369735427786
1826149 0.2399871743221554
1826770 0.28000231837985423
1827390 0.2481450345780284
1827990 0.2366067635750926
1828613 0.26958553052712675
1829236 0.263091653829466
1829847 0.24182551531572857
