572990 -0.150424200547908
573593 -0.08123872140757804
574215 -0.07290390539596531
574830 -0.14957895297499552
575457 -0.07220950358955075
576103 -0.058974295754625816
576739 -0.15061606361446794
577357 -0.06341930459048145
577978 -0.1310648887708311
578598 -0.10276030289359345
579260 -0.06876704774106285
579903 -0.14522822029144794
580559 -0.06824377452319352
581207 -0.09486850248588308
581841 -0.12226073264127296
582466 -0.07116576288246207
583090 -0.13589420071858777
583704 -0.07391288296561793
584345 -0.06795596139084065
584964 -0.15765075513311017
585595 -0.07494685736102907
586233 -0.12629307088097957
586866 -0.11925792075003494
587496 -0.07820662556801455
588149 -0.127721920985234
588768 -0.08885467215810627
589413 -0.06794279084323473
590031 -0.13941682364097746
590659 -0.05513294844301453
591292 -0.13674785068215356
591895 -0.09893350273046775
592524 -0.06715881535762763
593137 -0.13866258244138646
593752 -0.06944558064139134
594369 -0.07859924025815967
594986 -0.15296894750964074
595612 -0.0683009876551467
596239 -0.131089941743117
596847 -0.11753034359476133
597465 -0.062079226963912104
598077 -0.15143011808051565
598665 -0.08962984933208107
599269 -0.07195418976723661
599874 -0.14995318575728062
600469 -0.08393503962501148
601075 -0.07233319157972745
601669 -0.1407649922852387
602255 -0.08198907871909256
