2579066 0.6727428721282942
2579473 0.5267655345581064
2579875 0.5102781249472305
2580287 0.4550773164638394
2580689 0.5587659749751575
2581101 0.5203573484208371
2581501 0.3120383964621797
2581944 0.8769643485126914
2582304 0.3196468134842247
2582708 0.5032410767025677
2583129 0.42556103748475843
2583537 0.44677304949751595
2583952 0.5016524347843363
2584374 0.6079398845566788
2584787 0.5596083993199602
2585201 0.59299929709156
2585611 0.4486893494154941
2586024 0.6106788594360373
2586435 0.6125836835500689
2586839 0.4929561913639772
2587257 0.5475986749290235
2587672 0.5293181425227724
2588101 0.5970304651248591
2588528 0.5874562652908315
2588947 0.4954744445147544
2589380 1.3709581958860526
2589799 0.3944300074075281
2590285 0.7389651527533027
2590470 0.5873827024644634
2590622 0.8010962099844345
2591027 0.4401453408304427
2591433 0.671214397293737
2591833 0.5852789591896882
2592229 0.5185573785747457
2592626 0.5206878755122242
2593035 0.470544890093523
2593455 0.6465077152254534
2593863 0.4980336705646595
2593960 0.45665916482349167
2594281 0.6596138811668162
2594407 0.4992067479795942
2594701 0.5006040482669606
2595109 0.46274078362578464
2595523 0.5220474982463108
2595937 0.6483607295305289
2596344 0.48445613709127866
2596757 0.5832596498915632
2597157 0.21564683992082112
2597543 0.431930011788329
2597926 0.2892233920338362
2598110 0.32584992941858587
2598306 -0.027217950084687637
2598694 0.35094314782953073
2599098 0.8918982708552436
2599519 0.16332330079103274
2599963 0.20862616598651906
2600430 0.30756652829835
2600598 0.13918281438229985
2600921 0.2731713277376889
2601408 0.18486962369464005
2601897 0.3952210311827522
2602119 0.07469981132760789
2602363 0.2376915313749807
2602818 0.36395733436631794
2603692 0.28279207455815625
2603892 0.2739129937709809
2604131 0.28859207066612613
2604567 0.3718748543767618
2604994 0.34469024453510655
2605417 0.2976605014009467
2605847 0.4355535683123497
2606026 -0.18381513457239085
2606255 0.4108074567569192
2606658 0.4132965907490076
2607063 0.3507211389743289
2607460 0.40254819700305333
2607848 0.4833123943330364
2608507 0.06433986182415624
