3836339 0.16820221187049283
3836937 0.2172995213183908
3837541 0.20384000605611835
3838133 0.16571473376042317
3838734 0.21978322527530897
3839346 0.2037206249969133
3839935 0.17311705739174055
3840542 0.2194596505077011
3841159 0.19194300404588677
3841754 0.18849778302884912
3842359 0.2175480215458473
3842961 0.17401834734473076
3843554 0.20134090413640976
3844158 0.21860751078064716
3844777 0.1713251516403806
3845401 0.2226303463253681
3846043 0.21004244887988138
3846674 0.1878443677148649
3847338 0.22252620931805564
3847998 0.17603979871454184
3848636 0.20771421925828176
3849287 0.2176497054376476
3849913 0.18144982693630995
3850520 0.2261867970824728
3851107 0.18262074463535083
3851672 0.20635612823768174
3852248 0.22676058134477978
3852838 0.18463317791694445
3853412 0.2114636601735368
3854031 0.23784004867487385
3854656 0.1665239254164005
3855285 0.21578276451615414
3855912 0.20141019778087765
3856523 0.17836450702116824
3857137 0.22429335678495466
3857747 0.19432202379961494
3858335 0.20259815979503887
3858951 0.2243227899638051
3859575 0.17841334476777976
3860198 0.21834885781082763
3860827 0.20319236215917386
3861438 0.18001256701725882
3862053 0.21107770007621546
3862651 0.18386355428514478
3863232 0.19968862714655783
3863824 0.22860505791860047
3864400 0.178457139764005
3864984 0.20467887679755767
3865579 0.2112811091020244
