3776781 0.6494689278640489
3777252 0.700325691250504
3777724 0.7226054997095708
3778190 0.652192210247121
3778659 0.684952573877047
3779126 0.6942806085258468
3779589 0.6064013958495885
3780030 0.5867600014359482
3780479 0.6731956657332643
3780930 0.6865083879671866
3781385 0.5825919330738931
3781846 0.7422338150973888
3782304 0.6797527261838638
3782763 0.6472597710725563
3783233 0.6927336083947964
3783696 0.6762017148508429
3784157 0.6647415249213979
3784620 0.720306348473041
3785079 0.6808902576612209
3785542 0.700046945160966
3786007 0.7252752461418239
3786451 0.6635032808721499
3786886 0.6969513598770849
3787332 0.7679729131155026
3787785 0.7120971980306573
3788242 0.6676977759389706
3788703 0.7494806194213833
3789127 0.5743400472577539
3789553 0.4816921591965053
3789973 0.7351603525630503
3790414 0.8266137708836063
3790844 0.7057651999377311
3791264 0.69491849649023
3791677 0.6947453211208887
3792093 0.7416374343109564
3792508 0.7851682133085075
3792922 0.6987439276673468
3793333 0.768370034313774
3793768 0.7852369831430239
3794192 0.6858350771778428
3794615 0.6765532338437512
3795041 0.7034528215769831
3795469 0.7725223208905961
3795616 0.18028616554806132
3795888 0.7328120673293683
3796322 0.8514452818151856
3796763 0.7471844998862547
3797215 0.6348232841501409
3797722 0.6976081956450905
3798197 0.658773394574144
3798630 0.6336039215531392
3799079 0.6853468481184509
3799542 0.711188984863566
3800023 0.837574615422468
3800489 0.7894793054460557
3800936 0.7443070877140978
3801361 0.7069532324090635
3801767 0.6373532908674978
3802180 0.6495768494955652
3802607 0.7122204886735717
3803028 0.6751261216060208
3803429 0.6969630264087169
3803830 0.63240346582667
3804255 0.6511479164352288
3804701 0.6767691927194397
3805181 0.6581090824936497
3805676 0.6624365231235381
3806183 0.6879429522570382
