1800641 0.3250717933533216
1801175 0.33129527332083086
1801714 0.30556924437250244
1802262 0.3295584878182797
1802841 0.30473668181003166
1803451 0.3531965381205898
1803998 0.34398216439519946
1804544 0.393229580195372
1805070 0.2982563281033019
1805646 0.28258143347820197
1806183 0.3467445922363771
1806325 0.09530176430593101
1806689 0.35065831640193085
1807209 0.2934717320657497
1807722 0.3243958255874596
1808233 0.2902422303881434
1808767 0.32129948134718445
1809270 0.3441445720916214
1809769 0.3098044384287944
1810275 0.30322661886995406
1810805 0.26155884890838954
1811375 0.27110969401951457
1811969 0.3248185885405813
1812519 0.3003449870959677
1813059 0.29352900578432917
1813597 0.26739067203098343
1814121 0.3583852371005912
1814620 0.34797991682402235
1815130 0.33654463704983606
1815655 0.3080502721815438
1816184 0.3583015384331069
1816690 0.2943453050458109
1817189 0.2780620562979753
1817697 0.2617047494423221
1818225 0.303506748568077
1818780 0.30706764579584733
1819357 0.27459960507907777
1819946 0.3097916167920711
1820526 0.34240918701949175
1821061 0.3378193979251622
1821586 0.3264308230313014
1822117 0.32387447787760926
1822711 0.3165264101059726
1823329 0.3260881561779597
1823901 0.3497229987914004
1824458 0.3196386803551639
1824999 0.30850054880640154
1825539 0.30719824852765826
1826098 0.2823498588250481
1826665 0.34191347932009497
1827181 0.34981280938532006
1827690 0.3154552145941401
1828196 0.3080449201380423
1828715 0.32258977837931607
1829255 0.31387967220114443
1829821 0.30725069659030224
