333507 0.4824354180225444
334098 0.47941549745917994
334650 0.5031759536032445
335201 0.4491989282708395
335779 0.48072730080704185
336319 0.5203721398926333
336885 0.4810544310731606
337452 0.45649909020132307
338026 0.47197018372343646
338598 0.5283357719060016
339125 0.42603802804981594
339691 0.515648620742081
340231 0.4968214339781527
340747 0.6000971775353312
341252 0.5457927045480773
341730 0.5295960594051277
342196 0.4662727318020359
342639 0.483952435521521
343147 0.44858311110344284
343694 0.47628557003616834
344215 0.49530796773422603
344721 0.47848037840524293
345242 0.4553765211334473
345773 0.5471392918905593
346324 0.45952256663636903
346871 0.5365261619546396
347393 0.5076180669388854
347887 0.4441705132935133
348360 0.4491704314747999
348897 0.48033923177905213
349494 0.4520614509418823
350016 0.42685995080102335
350616 0.5514832370813912
351007 0.4540696964501363
351108 0.5502745672630334
351650 0.5687461988645095
352163 0.5133904465950347
352698 0.5778331260520503
353228 0.5833969371025347
353728 0.5496416394903296
354265 0.625253847906055
354789 0.5764441945437159
355327 0.5631685923637475
355876 0.6293922308900093
356367 0.5058660725128388
356906 0.5337282421012834
357498 0.540579600571991
358040 0.586545362389446
358567 0.5678630790296693
359093 0.5916806381187798
359676 0.5580909455408043
360191 0.5486183260096948
360727 0.5177594354224924
361300 0.5232219363661547
361870 0.6707581980094783
362344 0.5211355161360878
362821 0.5285115112842903
