5782390 -0.31175543010007717
5782760 -0.5920796000223637
5782916 -0.23693185196246763
5783125 -0.27930041130400335
5783832 -0.29075462680063124
5784223 -0.15521644217148944
5784533 -0.6204671983410632
5784883 -0.33452806520335165
5785278 -0.36562764007844945
5785579 -0.30086067762107316
5785925 -0.5187415610547887
5786267 -0.33487669352454463
5786611 -0.4198987712801996
5786953 -0.36734198125561734
5787295 -0.30697534165599816
5787646 -0.37937450507155934
5787998 -0.4526720861702407
5788357 -0.38027060391716405
5788726 -0.32522277549600975
5789086 -0.3444336409690687
5789450 -0.3257761854059206
5789815 -0.27385029668146826
5790184 -0.28192207407868847
5790543 -0.6009221382293986
5790899 -0.416822769969841
5791261 -0.20100388574875117
5791618 -0.51884717059574
5791968 -0.6026427820721932
5792306 -0.4846069048160282
5792595 -0.47003622083924523
5792929 -0.2996754146506311
5793247 -0.32700214138760014
5793571 -0.31555417284483933
5793831 -0.4744161828271096
5794276 -0.21485546999995853
5794644 -0.19460672313911864
5795034 -0.192327708525722
5795435 -0.2085830764917298
5796099 -0.20401528965800786
5796195 -0.2838800999428259
5796574 -0.2264774745171747
5796943 -0.3390450280138434
5797308 -0.3491634795845837
5797665 -0.27743509322719084
5798026 -0.2251218724337818
5798380 -0.34043550388818333
5798771 -0.6270585256026453
5799139 -0.472068655724325
5799739 -0.4781941287759717
5800137 -0.5832440189602293
5801332 -0.6148490257531202
5801670 -0.21073369736200143
5802309 -0.40151550748957054
5802545 -0.32284256618453644
5803148 -0.3442716315011834
5803452 -0.36778665837912533
5803824 -0.42662405596859654
5804374 -0.5419640017356351
5804993 -0.2518703921869603
5805305 -0.3696081248449641
5805621 -0.3459863927343436
5806605 -0.3330170842212754
5806904 -0.34759553363211537
5807225 -0.3588153180274445
5807550 -0.5026363734938901
5807870 -0.26394240453108464
5808188 -0.3328876115344719
5808508 -0.29935125734541995
5808826 -0.5440782893157886
5808970 -0.4660317684167173
5809147 -0.2631047737886138
5809498 -0.42479904475005237
5809795 -0.37497229955666334
5810125 -0.3535261744811837
5810461 -0.31604315421565665
5810806 -0.3442418191808289
5811153 -0.43849825004681975
5811824 -0.4421097266865899
5812159 -0.2871741200310356
