63883 0.16824075833831992
64442 0.16348826958795182
65064 0.17483919568557899
65685 0.18310574253576356
66235 0.16823954890992515
66788 0.18331217867870142
67431 0.16568877726419717
68045 0.1701413490112531
68620 0.1720049281577577
69187 0.16747361668361133
69790 0.17088729990245022
70414 0.17257508298088986
70980 0.1692302544723564
71504 0.16788634478799025
72046 0.1753894065317002
72594 0.16561009538280602
73125 0.1714220199414283
73766 0.16492833464221618
74394 0.1551502141070149
74939 0.1771665721077907
75484 0.18367777529725005
76011 0.17189382819697796
76555 0.18253630580231817
77185 0.1673263249745871
77808 0.1715100803889592
78391 0.17292642087609417
79032 0.1622768207203158
79689 0.17648459657350557
80285 0.15723574945990532
80940 0.17883938125438298
81569 0.16275785657999614
82204 0.18391674865305624
82806 0.16616367201369497
83371 0.17301219189491196
83967 0.17636091487742078
84610 0.16257150233403722
85218 0.17296063844972548
85861 0.17194398198323801
86413 0.16517689426068166
86966 0.1707316114978209
87498 0.16858010751382402
88017 0.16090673445323816
88555 0.1742741042670275
89175 0.16622415382802036
89796 0.1710649405615432
90370 0.174467014421887
91002 0.1665591355158197
91634 0.17273665607770444
92212 0.17850943946824288
92768 0.1734932485972966
93404 0.17812121291512223
