812392 0.8961777886082667
812935 0.9707186268094952
813460 0.923047751477239
813982 0.9978268355528704
814521 0.9344087402213987
815036 0.8940390316535116
815598 0.9909045171594899
816131 0.8832155109926401
816672 0.967448083065306
817210 0.880753632336549
817728 0.9136328140226712
818278 0.9691483769394512
818821 0.8930255435999541
819363 0.90328317205419
819925 0.9858764804159817
820481 0.8824862419882635
821048 0.953895409290638
821623 0.9303911689394815
822184 0.8871487847639419
822761 0.9704925367130394
823319 0.8649143543249496
823891 0.9472988716051136
824478 0.9762922511740977
825050 0.8826874277847627
825624 0.9707856394463432
826202 0.9407128349729492
826762 0.9140333210200764
827339 0.969467951862619
827912 0.9008995458526614
828471 0.902685246412748
829047 0.9480389012807593
829613 0.8856582437485777
830185 0.926366018580463
830760 0.9522409548192982
831334 0.9047021096613113
831908 0.9316447797140681
832479 0.9321307230531821
833033 0.8320338306899056
833597 0.9693610419436749
834152 0.8497665423508497
834707 0.9331545628807181
835274 0.9209492370621054
835834 0.8654666513842493
836417 0.9740942284789625
836986 0.8591143911860027
837540 0.9246441584328899
838115 0.9793760934666719
838676 0.861409033377398
839245 0.9526672582645291
839835 0.9727080577631263
840406 0.8552695137589623
840989 0.9612801875716809
841567 0.9073087132010563
842117 0.8920119759086933
