752711 -0.14950718483351344
753350 -0.1532623523894528
753995 -0.19745942021037893
754635 -0.1548493848911665
755281 -0.1509410234521874
755911 -0.19550612111251664
756558 -0.16442913090184919
757207 -0.16434312768242265
757820 -0.1846830308593186
758516 -0.14665391097725644
759164 -0.1714200850594726
759789 -0.17040925071772828
760430 -0.15375162136154796
761067 -0.18083370212209388
761696 -0.15640211110256846
762345 -0.14930118487768318
762991 -0.18430956681550337
763650 -0.14722487338920603
764043 -0.1958335715795081
764289 -0.12910883783816052
764529 -0.2775408819505613
764759 -0.2100147075568154
765450 -0.14682226740087623
766128 -0.17509777851567498
766776 -0.153535271467449
767438 -0.1470922265425464
768069 -0.1812868309420756
768753 -0.1393369366792132
769390 -0.17281465142930114
770013 -0.15917179481701804
770639 -0.14679844466397535
771258 -0.18450048048469675
771872 -0.13593028735549895
772467 -0.1517307595105849
773045 -0.1804489074863606
773722 -0.1422137575408442
774389 -0.1732746710248012
775021 -0.1369181179872594
775646 -0.14830860255560907
776248 -0.18557768371579153
776862 -0.1467010885689332
777480 -0.1756253326196367
778166 -0.16849055825250409
778811 -0.13844694736244312
779426 -0.18644153745656328
780000 -0.13051592661941597
780577 -0.14142340320279673
781231 -0.17147326163097892
781810 -0.12585644841199045
