1321386 0.6988302439113941
1321848 0.623921535250766
1322316 0.7411844135080042
1322782 0.19930781047500024
1323235 0.47658681114123763
1323811 0.9978414986021237
1324217 0.5332917989362826
1324726 0.5897474021742894
1325285 0.5779622003310478
1325826 0.5714185501605737
1326367 0.5577419208797076
1326904 0.5755528950389783
1327469 0.6050489154086567
1328017 0.5753634953012572
1328612 0.5467422198744286
1329181 0.5569191689262403
1329734 0.5601835541991707
1330266 0.5563446560545496
1330821 0.5585716638895154
1331382 0.5825704107250245
1331927 0.5694599611774425
1332518 0.5685536229084577
1333120 0.5382347582447382
1333683 0.5609831538722012
1334277 0.5703100395561622
1334850 0.5803201895802507
1335430 0.5649437322238899
1335961 0.5752706675291831
1336526 0.5647515176286091
1337073 0.5790202979650592
1337608 0.5943081263100152
1338164 0.5894775749261073
1338701 0.5595076395402453
1339240 0.5609581748356176
1339798 0.5800229735947537
1340334 0.579692765116907
1340853 0.5753387769900351
1341415 0.5789996776034232
1342016 0.5256406588821481
1342571 0.5584931977766607
1343158 0.5632891254394436
1343735 0.5760018633551562
1344290 0.5618063445565431
1344847 0.5608383306504263
1345397 0.5813182211953777
1345911 0.5346818300232423
1346416 0.560339988757139
1346912 0.5657472613730533
1347400 0.6105830826108056
1347919 0.6061356103025181
1348462 0.5681154856885001
1348968 0.5480065149907672
1349508 0.5783603234894357
1350044 0.5598501870599182
1350548 0.5590685496874254
1351074 0.5836064967299667
