1741448 -0.7520993245121403
1741778 -0.7451199664752383
1742113 -0.8217361897240403
1742447 -0.8040993768637515
1742783 -0.7249742507446302
1743122 -0.7378897908654025
1743463 -0.7520768725961524
1743807 -0.7895378496948644
1744153 -0.8112929227190688
1744496 -0.8077508408746203
1744840 -0.7374281795883839
1745183 -0.732809372686402
1745530 -0.7527036192151575
1745879 -0.7255300080288632
1746227 -0.793318846318606
1746569 -0.7418538600982449
1746914 -0.7114274170780671
1747257 -0.6988177057753467
1747604 -0.7237887283106477
1747952 -0.7559396122765742
1748301 -0.7560026947485514
1748648 -0.7566168219121268
1748993 -0.7752861596413032
1749339 -0.7801660532200237
1749682 -0.7812852693033985
1750019 -0.7902259262683915
1750357 -0.7359238793209083
1750689 -0.7103497746593198
1751021 -0.7210363205701071
1751356 -0.7686248993144887
1751694 -0.735672082993551
1752035 -0.7774419660312777
1752378 -0.6950239066816776
1752719 -0.713178384738052
1753060 -0.7257065727817327
1753399 -0.7055436799214121
1753736 -0.7199754305537603
1754070 -0.7685781139633276
1754399 -0.7256674542092162
1754724 -0.6591339680571195
1755050 -0.6562237321563472
1755375 -0.7502280338747791
1755701 -0.638201570463709
1756027 -0.6532353097980754
1756353 -0.7044491932292822
1756683 -0.686260384474874
1757016 -0.6960020356224353
1757350 -0.7291089272308919
1757685 -0.6590617377287742
1758020 -0.648630318245516
1758358 -0.6875300642330772
1758699 -0.6553623214143702
1759042 -0.7219945120992876
1759386 -0.6788147954706389
1759733 -0.6734290900873572
1760083 -0.6487412027218669
1760430 -0.7092023713874577
1760780 -0.6655741014744563
1761131 -0.6692171001979947
1761486 -0.6518107807669742
1761839 -0.7191328872625898
1762193 -0.6828524666393925
1762549 -0.651889890585503
1762907 -0.6698339628144829
1763264 -0.7175518920396806
1763616 -0.7574415298051915
1763969 -0.6819460322842964
1764322 -0.6683710948682021
1764674 -0.688664924584314
1765028 -0.6858064098423504
1765378 -0.786407658969408
1765730 -0.7783550945891267
1766082 -0.6865426430934151
1766433 -0.6949696880748991
1766785 -0.7534558327397921
1767133 -0.7497717958372716
1767480 -0.75015885109298
1767830 -0.6483785023265926
1768180 -0.6818380280860813
1768528 -0.76692054400696
1768875 -0.8079007984262762
1769227 -0.6288745487331575
1769583 -0.6360583516809545
1769942 -0.6934022851970121
1770299 -0.7208576793355026
1770649 -0.787744467865458
1770995 -0.72364559528488
