3060418 -0.6056617828341329
3060904 -0.6058657618109171
3061396 -0.6055078874207489
3061894 -0.6099976876301338
3062394 -0.6092687307472442
3062895 -0.6148529385087855
3063392 -0.6169335267279783
3063881 -0.5973037815508138
3064367 -0.6075067641658273
3064850 -0.6025927033845538
3065332 -0.6127451395110554
3065809 -0.6264447172570548
3066276 -0.6178481350787157
3066746 -0.5848830587514178
3067223 -0.585729564508136
3067702 -0.5808335250963083
3068177 -0.6107894962422264
3068646 -0.6059594631932379
3069112 -0.5692548634937459
3069595 -0.5575008077851575
3070076 -0.5661940672710566
3070562 -0.5947311738694229
3071033 -0.6035004764417131
3071490 -0.5697540385255998
3071957 -0.5490756983879514
3072426 -0.5535602945889433
3072902 -0.5718786618473104
3073376 -0.592206264123512
3073843 -0.5708883079277735
3074338 -0.5496399146022626
3074844 -0.5645490730638222
3075352 -0.5749480423349429
3075861 -0.6019243551401456
3076361 -0.5967679866236624
3076867 -0.5634216250539585
3077383 -0.5745017562133365
3077896 -0.5865762978735221
3078407 -0.5925577959812619
3078909 -0.6147359532300108
3079401 -0.6204928637301133
3079906 -0.5854213346086123
3080424 -0.5884359476881624
3080941 -0.5984147543561554
3081458 -0.6033699584641377
3081972 -0.6059695007727215
3082480 -0.6164220591968732
3082977 -0.624756316173642
3083476 -0.5857938658250477
3083980 -0.6004133342720173
3084476 -0.6233996664025047
3084959 -0.6063225546782367
3085454 -0.5841869012163075
3085950 -0.5905046360466355
3086449 -0.5977890221179281
3086942 -0.6172327745008257
3087422 -0.6218680122511164
3087898 -0.5934389407064953
3088381 -0.5668625341003346
3088865 -0.5737920389177765
3089348 -0.5860074640938651
3089815 -0.6017557114971814
