902743 -0.5331702963776095
903205 -0.546143281991889
903656 -0.5701817496908115
904113 -0.5340899886595321
904570 -0.5409244072716002
905023 -0.5554928680152196
905470 -0.5494306525781296
905914 -0.5447732331311507
906367 -0.5369564515265546
906825 -0.5302844029618112
907287 -0.5547642523463481
907737 -0.5499053992524733
908188 -0.5458135504395104
908641 -0.5585154964400626
909097 -0.5761445691000611
909547 -0.5629267786562222
909993 -0.5599194531567551
910450 -0.5617966410210065
910907 -0.5587513548478377
911365 -0.5813228568728308
911814 -0.5698021419646836
912271 -0.5513472098702654
912731 -0.5628073301442909
913185 -0.5673654017522476
913633 -0.5496983273029747
914076 -0.5474749594439082
914528 -0.540508495632281
914978 -0.5413419452532235
915430 -0.5721995633393602
915870 -0.570050423656971
916312 -0.552168074962649
916758 -0.5519408198924882
917206 -0.5670599986438867
917646 -0.5835391506586483
918087 -0.5483277333663796
918530 -0.5505197592291838
918978 -0.5451066330683156
919425 -0.563845110541534
919864 -0.5543539329154061
920314 -0.5283886845899033
920764 -0.5329447878946568
921216 -0.5484768540054992
921665 -0.560866918458226
922112 -0.5413037633342628
922566 -0.5464080624630285
923021 -0.5402779587860436
923475 -0.5660473458415527
923920 -0.5653231234552515
924363 -0.5514749049296674
924813 -0.5509936948388234
925266 -0.5495839763220298
925718 -0.5432105618053015
926164 -0.5581338575248433
926611 -0.5376425768344631
927065 -0.535802541560181
927521 -0.5387172454209556
927974 -0.5602381623316506
928421 -0.5428296075508591
928874 -0.5332733855910124
929329 -0.5311428586441178
929786 -0.5429823868303061
930239 -0.5658371996109935
930689 -0.5608249017613465
931144 -0.5742165273414982
931600 -0.544861067864163
932056 -0.5591291296735538
