1801725 -0.616560821355963
1802155 -0.6318683784254113
1802585 -0.6099768280168762
1803024 -0.5895737309408442
1803463 -0.6151732363279814
1803900 -0.6241369523290171
1804335 -0.6450473933096551
1804760 -0.6418919625336745
1805194 -0.6135348154942855
1805635 -0.6112011847173684
1806075 -0.6223138730000284
1806518 -0.6173899880517584
1806950 -0.6334465439942947
1807369 -0.6267241028471718
1807797 -0.613724926085621
1808227 -0.6083098277195635
1808660 -0.6159145340091072
1809092 -0.6342044394092943
1809514 -0.6350893779017535
1809936 -0.6127194003354259
1810364 -0.6025801145003777
1810786 -0.6491952239126895
1811201 -0.6547160615806227
1811604 -0.6925244076828716
1811999 -0.6432765937927352
1812398 -0.6334557165957562
1812798 -0.6395639113951399
1813203 -0.6658246283485463
1813592 -0.6378553748584568
1813997 -0.6167069451207579
1814407 -0.6292115246916676
1814811 -0.6154195545054174
1815211 -0.655024109604382
1815599 -0.631139604254289
1815997 -0.6268410104743918
1816396 -0.645715423432816
1816798 -0.6361166296775285
1817203 -0.66026556876284
1817600 -0.6355692202626053
1818006 -0.6025768527086958
1818422 -0.6226590290815279
1818843 -0.6349709703582269
1819264 -0.6352846397227
1819679 -0.641926004738208
1820098 -0.6232004000593995
1820527 -0.6163458843338765
1820961 -0.6421104392353634
1821380 -0.6911840700922859
1821789 -0.6919413904828341
1822201 -0.6882256251289239
1822620 -0.6454040097817648
1823043 -0.6308774881739003
1823464 -0.6350592792174325
1823876 -0.6195740927936682
1824300 -0.6013346274843305
1824732 -0.607977959306687
1825167 -0.6225985333744589
1825602 -0.6353362772331002
1826031 -0.6411258492817649
1826449 -0.6350634956916745
1826874 -0.6156106588700576
1827302 -0.6248902047770114
1827733 -0.6319074941890497
1828163 -0.6346662750516879
1828586 -0.6462592086156838
1829002 -0.6348319481219676
1829425 -0.6127828524673522
1829851 -0.6111894472538488
1830281 -0.6228640093402302
1830711 -0.6216735681562803
1831134 -0.6418222955377166
