5936484 1.5928698283179425
5936942 1.5904413100960648
5937399 1.5689958539273228
5937849 1.4752945696171669
5938307 1.548338258803542
5938764 1.5684752071113444
5939221 1.5891417670414953
5939676 1.585515825206247
5940124 1.5012729856972862
5940571 1.5420551071496955
5941024 1.5768643139089848
5941477 1.5836688754427055
5941933 1.5897289328861932
5942390 1.5492875240031279
5942838 1.4772453311920644
5943296 1.5536597365502618
5943755 1.581141035113097
5944214 1.5763970127994973
5944672 1.5651407996765527
5945126 1.4790828148015245
5945576 1.4807126847476073
5946034 1.5510560081803757
5946492 1.559509252753007
5946948 1.5644822110083907
5947404 1.5541511131517602
5947852 1.4502965056659602
5948294 1.48509865243902
5948745 1.5490667214972662
5949194 1.5737221085246889
5949644 1.568356247815714
5950092 1.5303962510762141
5950534 1.4556091333054904
5950986 1.5545426583749975
5951438 1.5858861497050407
5951891 1.5971519833258132
5952345 1.5651229340461716
5952794 1.4803790969265744
5953240 1.522623406819982
5953698 1.5912229673424716
5954157 1.619659680715815
5954620 1.5325068697406898
5955074 1.398202624550139
5955511 1.2226720007890153
5955942 1.26535921087729
5956388 1.3639095612062495
5956838 1.4435571623376817
5957291 1.4719026637558894
5957751 1.5268218068678656
5958212 1.4707306463794199
5958661 1.4170636987828598
5959125 1.4864174442250209
5959587 1.5382823258979004
5960052 1.5468217831625335
5960519 1.4829509334168531
5960974 1.4326585250885162
5961441 1.4927343781589517
5961904 1.5483343798520295
5962369 1.554486189779252
5962835 1.5038881281389958
5963288 1.6197726668809387
5963745 1.5380029501882548
5964192 1.5713539378735184
5964637 1.5638689174748908
5965083 1.5741389141597957
5965527 1.601234182796437
5965969 1.6159477928070523
