2400706 -0.5308675263121896
2401141 -0.5302118118289159
2401577 -0.5436562718321996
2402003 -0.531777344869742
2402426 -0.5311275131488695
2402858 -0.514138190111256
2403295 -0.5239969616245783
2403732 -0.5248492419406892
2404165 -0.5287016566692853
2404579 -0.5452843394694279
2404983 -0.5493591690700268
2405387 -0.5471572014070318
2405787 -0.5487213573550856
2406197 -0.5712158331445232
2406623 -0.5306500285790996
2407064 -0.5502525719946377
2407505 -0.5460428777005119
2407938 -0.5457732831727657
2408370 -0.5287357025227729
2408812 -0.5304561212843029
2409259 -0.5291879118715679
2409699 -0.542916052872678
2410126 -0.5358924338111117
2410561 -0.5329827660238771
2410995 -0.5225769148960115
2411427 -0.5786732262302475
2411842 -0.6206470841224052
2412260 -0.5414918699861049
2412682 -0.5483289541199607
2413112 -0.5580033624974262
2413546 -0.5502456303465323
2413967 -0.5527479867144391
2414389 -0.5339467839206605
2414823 -0.5310115727892941
2415269 -0.5310294202377804
2415722 -0.5488786658017037
2416165 -0.554112216009212
2416598 -0.5469343796547739
2417042 -0.5190151509529795
2417487 -0.5319338950511766
2417931 -0.5334691607237292
2418367 -0.5563678946873509
2418802 -0.5423477598799545
2419241 -0.5313757518558034
2419681 -0.516141039816414
2420124 -0.5161780097821471
2420571 -0.5280181595682414
2421018 -0.5819757535589041
2421453 -0.49931203956339093
2421887 -0.5376186473354778
2422315 -0.5378083737390648
2422745 -0.5504776661342814
2423174 -0.569831773297946
2423595 -0.5661968755114709
2424017 -0.5307330551212215
2424443 -0.5327785928013553
2424872 -0.5301135387376255
2425306 -0.5349506208252763
2425739 -0.5910557389493651
2426168 -0.5462277806650334
2426601 -0.5172727252887757
2427036 -0.566442690832905
2427470 -0.560189363620002
2427905 -0.6160979517585868
2428339 -0.6072734438779905
2428767 -0.6112531866265243
2429205 -0.5791088376434153
2429645 -0.5716057768340024
2430089 -0.596394483192532
