812675 0.9549198556048203
813082 0.896408411624785
813481 0.9426060427820744
813876 1.0752947508667905
814278 1.0891489874916926
814691 1.063285455119893
815111 0.9672406629993575
815526 0.8840534193588427
815929 0.9255729272939774
816319 1.0732707386890752
816716 1.0936184924439387
817121 1.0743001288687306
817527 1.0488239690388772
817934 0.8993407080275393
818330 0.8571020755196381
818725 0.9596328466262625
819112 1.0796764418617621
819516 1.080022406104962
819927 1.069113390639528
820340 1.008269684942122
820746 0.8716663162328869
821142 0.8441524294690161
821533 1.0078209923926889
821922 1.0874826046073949
822327 1.0730038657050678
822736 1.0396562421754292
823144 0.8937821425584397
823537 0.8437536005652446
823927 0.9977714808217841
824318 1.0812089904693543
824725 1.075280486239446
825139 1.0156652742958099
825556 0.8807071726042162
825960 0.8607555458255657
826353 1.0245609681318073
826746 1.0863253075763075
827145 1.057635691045152
827551 1.0594910997234965
827771 0.7094425925807868
828356 1.107172601320772
828756 0.8617977948064445
829142 1.0346527055417742
829537 1.0815334756192607
829935 1.0400496394561638
830336 1.0409155278207876
830728 0.9865096929115804
831104 0.8930659723985901
831476 0.8506650680132071
831842 1.0028127289196558
832210 1.0852486805918828
832593 1.0793331969419702
832984 1.063302870525797
833381 0.8880895343980149
833778 0.8287484473449505
834170 0.9459915414233372
834573 1.0720253077486182
834994 1.077044339521501
835433 1.0622346323602578
835874 0.9910483439525917
836302 0.872149305661675
836711 0.9161217780747073
837112 1.0481340205530556
837516 1.0746972767674807
837926 1.0650166792435498
838339 1.01207600825478
838747 0.8647440465987085
839149 0.8729341260049943
839545 1.0376157317687968
839951 1.093080662338364
840366 1.0672414300726407
840784 1.048640591967127
841208 0.9722524922542768
841629 0.8959011059000963
842037 0.8647354292612413
