6595459 -0.727731427694516
6595805 -0.6712312979027887
6596156 -0.6517474962695977
6596509 -0.6305742649460888
6596867 -0.6892546381417426
6597230 -0.7421262667413796
6597582 -0.714241294398302
6597924 -0.6895438207807184
6598273 -0.6710206741686565
6598621 -0.6725915355817796
6598974 -0.7297276936976081
6599322 -0.7394441377326897
6599663 -0.6911458245169012
6600001 -0.6618391695915172
6600347 -0.733549417752968
6600692 -0.729825908804848
6601030 -0.7488055591953271
6601366 -0.6987390125274956
6601701 -0.6787562179402753
6602024 -0.6697176364055712
6602361 -0.6913834608414515
6602704 -0.7549220207437582
6603037 -0.7326916318563903
6603368 -0.7356916773623743
6603696 -0.7212324793241396
6604025 -0.7335602682323281
6604358 -0.7371623097017383
6604688 -0.7287981706536607
6605007 -0.7349948200268137
6605329 -0.7432187592880007
6605650 -0.760896214788076
6605964 -0.7156446373791119
6606286 -0.7124636860998766
6606613 -0.70915784739937
6606946 -0.6755712059184116
6607280 -0.6675659476842284
6607621 -0.6890837615323671
6607959 -0.6869975305470735
6608290 -0.740058008087716
6608637 -0.6810752824271681
6608984 -0.6430925922786815
6609339 -0.6505801031520491
6609693 -0.675830926631085
6610045 -0.6949660444022459
6610391 -0.6780891134206134
6610747 -0.673014858966331
6611107 -0.6701263236785837
6611471 -0.6596117963125653
6611839 -0.6946438070404728
6612198 -0.6944496264529648
6612550 -0.6523714595114011
6612918 -0.6898488994770399
6613287 -0.6885858163310619
6613654 -0.6968400503265846
6614025 -0.7174543150864398
6614387 -0.7348945799225253
6614743 -0.6482936639070267
6615110 -0.6499709520003102
6615480 -0.6667711910416271
6615853 -0.6797397814585783
6616222 -0.6736892958192545
6616583 -0.734156048674432
6616931 -0.7114634995199716
6617290 -0.6957903258225002
6617652 -0.6450754567479922
6618016 -0.6815486722016099
6618382 -0.6883933140851193
6618739 -0.7189882393386784
6619089 -0.7079947249221812
6619450 -0.6756886605985879
6619817 -0.665882867332319
6620188 -0.6421841263628073
6620562 -0.6742516896735742
6620926 -0.7091204991214136
6621284 -0.7221398286199641
6621636 -0.714401628997907
6621995 -0.6794044390798114
6622352 -0.661639431181491
6622711 -0.6898727992401041
6623067 -0.6882866022466383
6623417 -0.7014414004299473
6623763 -0.6693736022744741
6624119 -0.6493266631478865
6624478 -0.6710093631431007
6624838 -0.7489724908522734
