6056549 1.5594821333237303
6056945 1.612267564818241
6057343 1.6134617687528128
6057742 1.5544015180136728
6058147 1.5520279286614587
6058557 1.5835589990639531
6058987 1.6010081156410876
6059401 1.5198822035471657
6059795 1.531168327148638
6060176 1.4477935981929764
6060559 1.5465501605132652
6060942 1.6035826147404715
6061345 1.5512115552871693
6061750 1.4793279596889497
6062155 1.4700844646008133
6062564 1.5271281260624376
6062981 1.57592005739188
6063413 1.5983545345343533
6063850 1.578164423193509
6064277 1.435559703350322
6064691 1.5219982922816842
6065118 1.5613081844793606
6065549 1.5927518779577823
6065974 1.5751668548676372
6066393 1.4676249680056594
6066796 1.454555402963174
6067199 1.608173508112605
6067607 1.6226732816688008
6068013 1.603135475509485
6068422 1.5881120966418472
6068825 1.5146017610564282
6069222 1.5556720857513473
6069641 1.611362967001094
6070066 1.5963406366476398
6070491 1.6008924685171735
6070901 1.523334658795064
6071305 1.62520824801172
6071714 1.623828515355715
6072135 1.6183083529820008
6072553 1.620134158834423
6072956 1.499779502181481
6073359 1.630587047983431
6073769 1.6952197120992396
6074179 1.664677708957317
6074576 1.7204495675882479
6074958 1.6868875772900012
6075340 1.6790409405633677
6075708 1.654551313570598
6076104 1.6267372900136714
6076501 1.5430296672268113
6076890 1.5447354019042756
6077281 1.577929872115929
6077691 1.590800763286441
6078117 1.5708116912331695
6078545 1.5255736884493099
6078955 1.4761141478420892
6079352 1.532023514800938
6079783 1.5549991452786
6080223 1.5526465583359434
6080651 1.5398704489284074
6081068 1.461028992702214
6081481 1.5438891008002176
6081898 1.6175368152243368
6082322 1.6166440898991166
6082746 1.6201118274162152
6083169 1.5460980290234105
6083582 1.5048011920454607
6084005 1.6170693751961456
6084430 1.6379620005176252
6084851 1.6137583479843571
6085277 1.6177198405714304
6085698 1.5363758123994016
6086107 1.522508824916363
