93446 -0.6659779413575985
93774 -0.7645578185092994
94101 -0.7347635172178268
94427 -0.700989767949618
94754 -0.5665373609272575
95078 -0.6504537395631476
95402 -0.6641575047875712
95725 -0.6387991212207624
96049 -0.5860844359308278
96374 -0.6138502785907506
96698 -0.6263285992421953
97021 -0.6941657170063894
97344 -0.6299442448321113
97667 -0.7177227273976838
97993 -0.5295196846180991
98318 -0.7841187627460304
98640 -0.7536133030264467
98963 -0.6084997093724407
99285 -0.5739960574789323
99608 -0.5722424002739788
99930 -0.6145381846318463
100252 -0.6596094204419711
100576 -0.5637693395039842
100898 -0.5945691103041735
101221 -0.6216088749342275
101544 -0.6779018195657159
101865 -0.7249513297792137
102186 -0.6106739153075472
102507 -0.5847905953037194
102826 -0.8146565544353586
103144 -0.7094918724416929
103464 -0.7556177793026758
103781 -0.569451736186474
104098 -0.6084253174955396
104417 -0.5179630481119458
104736 -0.4632351006611601
105057 -0.693223626911672
105376 -0.6200021324149504
105694 -0.6221447142624223
106013 -0.6003951926965069
106333 -0.6924107047802388
106652 -0.7826615421168459
106970 -0.7435657006009814
107288 -0.7365868771662891
107607 -0.7383741002731714
107926 -0.7115743477776918
108245 -0.6546993088229132
108565 -0.5650641595641717
108885 -0.5618519998911744
109206 -0.6690591139260482
109525 -0.6680370875237702
109843 -0.65619070784719
110161 -0.5510952370820927
110478 -0.5793622192156631
110796 -0.5872990266540076
111112 -0.6827960488084517
111428 -0.6558133727623678
111744 -0.6460921455690067
112059 -0.9086084689681885
112373 -0.7437105919490078
112689 -0.8519867183978401
113005 -0.6909072133058519
113322 -0.7435815878560353
113638 -0.52783123645518
113957 -0.602336134706711
114277 -0.7216562357056985
114594 -0.7458590535946894
114914 -0.7406334782304236
115233 -0.5801631655516082
115553 -0.6177628305404165
115873 -0.6963758910597709
116192 -0.7145317625965508
116510 -0.6894378010183275
116829 -0.6017799697449158
117148 -0.5972091589081865
117468 -0.6547514525965747
117787 -0.6573005595569598
118105 -0.8422302048018503
118421 -0.6921043696544412
118738 -0.6780628465511992
119054 -0.7340781235931388
119371 -0.6750717323488645
119687 -0.6317418724193669
120002 -0.6377917616182128
120319 -0.6188000465363184
120636 -0.5864509282778032
120953 -0.6639328597815608
121271 -0.7949569737452356
121589 -0.7478929102604832
121907 -0.6620458282164396
122225 -0.49164483919340035
122542 -0.35419883397984253
122860 -0.5823141487727663
123178 -0.7293816322372217
