4528590 -0.7064210485465848
4528913 -0.6885635721369835
4529234 -0.7538949904124306
4529548 -0.7382181049284047
4529861 -0.7245472662835888
4530178 -0.7064380215651103
4530496 -0.6859471107124255
4530815 -0.6943111477283319
4531134 -0.7571143174431167
4531460 -0.6206033824390554
4531784 -0.6020554520796138
4532111 -0.6112101813782577
4532435 -0.6415844141747205
4532759 -0.6386309453365339
4533080 -0.6775978039471482
4533397 -0.6934430452002175
4533717 -0.6041385971822715
4534038 -0.5930888024375183
4534364 -0.5956002382903821
4534693 -0.6920444709598004
4535021 -0.6815310410665942
4535350 -0.615212053548402
4535681 -0.5758422451519862
4536020 -0.7057831408538017
4536355 -0.6539606729704841
4536687 -0.7055157721475132
4537018 -0.6152918018217273
4537354 -0.5736618112104097
4537689 -0.6828922750699916
4538022 -0.6940215709972939
4538349 -0.577755006454297
4538686 -0.621256923189718
4539021 -0.6081312384941853
4539356 -0.7159985994023836
4539684 -0.6857558175317373
4540009 -0.6496267323544171
4540337 -0.6229877469867368
4540664 -0.5618030473231215
4540987 -0.6645291150442445
4541305 -0.7463756870877367
4541623 -0.6835881248440716
4541935 -0.6355448935901743
4542254 -0.6262093318457259
4542576 -0.7005902285367656
4542895 -0.7524212876223788
4543220 -0.6685087592201902
4543545 -0.6520883395860921
4543879 -0.6525695100874322
4544217 -0.6913760815881919
4544553 -0.7479703953177269
4544895 -0.6488295835189448
4545240 -0.6306859849617421
4545590 -0.6207666699975619
4545940 -0.7092193439491778
4546288 -0.6875436860691418
4546637 -0.6054049518176075
4546988 -0.592212617315548
4547339 -0.6133099634903576
4547688 -0.714525655187744
4548033 -0.7133311270088547
4548377 -0.6011845636726045
4548718 -0.6890008805805192
4549058 -0.6362047604598736
4549398 -0.7069451866906844
4549736 -0.7104297358586724
4550078 -0.6359681877297708
4550419 -0.6377073213780422
4550757 -0.7843109017588359
4551097 -0.72894665644688
4551437 -0.7267418657024804
4551776 -0.6192435967967106
4552113 -0.66050032363356
4552447 -0.7005665291964569
4552773 -0.7776139996904518
4553097 -0.7449452683135185
4553415 -0.7441709911738779
4553732 -0.6804249074645918
4554047 -0.7313366599943376
4554361 -0.7795560342879277
4554677 -0.7973451636247371
4554993 -0.7370702344532772
4555306 -0.684580936794051
4555625 -0.7580359155002754
4555944 -0.701293980712383
4556263 -0.7375289266878404
4556582 -0.760410868311866
4556898 -0.7556115529406057
4557210 -0.8127444156851171
4557520 -0.77139510543986
4557833 -0.7055368025824248
4558148 -0.6725247124280951
