2880272 -0.541038794690341
2880723 -0.5309316570043381
2881184 -0.46890143397599837
2881644 -0.4536954853920025
2882108 -0.4519700784957279
2882563 -0.5197716419550198
2883017 -0.5356113430213978
2883479 -0.47232093908981315
2883944 -0.45432216510294643
2884408 -0.45911498506736276
2884874 -0.4872882745176214
2885331 -0.5298791285312201
2885789 -0.4908489328047501
2886251 -0.45572635559117314
2886713 -0.45598613292765344
2887170 -0.49821938823507517
2887619 -0.5367478972396895
2888065 -0.5129858719795846
2888520 -0.4609841071628595
2888975 -0.4667731519230362
2889433 -0.47429171477432186
2889889 -0.4999271019417635
2890339 -0.5279919152478381
2890792 -0.49325838731012844
2891251 -0.4689424699353266
2891709 -0.47810792758853937
2892167 -0.49129209302094085
2892620 -0.5338563919829933
2893064 -0.5294644704944268
2893514 -0.4714744364434168
2893966 -0.4641443422757458
2894418 -0.4840585035925166
2894862 -0.539992761379184
2895304 -0.5251668607369684
2895754 -0.47337403150008756
2896206 -0.4748702039738111
2896660 -0.4808868989327738
2897106 -0.5278001139245929
2897548 -0.5341560819422349
2897995 -0.47305061863727305
2898444 -0.46648180719207955
2898895 -0.47602016077592435
2899339 -0.5300479887153782
2899778 -0.5333244245320223
2900225 -0.4810037647852536
2900679 -0.462747577692852
2901134 -0.4671378333910547
2901587 -0.47777324601075266
2902035 -0.5291828126758409
2902479 -0.5329156028801443
2902931 -0.46382994781500814
2903386 -0.46167365341878197
2903841 -0.4728457717076305
2904290 -0.5268817342252243
2904735 -0.5439222447528685
2905187 -0.46902113432885206
2905642 -0.4463708310279305
2906098 -0.4548357185761973
2906551 -0.456764192450638
2906997 -0.523266836426427
2907435 -0.5476339067272047
2907878 -0.4595791153521813
2908322 -0.4468989966522172
2908769 -0.4436459366595388
2909218 -0.48943949713517626
2909661 -0.5348956128705287
