2999954 -0.4446466844614173
3000307 -0.39271635859791787
3000662 -0.3776281551698482
3001013 -0.38360010675635386
3001359 -0.4170681809669618
3001709 -0.42873211717644694
3002057 -0.43368211828620484
3002406 -0.4030373979097061
3002753 -0.3877031543286419
3003100 -0.37440361268099426
3003444 -0.42986613178872035
3003788 -0.437079996729788
3004134 -0.4301962111007479
3004484 -0.44518336448534346
3004835 -0.3983521546617691
3005183 -0.38741215680306573
3005534 -0.37636931135905327
3005883 -0.42742521629011027
3006235 -0.42558816105792724
3006589 -0.43911975076275395
3006946 -0.43918794171923714
3007306 -0.44015994398697317
3007667 -0.38659100850188527
3008029 -0.37199470172890237
3008392 -0.3889041729864424
3008755 -0.4284681270141883
3009122 -0.4279506033508846
3009489 -0.43276309732397183
3009852 -0.3905481075467657
3010211 -0.3802644740250266
3010572 -0.43169426934015726
3010937 -0.43221891728500916
3011305 -0.43426593827622123
3011673 -0.42611916244461
3012041 -0.38690478054118893
3012411 -0.38085436524458016
3012781 -0.3864903790073388
3013151 -0.4135253978370155
3013522 -0.42033806311475364
3013894 -0.43248278546387486
3014268 -0.3995343569412506
3014634 -0.38726676686746203
3014994 -0.35797801016898356
3015347 -0.37365710862879425
3015696 -0.4242835533361949
3016040 -0.37913304482494
3016381 -0.40127631307150274
3016718 -0.3823256421470557
3017053 -0.36856944403084174
3017385 -0.4164650472947165
3017715 -0.4408941809641014
3018043 -0.4345097110531787
3018374 -0.3868981078518452
3018704 -0.3640731634905832
3019040 -0.37068176801794195
3019380 -0.41978270764370956
3019728 -0.4320139731052809
3020078 -0.4248984067884491
3020433 -0.4323643877786027
3020791 -0.3788001228004909
3021148 -0.38336993007024234
3021514 -0.3805254528191044
3021883 -0.4204296086228342
3022254 -0.42567749542442196
3022624 -0.39451079081775364
3022992 -0.3766403836184632
3023360 -0.37377977380482186
3023730 -0.4335535629067971
3024098 -0.4286215100114204
3024465 -0.4401305743148871
3024828 -0.38293985110847084
3025187 -0.39642275443554464
3025547 -0.3770310939810334
3025906 -0.38405629840736055
3026264 -0.42745490324700836
3026625 -0.42576452311027063
3026985 -0.4236212489371221
3027349 -0.3879663572238064
3027711 -0.379316216504619
3028073 -0.37761713087583354
3028438 -0.37358156906256873
3028807 -0.4224554950463953
3029181 -0.42984228475181135
3029562 -0.3847032662690573
