68.24
69.30
71.18
72.75
72.37
70.29
69.00
68.34
67.32
67.05
68.35
70.33
71.50
70.31
68.28
67.63
68.07
69.46
72.62
75.00
71.52
68.26
69.84
71.99
72.20
71.90
73.09
76.08
74.90
70.41
69.38
69.73
68.52
66.82
65.98
66.95
68.42
67.93
65.97
63.84
61.98
60.64
59.94
60.17
61.81
64.27
65.02
63.68
62.88
63.09
63.12
62.91
63.10
64.58
67.92
69.58
66.41
64.44
66.48
68.39
68.11
67.63
68.58
71.53
71.91
67.48
65.85
67.94
68.44
66.67
65.08
64.51
64.96
65.41
65.05
64.01
62.72
61.79
61.45
61.69
62.44
63.55
64.44
64.34
63.62
63.04
62.76
62.77
63.24
64.11
64.51
63.99
63.41
63.36
63.85
64.70
65.52
65.93
65.68
65.00
64.33
63.96
64.08
64.86
65.98
66.04
64.78
63.95
63.73
62.95
62.05
62.32
63.48
64.51
64.68
63.69
62.40
61.72
61.97
63.06
63.96
63.93
63.31
62.79
63.31
64.83
66.11
66.45
65.84
64.40
62.52
61.60
62.67
64.88
66.79
66.66
64.16
61.62
60.44
61.06
63.09
65.16
66.36
66.54
66.71
68.23
70.41
72.09
73.94
76.08
77.22
77.86
78.28
75.64
71.92
70.85
72.62
73.38
66.34
58.29
54.88
54.15
54.50
56.11
59.39
62.37
61.58
58.42
56.39
55.60
55.15
55.35
57.24
60.40
62.52
62.36
61.13
60.16
60.53
62.32
64.62
66.81
68.68
69.97
70.55
71.23
72.14
70.64
66.70
63.13
61.37
61.84
62.76
61.97
59.09
55.13
52.44
52.13
52.81
52.87
52.53
52.82
54.01
55.62
57.01
57.34
56.20
54.78
54.12
54.04
54.10
54.15
54.15
54.32
55.09
56.43
57.45
57.46
56.77
55.98
55.84
56.82
57.78
57.25
56.58
57.97
60.49
61.10
60.06
60.24
61.74
62.71
62.64
62.12
61.83
62.31
63.28
64.06
64.25
63.71
62.82
62.05
61.71
61.85
61.99
61.90
62.11
62.70
62.84
62.16
61.13
60.24
59.94
60.18
60.53
60.67
60.44
60.12
60.31
60.85
60.90
60.31
59.63
59.32
59.76
60.55
60.64
60.06
59.84
60.05
60.11
60.16
60.91
62.07
62.44
62.07
62.02
62.24
62.06
61.92
62.67
64.15
65.69
66.37
65.62
64.47
63.73
63.03
62.43
62.88
64.48
66.21
67.20
66.94
65.54
63.60
62.04
61.57
62.11
63.48
65.52
67.60
68.04
66.85
66.61
67.43
67.67
67.73
68.61
69.65
69.91
68.96
67.30
65.89
64.25
61.83
59.97
59.78
61.43
64.40
65.74
63.95
63.09
64.75
66.22
66.22
65.95
66.22
67.22
67.87
66.99
65.69
64.86
63.97
62.74
61.38
60.56
61.20
62.66
63.12
62.77
63.17
63.92
63.71
63.40
64.41
66.15
67.47
67.63
66.75
66.30
66.43
65.91
64.72
63.63
63.29
64.02
65.00
65.34
65.37
65.54
66.03
67.05
68.89
70.96
71.78
70.47
67.56
65.70
64.95
62.82
59.95
58.56
58.79
59.99
60.89
60.01
58.06
56.70
56.15
56.02
56.05
56.10
56.30
57.08
58.32
58.99
58.58
57.91
57.60
57.59
57.72
57.80
57.72
57.58
57.63
58.53
60.76
62.38
60.97
58.80
58.64
59.46
59.50
59.09
59.12
59.56
60.03
60.25
60.02
59.76
60.07
61.37
63.89
66.46
67.32
67.45
68.45
70.16
71.86
72.42
71.84
70.94
69.78
68.48
67.73
67.39
66.64
65.66
64.91
64.28
63.73
63.82
64.59
64.98
64.73
64.75
65.29
66.00
66.37
66.00
65.16
64.33
63.72
63.41
63.24
63.20
63.44
63.62
62.85
61.40
60.43
60.33
61.10
62.31
63.21
63.37
62.71
62.01
62.21
63.24
64.66
65.68
65.73
65.46
65.44
65.55
66.20
68.59
71.58
71.94
71.47
72.91
74.34
74.86
75.88
76.55
75.98
75.67
76.63
78.52
78.04
78.00
82.47
70.04
54.28
54.30
62.68
66.03
64.69
71.95
84.17
85.11
85.74
90.19
89.99
88.09
89.56
93.04
92.53
92.19
93.19
94.16
94.08
93.43
92.72
92.03
89.23
83.19
80.60
79.54
77.15
76.29
77.18
77.86
75.01
70.61
67.93
66.13
64.34
62.39
61.27
62.43
64.17
63.11
60.79
60.16
60.17
59.03
57.66
57.38
57.99
58.95
60.23
61.90
62.75
61.28
59.49
59.93
61.06
60.32
58.82
58.59
59.54
60.91
61.63
60.86
60.20
61.51
63.11
62.43
61.35
62.28
64.30
65.92
67.16
68.07
67.67
66.01
64.57
63.45
61.99
60.70
60.47
61.32
62.91
63.59
61.95
59.93
59.37
59.66
59.99
60.12
60.15
60.78
62.40
63.58
63.14
62.62
63.34
64.79
66.37
67.80
68.85
69.40
69.34
68.63
67.76
67.25
67.43
68.04
68.09
66.86
64.34
62.20
61.71
61.55
60.58
59.51
59.10
59.52
60.63
61.38
61.01
60.25
59.79
59.63
59.76
60.40
61.52
62.31
62.26
62.12
62.53
63.53
64.72
65.04
64.45
64.22
64.71
65.51
66.39
67.17
67.24
66.32
65.76
66.22
66.61
66.76
67.66
68.51
67.61
66.65
67.30
67.65
66.67
66.02
66.31
67.14
67.97
68.33
68.32
68.08
67.39
66.81
67.81
69.24
68.38
67.25
68.09
68.28
66.72
66.20
67.05
67.51
67.00
65.79
64.64
64.15
64.39
65.08
65.41
65.05
64.33
63.75
63.83
64.65
65.94
66.67
66.01
65.28
65.38
65.49
65.33
65.61
66.50
67.61
68.19
67.68
67.49
68.56
69.19
68.92
69.46
69.84
68.01
66.17
65.92
65.16
63.31
62.19
62.41
63.62
64.82
64.62
63.75
63.71
63.70
62.69
61.81
62.10
63.07
63.95
63.77
62.42
61.25
60.82
60.66
60.52
60.50
60.77
61.52
62.25
61.82
60.52
59.92
60.14
60.26
60.37
61.27
62.59
62.94
62.47
62.40
62.80
63.14
63.50
64.16
64.93
65.47
65.65
65.54
65.54
65.76
65.71
65.56
66.10
67.11
67.75
67.87
67.68
67.30
66.82
66.19
65.61
65.46
65.84
66.55
66.48
64.88
63.27
62.65
62.43
62.30
62.53
63.08
63.38
63.21
62.67
62.24
62.54
63.20
63.36
63.28
63.63
64.36
65.10
65.16
64.26
63.38
63.16
63.45
64.02
64.73
65.28
65.28
64.78
64.18
63.83
63.96
64.10
63.97
64.42
65.82
66.86
66.76
66.27
65.88
65.62
65.51
65.54
65.82
66.43
67.36
68.20
67.77
66.23
65.14
64.80
64.91
65.51
66.56
67.13
66.64
66.04
65.77
65.40
65.16
65.80
67.26
68.93
69.37
68.01
67.09
67.48
68.02
68.30
68.55
68.83
69.01
68.53
67.40
66.46
65.78
64.97
64.25
64.02
64.47
65.50
66.14
65.75
64.73
63.69
63.30
63.64
64.39
65.33
66.22
66.23
64.81
63.38
63.06
63.45
64.07
64.50
64.52
64.12
63.64
63.62
64.19
65.13
65.90
66.09
66.98
69.56
71.67
72.10
73.00
74.06
73.20
70.93
68.67
67.72
66.97
64.69
62.78
62.71
62.64
61.51
60.99
61.71
62.09
61.58
61.68
62.82
63.69
64.04
65.12
66.99
68.56
69.80
71.37
72.88
73.93
75.14
76.12
75.77
75.31
75.17
73.75
70.23
66.10
65.69
67.52
64.18
58.60
57.17
58.19
58.22
57.91
59.65
62.45
62.93
61.19
59.77
59.06
58.59
58.78
60.36
62.61
63.81
63.22
61.16
59.19
58.67
59.09
59.62
60.50
62.21
63.43
62.34
60.30
59.21
59.16
59.89
61.03
62.18
63.01
63.31
63.29
63.24
63.32
63.58
63.93
64.29
64.67
64.94
64.78
64.19
63.42
62.73
62.35
62.35
62.59
62.14
60.38
58.78
58.47
58.48
57.89
57.47
58.06
59.15
59.98
60.71
61.83
63.14
64.09
64.25
63.43
62.25
61.28
60.46
59.63
58.75
57.92
57.58
57.90
58.40
58.63
58.59
58.38
58.14
57.97
57.72
57.32
57.20
57.81
58.60
58.72
58.94
60.74
62.99
62.81
61.19
61.07
62.08
62.52
62.39
62.37
62.74
63.44
63.83
63.38
62.84
62.75
62.52
61.93
61.77
62.36
63.24
63.93
64.11
63.96
64.15
64.67
65.06
65.33
65.71
66.26
66.80
66.69
65.90
65.71
66.33
66.59
66.60
67.30
68.35
68.91
68.66
67.74
66.84
66.22
65.76
65.63
65.97
66.05
65.27
64.28
63.63
63.36
63.59
64.58
65.62
65.04
63.60
63.29
63.91
64.57
65.41
66.55
66.68
65.45
65.27
66.42
66.36
65.41
66.06
68.04
69.68
69.80
68.24
66.63
66.24
67.75
70.03
70.82
69.85
68.04
66.56
66.17
67.23
68.81
69.20
68.36
67.13
66.64
67.26
68.33
68.88
67.96
66.79
66.78
67.20
67.45
68.11
69.00
69.00
68.51
68.52
68.41
67.80
67.95
68.74
68.44
68.13
70.00
72.70
74.27
74.81
74.98
75.42
76.23
76.91
76.45
75.15
73.92
73.17
72.67
71.93
70.98
70.43
71.33
72.46
71.36
69.56
68.87
69.38
70.76
72.23
72.36
70.55
69.23
69.51
70.66
71.95
72.54
71.58
69.51
68.33
67.91
67.38
67.97
70.21
71.00
69.51
68.79
68.96
68.88
69.34
70.96
72.81
73.86
73.53
73.21
74.01
74.85
75.52
76.39
75.46
72.76
71.38
71.27
71.42
71.77
71.46
69.04
66.20
65.00
65.52
67.17
68.39
68.45
68.07
67.48
66.68
66.21
66.63
68.20
70.54
72.02
72.02
71.29
70.69
70.56
70.12
69.50
69.67
70.67
71.42
68.72
63.97
62.88
64.86
66.21
66.62
67.42
67.66
66.48
65.38
65.02
64.38
63.62
63.88
64.88
65.44
65.00
63.62
62.29
61.73
61.41
61.04
61.41
62.77
63.63
63.18
62.64
62.67
62.81
