56.99
57.29
58.20
58.61
58.09
57.42
57.14
57.17
57.46
58.12
59.06
59.65
59.41
59.17
59.70
60.48
60.93
61.61
63.04
64.13
63.84
63.01
62.38
61.58
60.57
60.02
60.23
60.85
61.33
60.93
59.63
58.34
57.60
57.53
57.95
58.32
58.23
57.62
56.77
56.40
56.85
57.37
57.35
57.53
58.69
60.00
60.23
59.63
58.96
58.35
57.76
57.39
57.49
58.16
59.32
60.42
60.53
59.80
59.11
58.64
58.19
58.06
58.84
60.16
60.77
60.46
60.05
59.89
59.89
59.96
60.04
60.26
60.88
61.55
61.33
60.42
59.85
59.76
59.74
59.96
60.95
62.04
61.62
60.28
59.90
60.30
60.24
60.10
61.04
62.19
61.55
59.91
59.22
59.28
59.15
59.08
59.78
60.65
60.42
59.27
58.13
57.44
57.39
57.70
57.86
57.81
57.86
58.22
59.02
60.00
60.42
60.16
59.97
60.08
60.08
59.99
60.37
61.13
61.29
60.60
59.71
58.86
57.85
56.93
56.77
57.25
57.25
56.48
56.08
56.63
57.28
57.40
57.68
58.80
60.04
60.42
60.26
60.20
60.14
59.80
59.43
59.41
60.11
61.78
63.91
65.65
66.53
66.56
67.05
68.92
71.66
73.98
74.03
72.89
71.92
69.10
65.20
63.11
62.42
61.71
60.50
58.82
57.47
57.07
57.42
58.08
58.31
57.49
56.22
55.41
54.99
54.55
54.32
54.97
56.30
56.93
56.15
55.03
54.42
54.25
54.36
54.90
56.07
57.30
57.56
56.93
56.45
56.55
57.01
57.76
58.93
60.24
60.34
58.89
57.98
58.69
59.76
60.19
60.72
61.91
62.84
62.80
62.42
62.19
61.83
61.31
61.07
61.45
62.52
63.64
63.21
61.23
59.20
57.80
57.19
57.35
58.25
59.61
60.89
61.68
61.85
61.44
60.68
59.96
59.69
60.14
61.38
62.57
62.06
60.16
58.65
57.94
57.68
57.91
58.93
60.30
60.81
60.21
59.28
58.55
58.30
58.33
58.06
57.67
58.16
59.60
60.72
60.70
59.92
58.92
58.15
57.81
57.65
57.72
58.51
59.97
60.57
59.43
58.24
58.07
57.98
57.30
56.81
57.19
57.98
58.55
58.63
58.17
57.79
58.20
58.94
59.10
58.72
58.31
58.01
57.75
57.59
57.66
58.09
59.02
60.12
60.53
60.09
59.51
59.12
58.79
58.70
59.32
60.43
60.87
60.35
59.85
59.70
59.29
58.74
58.92
59.77
59.85
58.90
58.48
59.08
59.61
59.51
59.43
59.79
60.43
61.02
61.00
60.27
59.60
59.30
58.89
58.37
58.52
59.51
60.17
59.75
58.85
58.03
57.36
56.88
56.71
56.93
57.57
58.50
58.86
57.90
56.70
56.51
56.94
57.12
57.22
57.85
58.73
58.88
58.25
57.66
57.32
56.97
56.59
56.54
56.98
57.77
58.53
58.37
56.94
55.35
54.48
54.25
54.49
55.23
56.49
57.69
57.79
56.89
56.08
55.72
55.46
55.18
55.18
55.66
56.61
57.91
58.98
59.22
58.80
58.15
57.48
56.91
56.87
57.82
59.12
59.42
58.71
57.97
57.47
56.98
56.69
57.13
58.12
58.65
58.24
57.48
56.86
56.58
56.68
56.95
57.26
57.89
59.03
59.86
59.52
58.67
58.20
58.05
57.87
57.63
57.44
57.68
58.79
60.11
60.29
59.53
59.10
59.09
58.87
58.46
58.38
58.91
60.13
61.25
60.59
58.61
57.54
57.67
57.81
57.93
59.20
61.51
62.57
61.55
60.56
60.40
60.23
59.80
59.61
60.03
61.29
62.70
62.49
60.73
59.36
58.89
58.78
58.98
59.85
61.07
61.58
61.05
59.98
58.81
57.88
57.49
57.91
58.77
59.03
58.38
57.43
56.65
56.17
56.11
56.50
57.30
58.19
58.82
58.82
58.04
57.07
56.49
56.29
56.35
56.87
58.12
59.47
59.78
59.12
58.46
57.96
57.24
56.71
57.29
58.72
59.31
58.53
57.68
57.30
56.87
56.30
56.39
57.46
58.51
58.61
58.14
57.65
57.18
56.71
56.73
57.71
59.31
60.77
61.55
61.37
60.49
59.40
58.36
57.52
57.46
58.76
60.13
59.14
56.56
54.89
54.33
53.93
53.66
54.40
56.29
57.72
57.27
55.91
54.84
54.29
54.28
54.80
55.83
56.98
57.42
56.91
55.93
55.00
54.64
55.08
56.09
57.26
57.82
57.12
56.02
55.64
55.87
56.11
56.40
57.20
58.41
59.34
59.61
59.42
58.99
58.58
58.36
58.42
58.89
59.96
61.34
61.61
60.25
58.87
58.36
58.22
58.23
58.76
59.90
60.64
60.29
59.52
58.99
58.82
59.05
59.75
60.76
61.06
60.10
59.08
58.80
58.39
57.40
57.18
58.65
60.21
60.03
58.97
58.34
57.95
57.44
57.31
58.11
59.15
59.31
58.75
58.22
57.82
57.38
56.94
56.71
56.95
58.02
59.46
59.81
58.92
58.40
58.65
58.59
57.94
57.73
58.43
59.55
60.44
60.35
59.11
57.77
57.06
56.94
57.37
58.31
59.56
60.12
59.25
58.03
57.59
57.68
57.83
58.00
58.26
58.85
59.94
60.74
60.08
58.72
58.07
57.96
57.67
57.59
58.63
60.21
60.59
59.75
59.12
58.83
58.09
57.15
57.00
57.84
59.16
60.27
60.34
59.30
58.26
57.74
57.54
57.50
57.63
58.05
59.20
60.97
61.53
59.80
57.88
57.17
57.02
56.91
57.37
58.75
59.85
59.39
58.22
57.62
57.65
58.08
58.91
60.16
60.91
59.98
58.31
57.55
57.62
57.84
58.27
59.36
60.61
60.73
59.85
59.22
58.97
58.51
58.08
58.52
59.59
60.11
59.82
59.57
59.48
58.96
58.23
58.37
59.50
60.58
60.99
60.89
60.47
59.83
59.15
58.64
58.63
59.54
61.01
61.38
60.16
58.82
57.90
56.76
55.61
55.66
57.14
58.30
57.78
56.65
56.03
55.77
55.67
56.08
57.43
58.84
58.84
57.68
56.75
56.56
57.07
58.14
59.53
60.64
60.45
59.04
57.91
57.67
57.92
58.47
59.51
60.71
60.64
58.92
57.41
56.97
56.75
56.28
56.33
57.33
58.24
57.92
57.19
57.10
57.27
56.97
56.66
57.22
58.55
59.90
60.67
60.53
59.69
58.83
58.37
58.56
59.39
60.64
61.76
61.86
61.00
60.26
59.95
59.78
59.50
58.94
58.82
60.47
63.37
64.72
64.00
63.38
63.22
62.83
62.60
63.16
63.57
62.59
60.57
58.28
56.35
55.19
54.94
55.54
56.23
56.09
55.33
54.60
54.13
53.85
53.95
54.88
56.54
57.59
56.97
55.89
55.61
55.75
55.66
55.58
56.06
56.96
57.65
57.82
57.51
56.90
56.32
55.95
55.73
55.75
56.46
58.00
59.15
58.67
57.46
56.76
56.60
56.73
57.28
58.47
59.67
59.73
58.83
58.12
57.86
57.74
57.93
59.04
60.76
61.66
61.24
60.57
60.19
60.12
60.46
61.41
62.48
62.35
61.16
60.27
59.83
59.21
58.70
59.08
60.17
61.02
61.14
60.53
59.58
58.96
59.08
60.23
61.75
62.14
61.46
60.99
60.89
60.68
60.55
61.01
61.81
62.24
61.72
60.05
58.40
57.98
58.30
58.47
58.82
60.12
61.41
60.79
58.91
57.52
56.90
56.74
56.78
56.87
57.26
58.58
60.35
60.71
59.33
58.03
57.48
57.08
56.70
56.83
57.73
59.06
60.18
59.83
57.74
56.06
56.04
56.39
55.96
55.78
57.08
58.79
58.95
57.83
56.93
56.51
56.22
56.24
57.20
58.78
59.42
58.53
57.35
56.63
56.36
56.57
57.53
59.15
60.00
58.94
57.56
57.28
57.67
58.05
58.60
59.61
60.44
60.18
59.31
58.68
58.40
58.31
58.63
59.68
60.81
60.89
60.10
59.35
58.82
58.43
58.44
59.23
60.34
60.75
60.27
59.38
58.36
57.42
57.07
57.94
59.49
60.10
59.52
58.96
58.80
58.55
58.19
58.24
58.93
60.13
61.25
61.06
59.65
58.99
59.51
59.70
59.04
58.68
59.15
60.08
60.89
60.81
59.72
58.63
58.07
57.89
58.09
59.00
60.46
61.08
60.13
58.97
58.46
58.19
57.97
58.37
59.55
59.96
58.56
56.95
56.43
56.60
56.90
57.54
58.77
59.73
59.25
58.11
57.70
57.75
57.32
56.75
57.00
58.03
59.05
59.50
59.14
58.30
57.77
57.86
58.34
59.13
60.45
62.00
62.42
61.36
60.56
60.61
60.46
59.98
60.29
61.38
61.63
60.53
59.11
57.91
56.94
56.41
56.75
57.88
58.89
59.07
58.39
57.17
56.03
55.41
55.36
55.87
56.94
58.44
59.64
59.57
58.55
57.49
56.76
56.43
56.73
57.95
59.35
59.12
57.56
57.08
58.13
58.98
58.91
59.10
60.12
61.23
61.62
60.86
59.30
58.26
58.15
58.07
57.74
58.11
59.47
60.41
59.83
58.48
57.12
55.94
55.13
55.23
56.58
58.16
58.62
58.17
57.70
57.49
57.49
57.68
58.05
58.71
59.77
60.70
60.32
58.77
57.44
56.78
56.52
56.68
57.71
59.42
60.46
60.01
59.08
58.40
57.94
57.58
57.33
57.29
57.86
59.15
59.88
58.95
57.60
57.12
56.96
56.44
56.27
57.42
59.07
59.46
58.79
58.54
58.73
58.46
57.95
58.17
59.18
60.18
60.64
60.42
59.61
58.49
57.64
57.85
59.19
60.82
61.90
61.75
60.56
59.48
58.84
58.13
57.43
57.55
58.60
59.66
59.99
59.38
58.17
57.34
57.20
56.94
56.24
56.23
57.63
59.22
59.51
58.69
57.56
56.68
56.43
56.77
57.51
58.59
59.93
60.98
60.83
59.78
58.93
58.56
58.40
58.51
59.13
60.13
61.04
61.44
61.00
59.97
58.97
58.26
57.79
57.80
58.75
60.22
60.77
60.00
58.93
58.12
57.62
57.44
57.54
57.94
58.75
59.72
59.93
59.03
58.09
57.74
57.53
57.27
57.53
58.67
59.76
59.83
59.30
58.76
58.17
57.42
57.03
57.50
58.58
59.68
60.01
