5910137 -0.2859715251807984
5910560 -0.31346707664952955
5910994 -0.3098230627761658
5911432 -0.306539983523921
5911845 -0.28938379227623234
5912258 -0.27721469463564946
5912687 -0.25935787399270643
5913120 -0.28063603384653374
5913534 -0.3076798284942229
5913942 -0.31873934436788576
5914337 -0.3351507805524695
5914724 -0.3637832225671266
5915121 -0.333103267970024
5915514 -0.33215716543398144
5915901 -0.3074474348773656
5916283 -0.2924890919752696
5916681 -0.2521904753269238
5917071 -0.2837352998191655
5917486 -0.35146171430618917
5917904 -0.41365035551086493
5918312 -0.40600116020367405
5918681 -0.34247415622247535
5919063 -0.35420117643342364
5919470 -0.31654526515481907
5919891 -0.3238107995402265
5920320 -0.3495123864659382
5920742 -0.34557212550115957
5921136 -0.3771669863002506
5921547 -0.4171065518172954
5921960 -0.3942683341147079
5922368 -0.38361758745051466
5922795 -0.36679997158516464
5923235 -0.37880162171311965
5923664 -0.35185227064507313
5924114 -0.36522712166426874
5924562 -0.34293428652698577
5924986 -0.36229095047003995
5925387 -0.3433455066997309
5925817 -0.37396461052144836
5926264 -0.37421242768781326
5926705 -0.33774999205713174
5927171 -0.3626746206362446
5927645 -0.3654492931690446
5928089 -0.2602299821798497
5928527 -0.3092909894955178
5928975 -0.29755032754204525
5929439 -0.2940158803879365
5929901 -0.30575506069712544
5930330 -0.33779743858370626
5930758 -0.267010412736744
5931168 -0.2955331491768095
5931592 -0.4002261522053363
5932018 -0.3468861555907474
5932427 -0.33988842835408906
5932856 -0.3612656476794118
5933295 -0.34816086709787997
5933748 -0.3256543588210207
5934178 -0.3285705403881884
5934625 -0.3121955957959931
5935083 -0.3199719536727153
5935543 -0.31160112345636404
5935999 -0.28940626480143244
5936472 -0.297185426453999
5936955 -0.2958287882612524
5937410 -0.27649245654563465
5937878 -0.3104639947885953
5938349 -0.3105827353528598
5938801 -0.281743328755457
5939268 -0.3179607346506481
5939736 -0.27535157060657184
