2282713 0.7400604896027516
2283131 0.9138719833417075
2283538 0.5897983384140036
2283919 0.6050733513260799
2284316 0.7658868301077203
2284727 0.6155187896056712
2285101 0.5784017122624702
2285503 0.8858600415459628
2285879 0.5750079172839689
2286260 0.7432008208894978
2286639 0.7661047693236523
2287000 0.5898417306069794
2287365 0.6306498665469769
2287723 0.8017030346944816
2288075 0.6107619798416164
2288432 0.9317965251755809
2288785 0.6400352391090243
2289132 0.5720533118163406
2289467 0.5058888505365078
2289811 0.6917539960476706
2290164 0.7051239346423939
2290532 0.6052340938479941
2290894 0.6256498513414004
2291287 0.7429045539886896
2291662 0.6035462297445857
2292048 0.6337811807537317
2292461 0.8896082456012695
2292868 0.7326547984480205
2293258 0.652133025704487
2293693 0.6853484641833248
2294103 0.5872734945820626
2294490 0.9222986312111472
2294878 0.5668536832784961
2295257 0.5562563376638048
2295632 0.7806609662436762
2296040 0.9063897292547544
2296447 0.5844375853389654
2296831 0.67036529817475
2297258 0.7896542051314549
2297674 0.7243043524550663
2298053 0.4082906367082404
2298456 0.8315269638878702
2298866 1.0329156340055783
2299262 0.9825899015334022
2299656 0.6355942958216417
2300051 0.9999147435320037
2300436 1.0099909782713365
2300817 0.9242492445513593
2301197 0.9777833663872886
2301583 1.0546493759111213
2301963 0.724640510978295
2302328 0.7669793228744216
2302698 0.4494756291248303
2303056 0.6507791257474305
2303421 0.46482506379537125
2303779 0.7266916435878212
2304141 0.9959953074289225
2304495 0.5197965177253795
2304839 0.6793767907340693
2305187 0.9427147766414332
2305519 0.5481148555985661
2305849 0.7484065400213027
2306181 1.1785244476290115
2306504 0.6424695053070689
2306833 0.9798884930133163
2307174 0.6288999899384361
2307508 0.6585074188154151
2307858 0.870419051287312
2308215 0.5767146079882438
2308556 0.5294481274801416
2308913 0.87566495420883
2309277 0.4963770871663007
2309626 0.42099384331684964
2309985 0.6256212534571763
2310364 0.6899001634844152
2310729 0.5153002481484311
2311083 0.6137223831611561
2311448 0.8406524383102183
2311807 0.5536375584574471
2312168 0.7397806055506948
