6629480 0.7115630910157349
6629882 0.8114341770982113
6630282 0.9866130898015625
6630672 0.8574365597269934
6631059 0.5069021259026315
6631425 0.4528927775229904
6631796 0.7022327472130663
6632169 0.6670920720528261
6632558 0.6195731961450098
6632941 0.5029197305793895
6633327 0.8465894206236477
6633700 0.6737892354194123
6634463 0.5911690698575202
6634844 0.619565037857133
6635215 0.6659361589325429
6635605 0.7548508574028772
6636008 0.5945734818837433
6636387 0.7484174162284278
6636789 0.8414933747915248
6637197 0.8687147459695245
6637577 0.4233041905692001
6637969 0.5376700187802896
6638320 0.34974206734759977
6638676 0.6464856067513216
6639023 0.7260616921422401
6639361 0.7504619747697256
6639717 0.821525270837182
6640078 0.7318078440583685
6640467 0.9435938872866161
6640868 1.0682858463679756
6641260 0.5200019091019562
6641628 0.6444128846860611
6641994 0.4757701927959546
6642376 1.0692134350982816
6642761 0.8395234192342027
6643144 0.566932495857702
6643536 0.7357623646890976
6643923 0.6181145797669506
6644298 0.6755398843072437
6644685 0.7161847613127454
6645073 0.6280900013778483
6645468 0.6392363632374671
6645862 0.5495504142022234
6646249 0.5763246574380693
6646625 0.5452989343786935
6646984 0.5047432409825586
6647362 0.6886036298612774
6647740 0.7327043320576921
6648109 0.5086350257021011
6648458 0.44542885632240214
6648794 0.5457058360640444
6649142 0.611535030476188
6649524 0.646384078420497
6649884 0.5286037221290396
6650277 0.6110880675986305
6650664 0.568938652181333
6651060 0.5089280454740667
6651454 0.6042377342687364
6651843 0.5165252487666886
6652222 0.5973128729757707
6652588 0.5338069035483086
6652943 0.6678670543434
6653279 0.3753028533047402
6653618 0.5345407010861908
6653950 0.704116124767912
6654295 0.82314984566249
6654638 0.4357687085699803
6654984 0.7166479187111561
6655341 0.7745341446911291
6655688 0.4897099329286485
6656038 0.6622560487885827
6656406 0.6725288903351576
6656780 0.8005603144819421
6657144 0.6405454520639967
6657514 0.988606767112147
6657882 0.9129361911404943
6658260 0.6540185385158999
6658632 0.5272997397207192
6658987 0.6354938117716876
