1203290 0.5807989209901988
1203658 0.7403679369758438
1204035 0.9024598499485912
1204424 0.8925068918774346
1204832 0.8847208802392297
1205248 0.7954814377331398
1205640 0.4657033366875934
1206022 0.7432561307688572
1206415 0.8263461454565213
1206823 0.8035209141756314
1207246 0.7986982136650445
1207675 0.731066758658315
1208102 0.7264280388459241
1208528 0.7100878391900707
1208942 0.619015983456479
1209329 0.6063637371161319
1209726 0.8344876201490836
1210120 0.8066166300554436
1210523 0.7934959637811594
1210927 0.6242918513408716
1211313 0.6316666614900102
1211714 0.9200357455933714
1212123 0.8878962737940066
1212538 0.5763281788213621
1212945 0.7719995880082184
1213360 0.819521800417289
1213777 0.8131455448969491
1214198 0.8449704018192064
1214597 0.5135432517694016
1214990 0.8006575797674018
1215387 0.8267906320852527
1215785 0.8237298498712172
1216173 0.5774775219329169
1216551 0.7843000849154735
1216946 0.8637190453756745
1217359 0.8300425403379064
1217759 0.5843078766163667
1218184 0.8979166680142348
1218606 0.8648252850355314
1219022 0.6390000745764827
1219419 0.7258023190461366
1219832 0.8841242601300894
1220256 0.8677331179553514
1220660 0.6032621956776099
1221047 0.7436346865547048
1221449 0.8936419142818681
1221858 0.8874732438692535
1222262 0.59439875895185
1222651 0.818803211412068
1223044 0.871945013941462
1223445 0.8776451110240562
1223838 0.5893556925792349
1224222 0.8219986831086474
1224614 0.8866225339577264
1225018 0.8742017356744911
1225412 0.5492786250761357
1225790 0.8102663138156092
1226177 0.8787284773129105
1226574 0.8803781265468485
1226982 0.7091959601713059
1227374 0.7004032098554533
1227780 0.885034791972966
1228198 0.8882942272036789
1228608 0.592261421154799
1229019 0.8642495116336912
1229431 0.657783943545164
1229828 0.769345579635702
1230234 0.9180519943310156
1230637 0.8751200766281549
1231017 0.8649586038947519
1231404 0.8754471061131504
1231792 0.6112774662063493
1232170 0.7270284975001702
1232564 0.6646513119300423
1232980 0.660475408129327
