6809395 -0.2445724570266215
6809885 -0.21752690269096364
6810373 -0.22294560192352236
6810872 -0.23776182835139226
6811371 -0.24073232792932392
6811862 -0.22411781004426246
6812338 -0.2303882874787912
6812828 -0.23491156290345938
6813324 -0.2428430835219022
6813821 -0.22567424960885402
6814299 -0.21726619832889205
6814794 -0.23166650795908666
6815288 -0.24359734846058412
6815788 -0.24439211175046027
6816288 -0.2072223587500152
6816781 -0.22276654222531755
6817287 -0.23252740957483992
6817797 -0.2423707611049688
6818305 -0.23813032703484993
6818789 -0.20708201763745998
6819280 -0.23057835433431956
6819781 -0.2407357609051214
6820281 -0.24871132968565796
6820768 -0.21271831748973385
6821261 -0.22409624235046954
6821767 -0.24196235022218127
6822269 -0.23255273730412906
6822756 -0.210961329828872
6823246 -0.2267943436699984
6823742 -0.23999033616142512
6824239 -0.2275243385151211
6824719 -0.21465264810889417
6825206 -0.2358396454432019
6825701 -0.23979527744857554
6826194 -0.2196720369724144
6826674 -0.22533357907892682
6827168 -0.23734333952349623
6827670 -0.23068384372312317
6828171 -0.2247048939105305
6828652 -0.2200604723879137
6829154 -0.22648758928670026
6829661 -0.24294531405719494
6830168 -0.21271486075728485
6830666 -0.22305119012201025
6831177 -0.2385907023906753
6831689 -0.23614587813643528
6832206 -0.21111336337343567
6832716 -0.21678096104507755
6833233 -0.22142215313208835
6833757 -0.22310776516453856
6834274 -0.22532939340089103
6834775 -0.22951919410330623
6835289 -0.23671463451043812
6835802 -0.24845714917811407
6836308 -0.20623569952880505
6836819 -0.2305131939369749
6837333 -0.22763190155895424
6837831 -0.22101558899576462
6838340 -0.23337217811281485
6838857 -0.23716412020470645
