3032111 -0.221373665312373
3032706 -0.21580185968778492
3033328 -0.20320554119656054
3033918 -0.21150024315311333
3034473 -0.23452806644421637
3035063 -0.19394734663907892
3035684 -0.21190938013182242
3036294 -0.22178587379934106
3036919 -0.1987591457471567
3037585 -0.1946071947342392
3038218 -0.22832782065936585
3038874 -0.19751377790972752
3039539 -0.2000231092761105
3040164 -0.225817421983946
3040807 -0.2004090047171866
3041451 -0.22288160605592994
3042069 -0.20813034182958318
3042708 -0.20583103615904413
3043340 -0.21668368162401386
3043935 -0.21425096481590683
3044563 -0.20600113686757732
3045185 -0.22573838288376602
3045769 -0.21106408836726098
3046391 -0.19792800142838574
3047023 -0.22556845969104417
3047618 -0.22601868980943873
3048238 -0.19873319345600943
3048864 -0.2009307700175169
3049471 -0.2357148747686007
3050061 -0.2083347135076733
3050675 -0.20777573413535882
3051283 -0.22801945727392553
3051862 -0.2103248284354972
3052462 -0.20140085565520544
3053017 -0.23618378970688497
3053551 -0.21190378223369755
3054113 -0.20649577466580354
3054690 -0.23479991076293794
3055252 -0.2082355241485615
3055888 -0.20163707326263902
3056511 -0.2252375569965019
3057155 -0.20087819798653206
3057815 -0.19866363272130644
3058434 -0.22029418846632293
3059079 -0.1936863526705036
3059739 -0.2037090764563958
3060362 -0.22391936195894652
3061003 -0.196849620792299
3061643 -0.20570897673869148
