1982702 0.6271142803195244
1983050 0.6965517856002551
1983399 0.5682002149570138
1983736 0.6065500740290873
1984086 0.11126957329863424
1984456 0.5418972745491719
1984811 0.4282109967407864
1984937 0.3345505910339253
1985179 0.6684401881408223
1985561 0.660630603824278
1985942 0.5042444698549713
1986309 0.7115054496390321
1986689 0.7308827429512792
1986804 0.5810642671796284
1987059 0.502706080478466
1987429 0.7969145967557781
1987803 0.650452943856167
1988166 0.4992934329733527
1988552 0.6503157284369663
1988933 0.5218822958997048
1989305 0.6245119420446759
1989681 0.5522093377406554
1990052 0.4215117242093189
1990422 0.5924495744126406
1990802 0.4377971094419098
1991188 0.6191089969327233
1991573 0.4971965267238448
1991946 0.4180371473556074
1992333 0.7118096557781619
1992701 0.5300732778171298
1993077 0.6743419631201576
1993286 0.14260856544746942
1993450 0.5475939502504286
1993815 0.6632260916512451
1994189 0.6251358168972138
1994572 0.6249944410460474
1994954 0.47978758571038665
1995317 0.497894243884527
1995695 0.6688585686724894
1996050 0.5032046440802204
1996404 0.5106641823596021
1996756 0.47771136194912517
1997105 0.617219474892349
1997466 0.7240636686820691
1997839 0.7175861184311887
1998212 0.59108321652539
1998568 0.42213218452291246
1998915 0.40790465500114925
1999266 0.6396795465343543
1999630 0.6633212769970156
1999991 0.7167954132178433
2000352 0.6245779112115062
2000712 0.44232928571586205
2001055 0.29935975123516556
2001410 0.43931021675838
2001764 0.5741952338384484
2002134 0.8148493689202603
2002502 0.6601132675846857
2002880 0.5643353849318072
2003257 0.5479611548680156
2003637 0.8264928408142335
2004013 0.7707181591275035
2004390 0.7029556882627306
2004751 0.41299526831047906
2005108 0.5598277974616417
2005477 0.643712410061696
2005846 0.5816546262502976
2006224 0.5910319779185543
2006589 0.5655711868111546
2006971 0.6700058839662777
2007358 0.6588314290524668
2007773 0.7171438554903131
2008188 0.4639196984889066
2008576 0.5358652735440295
2008970 0.7020531094251385
2009379 0.7207384056537458
2009798 0.6625470490000032
2010178 0.4694178476357975
2010574 0.6426095749625942
2010968 0.5278426383609971
2011343 0.6171261668680147
2011744 0.6991018654672052
2012154 0.6791171418724572
2012554 0.4894320938386498
