2882011 -0.18277759430947477
2882339 -0.3835012585540599
2882673 -0.4386815575692632
2883021 -0.33263655116984675
2883375 -0.38364244251614593
2883740 -0.23180932095246842
2884098 -0.4510652525491547
2884475 -0.403950121162987
2884842 -0.34702781424201296
2885223 -0.35086375346145865
2885608 -0.2851843536475152
2885975 -0.33655536866539776
2886347 -0.3201746500293126
2886719 -0.41154064888551584
2887120 -0.33326489746715293
2887527 -0.2864994676919224
2887920 -0.21695316960189373
2888313 -0.24946748223012938
2888647 -0.4241792048704699
2888997 -0.2949874273836862
2889350 -0.2855260056933548
2889706 -0.3295628880887559
2890062 -0.35975333803053866
2890438 -0.4747403225688203
2890815 -0.3632458429359946
2891176 -0.3275915601617396
2891551 -0.5092415614534073
2891905 -0.31621341983630213
2892271 -0.35824113313626704
2892644 -0.3523949718365885
2893355 -0.42576974149529223
2893705 -0.4729057574302177
2894038 -0.38921137404583184
2894413 -0.5264019369427098
2894703 -0.3800423756606208
2895036 -0.3932099804404422
2895383 -0.49296966374776485
2896065 -0.3994618239807126
2896402 -0.33783316625827164
2896744 -0.37335087965003155
2897090 -0.39597990785085424
2897321 -0.10237218092673875
2897430 -0.3847683034474339
2897716 -0.11655847469754632
2897776 -0.4048796620231018
2898119 -0.5231811211347451
2898473 -0.4676128093734078
2898827 -0.4317277020202019
2899166 -0.40541400891854634
2899495 -0.3883213598893895
2899851 -0.5896116866183565
2900148 -0.7727028006641562
2900483 -0.3762136555600193
2900818 -0.35253330588705095
2901150 -0.367077884491631
2901492 -0.40676232208763363
2901842 -0.4615278479186299
2902181 -0.3608798588301214
2902531 -0.37146269407709376
2902885 -0.3760364555120339
2903235 -0.3729196523868884
2903600 -0.3935760791301812
2903966 -0.3423992385704639
2904318 -0.38625720171560585
2904684 -0.5748321336426254
2905043 -0.42337179059021585
2905391 -0.5030768587659857
2905746 -0.46873677239909184
2906099 -0.3939176538979917
2906440 -0.30870390007739124
2906797 -0.41080909203239235
2907158 -0.32285608448852343
2907506 -0.43293200565309303
2907866 -0.4275218593503008
2908235 -0.3515768554495109
2908591 -0.3097867262268472
2908956 -0.25779127592447637
2909328 -0.4109472383110537
2909694 -0.3827926752536283
2910052 -0.3703841309432414
2910428 -0.38551264354998593
2910817 -0.40489087123712536
2911197 -0.36456663016254376
2911566 -0.45410696093895175
2911944 -0.3323318127284902
