3931471 0.5832713664143125
3931938 0.5147119254136485
3932411 0.39504944833095457
3932875 0.6369033470440937
3933339 0.5156464339638732
3933777 0.6513768376399414
3934222 0.6781958718982498
3934517 0.14764864767433813
3934660 0.6359679855238753
3935065 0.45485237986017807
3935458 0.5658637608252225
3935862 0.6984588590292022
3936272 0.6756811344984578
3936694 0.6618692717777452
3937091 0.7213146783670571
3937516 0.8632850591913076
3937940 0.8457846182071183
3938350 0.6471378931971683
3938750 0.7218959293316458
3939185 0.9140360909623175
3939642 0.9409376532629621
3940110 0.7880772166283333
3940562 0.7079346263793194
3941046 0.9361119275234762
3941549 0.9739209542188175
3942053 0.8066158378475021
3942520 0.7168148050784691
3942991 0.8265885147000471
3943429 0.7258877326100313
3943886 0.8031495002838076
3944350 0.9406583784845426
3944802 0.5547948240839476
3945214 0.5834158622740296
3945599 0.6449117485745682
3945917 0.7137041126730053
3946263 0.8911375876546613
3946649 0.7197170331670488
3947050 0.8036330532762089
3947481 0.7824483940046987
3947926 0.6980843707629567
3948338 0.4863673542344555
3948778 0.7712046097866134
3949216 0.4803336886024968
3949606 0.44651515347515514
3949991 0.5815387683090116
3950380 0.8524283482400177
3950773 0.5144600085961692
3951130 0.44091543045135684
3951511 0.7556776924125828
3951896 0.6880836371288086
3952314 0.7528660411063911
3952717 0.5944250187335061
3953151 0.753905803608394
3953593 0.9371833307118616
3954029 0.6775876254234199
3954462 0.8692522485405265
3954912 0.9721462864582906
3955357 0.8390779836802743
3955767 0.7665177631540248
3956178 0.8852868799207081
3956597 0.7830281803253416
3957023 0.6423314322743321
3957427 0.47351722984692246
3957831 0.6232153428975933
3958246 0.7021968049184206
3958662 0.7050291935377632
3959070 0.5566125038525
3959487 0.71681938330737
3959926 0.720316654082011
3960375 0.6075159510763579
3960807 0.6372636693754257
