1862846 0.49479935041258827
1863473 0.579373266555522
1864101 0.5587972798444701
1864700 0.4390048468065955
1865309 0.584751994957002
1865924 0.5623000239763034
1866528 0.5063608104335496
1867097 0.46791716079158174
1867717 0.5584955322012051
1868350 0.5376066530918253
1868942 0.4321510948594874
1869545 0.5845580503240324
1870114 0.48640068816943033
1870649 0.4225100972620219
1871217 0.5995867329484236
1871819 0.538015710268299
1872381 0.42940373424067757
1872985 0.621685000497807
1873587 0.43841420165623113
1874150 0.5641153702549229
1874744 0.6223019136927779
1875312 0.3963487199087113
1875893 0.5818714925866961
1876473 0.6142392606318747
1877041 0.4081822005157043
1877641 0.5923266890868255
1878227 0.5360186379991054
1878790 0.44858268150640435
1879405 0.5775633633123852
1880002 0.4332980540775836
1880565 0.4601880318046382
1881155 0.4784486718436429
1881693 0.36381997824069195
1882208 0.4494214351055472
1882757 0.5789144349799482
1883318 0.45135108878112457
1883886 0.5708289835493907
1884452 0.5761608436760436
1884998 0.4411955957578419
1885589 0.6287606368999916
1886175 0.5719911716764666
1886748 0.48125157860029394
1887354 0.6082864782747545
1887955 0.4607584079379571
1888570 0.5918406802075693
1889195 0.5896599067516324
1889811 0.4837988588326502
1890441 0.5457482675582868
1891088 0.5847539894905525
1891709 0.5451881421464491
1892360 0.5195225938024641
