67.63
68.08
66.52
63.27
61.22
60.79
60.57
60.79
62.92
66.61
69.48
70.16
68.89
66.98
65.27
63.02
61.17
62.65
66.52
66.77
63.63
62.61
63.09
62.34
60.67
59.36
59.27
60.92
63.45
65.46
65.73
63.99
62.15
61.47
61.56
62.18
63.45
65.40
67.83
69.57
68.66
67.00
67.42
66.96
63.79
62.55
65.12
69.23
70.52
64.49
57.93
57.29
59.68
60.84
61.11
62.56
64.50
65.17
64.33
62.57
60.84
59.87
60.02
61.51
64.19
67.36
68.74
67.72
67.08
66.97
65.57
63.19
61.18
61.24
64.13
66.65
65.99
65.29
65.73
64.05
60.97
60.42
61.74
61.68
61.48
64.89
68.69
65.20
59.95
59.14
60.08
59.77
59.04
59.23
60.62
62.99
64.52
63.58
61.87
60.97
60.71
60.96
62.16
64.46
67.26
68.95
66.86
62.74
60.84
61.17
62.39
64.22
66.59
68.34
68.43
68.98
70.70
69.69
66.32
64.54
63.72
62.42
62.35
64.87
67.79
68.78
68.41
66.50
61.70
57.34
57.17
59.84
62.09
62.53
61.56
60.05
58.92
58.25
57.90
58.40
60.49
63.06
63.66
62.51
61.53
61.03
60.64
60.08
59.26
59.00
60.19
62.32
64.27
64.83
63.36
61.61
61.14
61.74
63.07
64.92
67.12
69.41
69.98
65.51
60.02
58.87
60.27
60.92
61.30
63.19
65.25
65.20
64.59
65.07
64.12
60.79
58.65
59.19
61.42
64.39
67.23
68.89
68.47
67.11
67.12
67.27
65.82
65.37
67.59
69.98
70.59
69.77
67.88
65.27
63.00
62.04
63.18
66.29
68.77
68.67
66.76
64.54
63.36
63.15
63.58
65.22
68.17
69.09
66.51
65.04
65.42
64.57
63.39
64.81
67.41
68.12
67.67
66.96
63.80
59.25
57.48
58.75
60.75
62.51
64.94
67.40
67.08
65.23
65.70
67.65
68.59
68.86
69.41
70.43
70.69
67.91
64.19
62.26
61.53
61.34
62.12
64.13
66.78
68.48
66.32
61.89
59.87
59.88
59.51
59.12
60.45
63.34
66.29
67.41
65.38
62.43
60.91
60.31
60.07
60.77
62.84
65.61
67.70
66.93
63.86
62.73
63.65
63.43
62.32
62.87
65.02
67.35
68.34
67.26
66.54
67.21
66.09
63.34
62.91
64.95
67.09
68.27
68.37
67.58
66.15
64.19
62.49
62.59
64.50
66.76
68.10
67.68
65.54
62.48
60.26
59.87
60.85
62.75
65.33
67.69
67.27
64.11
61.89
61.29
61.11
61.34
62.68
64.92
67.06
67.24
64.34
61.97
62.43
63.08
62.53
63.92
67.52
66.46
61.04
59.41
61.20
61.63
60.57
61.21
63.84
66.80
67.88
65.45
62.34
61.10
60.65
60.20
60.87
63.20
65.16
65.02
63.76
62.34
60.96
60.25
61.34
64.05
66.67
67.44
65.36
62.87
62.60
62.75
61.37
60.65
62.46
65.59
67.75
66.17
61.58
58.86
58.69
58.79
58.69
59.76
62.26
64.74
65.89
65.15
62.98
60.53
59.11
59.76
61.90
64.04
65.07
64.41
63.04
62.17
61.55
60.93
60.91
61.99
63.91
66.27
68.64
69.85
67.69
63.90
62.33
62.47
62.63
63.24
65.22
68.06
70.29
69.06
65.02
63.32
64.04
64.20
64.21
66.16
69.20
70.96
69.86
66.94
66.44
67.56
65.59
63.19
64.83
68.13
69.23
68.80
67.76
65.31
62.80
62.77
64.78
67.07
68.63
68.94
68.28
67.14
65.99
65.12
64.74
65.07
66.35
68.46
70.44
68.39
62.56
59.62
60.40
62.02
63.33
64.95
66.47
66.43
65.22
64.12
63.25
62.62
63.25
65.70
68.45
69.25
66.26
61.82
60.17
60.77
61.36
62.06
64.09
66.90
68.73
67.84
64.21
61.39
60.68
60.25
59.65
60.46
63.12
66.18
67.66
65.81
62.37
60.69
60.58
60.68
60.90
61.60
62.93
64.77
66.06
65.67
64.48
63.60
63.25
63.60
64.86
66.89
68.82
69.57
68.17
65.26
62.24
60.75
61.47
63.35
65.49
67.91
69.78
68.78
65.84
64.12
63.70
63.83
64.95
67.34
69.51
70.28
70.58
70.45
68.94
66.96
65.77
65.80
66.96
68.32
68.90
68.09
66.99
66.92
66.08
63.63
62.61
64.16
66.52
68.64
70.59
70.42
66.08
62.25
61.90
62.85
63.43
64.11
65.52
68.20
70.10
66.60
61.67
60.78
61.97
62.49
63.52
66.32
67.64
65.29
63.44
63.49
62.92
61.65
61.92
64.08
67.03
68.26
65.33
61.87
61.19
61.47
61.10
61.40
63.39
66.01
67.78
67.79
66.42
65.49
64.97
63.90
63.63
65.90
69.28
71.08
69.82
66.54
64.53
63.94
63.28
62.77
63.20
64.50
66.35
68.47
70.11
69.16
65.87
63.27
61.91
61.22
61.46
63.12
65.70
68.09
68.94
67.65
66.04
65.18
64.67
64.31
64.19
64.94
67.31
70.24
71.78
71.53
69.78
67.10
64.51
63.08
63.42
65.72
68.04
68.66
69.67
70.64
66.57
60.91
59.35
60.66
62.52
64.38
66.25
67.46
67.09
64.53
60.80
58.60
58.69
60.45
62.95
64.55
64.80
65.11
65.19
63.41
61.37
61.58
63.24
64.54
65.78
67.62
68.68
67.69
65.57
63.36
61.73
61.50
63.57
66.89
68.87
69.28
69.05
66.93
63.49
62.51
63.98
64.34
64.03
66.77
69.80
66.78
62.76
62.63
63.50
63.32
64.29
67.47
70.63
71.00
67.11
63.03
62.41
62.73
61.74
61.48
63.50
66.44
68.23
66.87
63.65
62.59
63.16
62.45
61.64
63.46
67.14
70.02
69.68
66.08
63.68
63.70
63.70
63.46
64.82
67.64
69.96
68.79
63.53
60.44
61.79
63.56
63.31
63.40
65.16
67.90
69.12
65.30
60.03
57.80
58.25
60.44
63.33
65.58
66.23
64.99
63.13
61.95
62.26
63.97
65.16
65.34
66.80
69.13
68.80
66.49
64.97
63.96
63.13
63.86
66.66
69.59
70.44
68.12
64.87
63.53
63.13
62.49
62.99
65.64
68.89
70.61
69.50
66.65
64.66
63.72
63.32
63.77
65.39
67.74
69.62
68.49
65.25
63.99
64.15
63.23
62.25
63.06
65.27
67.78
69.47
69.68
69.20
68.29
66.60
66.03
68.25
68.46
63.66
60.30
60.37
61.05
61.26
62.20
64.51
67.86
69.58
65.49
60.60
60.51
62.46
62.74
62.80
64.81
67.82
70.25
71.25
71.02
70.87
70.45
68.92
67.92
68.68
70.77
71.12
65.74
60.63
60.41
62.14
62.86
62.89
63.27
65.04
67.90
68.25
65.34
62.65
61.34
61.25
62.23
64.12
66.45
68.46
69.29
68.52
67.28
65.95
63.86
61.94
61.94
63.86
67.03
70.29
71.80
69.12
63.74
61.53
62.62
63.51
63.58
64.49
66.64
69.43
70.74
68.86
66.40
64.93
63.65
62.34
61.39
61.53
63.64
66.96
69.54
69.72
67.19
64.51
63.22
63.11
64.11
66.38
68.78
68.96
67.14
65.10
64.21
64.98
66.41
67.79
69.27
70.26
69.49
67.62
65.93
64.85
64.43
64.39
64.84
66.43
68.55
69.40
68.34
65.93
63.64
62.57
63.24
65.41
67.49
68.43
68.28
67.38
66.16
65.12
64.63
64.76
65.66
67.67
69.68
68.71
66.23
65.72
65.91
65.26
65.49
67.50
69.54
70.12
68.94
66.60
64.10
62.64
62.78
63.88
65.38
67.23
68.99
69.56
69.06
68.57
67.58
65.81
65.34
66.74
67.64
67.78
69.28
70.75
69.24
66.50
64.59
63.67
63.45
63.39
64.05
66.74
69.37
67.87
65.27
65.06
65.45
65.27
66.06
67.78
68.04
66.10
63.04
60.84
60.78
61.77
62.67
64.00
66.05
66.70
64.94
63.33
62.99
63.10
63.51
64.70
66.79
69.31
69.35
64.88
61.39
61.71
63.63
65.57
67.71
69.25
67.86
64.84
63.21
62.76
62.72
63.57
65.73
68.17
69.78
70.39
69.47
66.39
63.85
64.46
66.39
67.64
69.53
71.38
67.71
61.80
60.36
61.60
62.09
62.32
63.84
65.96
67.27
66.88
64.92
63.02
61.91
61.39
61.63
63.21
65.62
67.23
67.25
65.93
64.01
62.26
61.24
61.27
62.29
64.08
66.03
67.28
66.77
65.02
63.94
64.09
65.24
67.00
68.86
70.25
70.58
69.34
66.67
63.41
61.30
61.79
64.21
67.15
68.85
68.62
70.00
71.92
65.60
57.67
56.91
60.12
62.03
62.30
63.25
65.03
66.73
66.90
64.85
62.68
61.62
61.00
60.74
61.69
63.80
65.59
66.09
65.40
64.02
62.66
62.30
63.81
66.30
68.05
67.18
63.81
61.58
61.57
62.00
62.33
63.57
65.98
68.78
69.51
65.69
61.95
62.01
63.46
64.05
64.58
65.93
67.94
69.27
67.36
63.92
62.42
62.37
62.57
63.50
65.78
68.60
70.27
68.28
64.04
62.08
62.10
61.83
61.55
62.56
64.90
67.86
69.45
68.07
65.90
64.39
62.91
62.00
63.09
65.90
68.66
70.33
70.30
66.85
61.28
58.87
60.37
62.70
64.14
65.44
67.13
69.09
70.02
68.33
66.37
66.07
65.37
63.91
64.60
67.79
70.87
71.43
68.55
64.82
62.49
62.08
63.31
64.89
66.27
68.03
69.51
69.12
67.99
67.50
65.77
63.00
63.12
66.48
69.31
68.98
65.63
62.40
61.53
61.60
61.41
61.93
63.86
66.37
68.08
67.36
64.63
62.40
61.50
61.85
63.03
64.46
66.20
68.22
68.13
64.84
62.61
63.30
65.39
67.88
70.40
71.28
68.55
64.88
62.79
61.95
62.02
62.99
64.82
67.28
69.02
67.65
64.49
62.36
61.46
61.46
62.36
64.19
66.86
69.27
67.80
63.24
61.24
61.79
61.96
61.91
63.46
65.67
66.15
65.79
66.19
65.48
62.86
61.68
63.21
65.55
67.42
69.06
70.50
71.30
70.02
66.52
64.61
65.47
66.98
68.16
69.33
69.63
68.16
66.99
