62.93
63.97
65.56
66.61
65.24
63.10
62.45
62.49
62.13
61.86
62.31
63.60
65.21
65.23
63.30
61.96
61.96
62.22
62.20
61.95
62.21
64.10
66.31
65.94
64.29
63.93
63.93
63.08
62.07
61.81
63.03
65.34
65.87
63.91
62.42
62.19
62.33
62.62
63.30
64.49
66.07
66.56
64.70
62.88
62.85
63.17
62.87
62.85
63.79
65.75
67.42
65.89
62.87
62.37
63.46
63.67
63.55
64.43
66.11
67.66
67.09
64.43
63.07
63.55
64.04
64.07
64.36
65.30
66.87
67.40
65.53
63.66
63.27
63.25
63.32
64.73
66.89
66.82
64.86
63.66
63.55
63.93
64.09
63.74
64.19
66.01
67.05
66.26
65.50
65.22
64.56
64.28
65.72
67.55
67.91
68.19
69.50
70.23
69.49
67.93
66.67
66.48
66.47
66.03
66.08
67.15
68.99
70.16
68.75
67.22
67.84
67.97
66.81
67.80
70.82
72.22
71.71
70.94
70.42
70.08
69.44
68.81
68.87
70.00
71.67
71.50
69.80
69.08
68.72
67.68
66.60
66.28
67.31
69.01
69.74
69.59
69.26
68.46
67.31
66.74
66.89
67.35
68.50
70.43
70.36
67.48
65.70
65.99
67.03
67.71
67.37
67.16
68.13
69.76
71.00
70.61
69.04
67.60
66.21
65.06
65.56
67.72
69.44
69.47
67.95
66.26
65.62
65.97
67.12
68.88
70.42
70.17
68.36
66.38
65.43
66.05
67.71
69.27
68.94
66.70
63.96
62.17
62.22
63.88
66.46
68.06
67.63
66.71
66.18
65.90
65.56
64.97
64.97
66.30
68.05
69.32
70.38
70.79
69.42
67.86
68.00
68.05
67.03
67.12
68.74
70.16
69.83
67.29
64.96
64.36
64.73
65.50
66.50
67.68
68.89
69.01
67.09
65.44
65.25
64.39
62.82
63.23
65.85
68.54
69.52
68.09
66.05
65.04
64.24
63.53
64.30
66.59
68.36
68.92
69.00
67.96
65.40
63.74
64.26
65.96
67.90
69.38
70.17
70.34
69.06
66.47
65.82
67.72
68.69
67.70
66.45
65.35
64.43
64.70
66.50
67.74
67.08
65.45
63.88
63.10
63.70
66.10
69.04
70.16
67.51
62.67
61.16
63.51
66.00
67.01
67.87
68.49
68.02
67.37
67.29
66.54
64.87
63.77
64.15
66.40
68.12
65.65
61.75
59.75
59.60
60.77
62.11
62.94
64.73
68.15
70.18
69.08
67.34
65.77
63.97
63.02
64.00
66.19
68.38
69.09
67.89
66.20
64.53
62.74
62.36
65.00
67.84
66.99
65.31
65.26
64.92
63.79
63.83
65.32
66.86
67.67
67.64
67.25
67.00
66.72
66.30
65.91
65.83
66.36
67.16
67.41
66.43
64.39
63.62
65.04
66.39
66.69
67.70
69.55
70.57
70.58
69.95
67.94
65.28
64.59
66.00
67.90
68.68
67.37
65.92
65.59
64.71
62.64
60.60
59.85
61.67
65.53
68.77
69.70
68.53
66.86
66.18
66.59
67.40
66.98
66.01
67.25
69.59
69.72
67.81
65.61
64.94
65.91
66.66
67.03
68.33
68.56
65.45
63.10
63.78
64.31
63.56
64.88
68.14
68.09
64.58
61.87
61.54
63.85
65.50
63.43
62.21
65.02
68.48
69.21
68.28
66.82
65.20
64.14
64.32
65.42
66.89
68.53
70.08
71.15
71.58
71.44
70.48
68.76
67.90
68.37
68.98
69.26
69.38
69.24
68.66
67.48
65.92
64.47
63.16
61.85
61.21
61.94
62.87
62.52
61.72
61.51
61.31
60.70
60.83
62.33
63.30
62.36
61.11
60.75
60.95
61.52
62.71
64.34
65.31
65.28
65.25
65.54
65.92
66.67
68.22
69.69
69.99
69.24
68.22
68.04
68.33
68.05
67.91
68.86
70.60
72.21
72.24
70.95
69.57
68.01
66.77
67.62
70.36
72.58
71.99
68.19
64.64
63.05
63.09
64.11
65.22
66.28
67.60
68.96
69.67
68.66
66.14
64.36
63.65
62.84
62.58
64.30
66.98
68.23
67.61
65.91
64.43
63.89
64.21
64.97
65.38
65.28
65.06
65.29
66.39
67.29
66.94
66.44
66.28
65.30
63.98
64.26
65.77
66.64
65.85
63.55
61.70
61.68
62.96
64.82
66.48
66.95
65.33
62.80
61.93
62.24
61.80
61.54
63.60
67.23
70.01
70.33
68.06
65.49
64.05
63.90
64.66
65.53
66.49
67.78
68.49
67.61
65.81
64.20
63.90
64.88
66.02
67.11
68.51
68.35
65.07
61.97
61.01
61.00
61.40
62.98
65.38
65.88
63.78
61.39
59.75
58.96
59.26
60.88
62.95
63.71
63.35
63.31
62.82
60.76
59.51
61.36
64.38
65.53
65.67
66.47
67.50
68.06
67.79
67.09
66.98
67.25
67.21
67.31
68.01
68.66
68.70
67.98
66.95
66.30
65.76
65.07
65.03
66.06
67.17
68.07
69.73
70.98
69.31
66.87
65.85
64.69
63.29
64.11
67.01
68.88
68.41
66.55
65.17
65.36
65.61
65.28
66.45
69.08
69.76
68.00
65.99
64.72
64.38
64.14
63.60
63.47
64.16
65.53
66.88
67.02
66.42
66.39
65.72
63.48
62.38
63.66
64.54
63.79
64.16
66.08
66.63
64.71
61.57
59.29
59.45
60.71
61.02
60.64
60.68
61.57
63.42
65.55
66.96
67.23
66.28
64.35
62.55
62.90
64.55
63.74
61.99
64.19
67.34
64.07
59.89
61.34
65.05
65.87
64.58
63.66
64.70
67.86
70.38
70.26
68.10
65.96
65.44
64.70
62.83
62.69
65.36
68.15
68.70
66.73
64.11
63.06
62.54
61.23
61.16
64.02
67.11
67.30
66.50
65.90
63.75
60.92
60.32
61.83
63.61
64.59
64.37
63.20
61.67
60.50
60.29
61.34
63.71
66.30
67.65
67.37
65.97
64.80
64.60
65.39
66.78
67.94
68.05
66.69
64.87
63.56
63.11
63.62
64.93
66.56
67.64
67.68
66.77
65.77
65.38
64.94
64.34
65.29
68.04
70.04
70.31
70.06
69.74
69.32
68.75
67.96
66.93
66.55
68.10
70.67
72.30
71.54
69.02
67.57
66.78
65.15
64.59
66.70
69.36
70.46
70.04
68.14
64.86
62.74
63.74
66.03
67.46
67.93
67.96
68.20
67.74
64.92
63.02
65.44
68.97
69.08
66.92
64.65
63.54
63.58
63.98
64.80
66.51
68.00
67.50
64.67
60.80
58.61
59.00
60.99
63.44
64.69
64.16
63.41
63.23
63.47
64.02
64.78
65.34
65.19
65.35
66.88
68.50
68.57
66.87
64.69
64.27
65.73
67.76
69.38
69.82
69.03
67.48
66.02
64.95
64.09
63.59
63.75
64.70
66.37
67.80
68.01
67.26
66.13
65.20
64.96
65.76
67.10
68.05
68.70
69.10
67.76
64.57
61.49
60.04
61.32
64.50
67.10
67.91
67.10
65.84
65.11
64.70
64.54
65.20
66.69
68.21
68.76
67.60
66.04
65.37
64.10
62.05
62.49
65.64
66.25
63.30
61.83
62.25
62.29
62.54
65.06
68.12
67.97
65.86
64.29
63.58
63.53
63.54
63.85
65.77
68.24
67.62
65.47
65.46
65.58
63.76
63.21
65.62
67.94
67.80
65.93
63.54
61.67
61.34
63.29
65.67
65.73
64.24
62.83
61.79
61.54
63.29
66.94
68.90
67.42
65.18
63.80
63.75
64.22
64.25
64.73
66.48
68.09
68.14
66.91
65.48
65.22
65.94
66.52
66.22
65.05
65.18
67.43
68.15
65.98
64.28
64.02
64.46
64.36
62.85
62.12
64.27
67.65
69.37
67.51
63.32
60.95
60.31
58.74
57.43
59.85
65.51
69.13
68.56
67.15
66.23
65.86
65.78
65.89
66.55
67.97
69.89
70.77
68.57
65.90
65.14
64.23
62.46
62.19
64.13
66.79
67.64
64.22
60.63
61.88
65.49
66.56
66.23
67.19
68.68
69.41
68.78
67.29
66.21
65.66
65.42
66.13
68.04
69.65
69.27
66.28
62.87
61.82
62.99
65.27
66.36
64.50
62.11
61.16
61.39
62.47
64.17
66.04
67.15
67.22
66.86
66.10
64.70
63.25
62.60
63.91
67.50
70.07
69.41
68.38
67.48
65.10
62.76
62.30
63.12
64.32
65.59
66.59
66.74
65.96
64.97
64.07
63.25
62.97
63.85
65.66
67.74
69.23
69.44
68.85
67.94
66.93
66.37
66.88
68.10
69.38
70.30
70.15
67.77
64.40
62.22
61.72
62.70
63.71
63.58
64.20
66.68
67.81
65.68
62.95
61.06
60.11
59.87
60.01
60.93
63.40
65.80
64.70
61.44
59.26
58.49
58.77
59.63
60.67
62.11
64.28
66.29
66.82
66.28
65.47
64.71
64.15
63.87
63.64
62.94
62.41
63.35
65.17
66.08
65.17
62.69
60.73
60.70
61.77
63.20
65.25
67.65
68.13
66.13
64.32
63.69
63.98
64.48
64.51
65.21
67.68
69.11
67.49
66.29
66.28
64.61
62.42
62.85
65.40
68.05
69.12
67.93
66.47
65.55
63.63
61.84
63.19
66.65
68.15
67.60
67.20
66.07
63.76
62.64
63.67
65.79
67.33
66.23
63.76
62.85
62.68
61.70
61.48
63.63
66.00
66.00
65.03
64.56
64.24
64.06
64.74
66.18
67.39
67.87
67.61
66.89
66.30
66.87
68.62
69.44
68.74
67.80
67.11
66.61
65.87
64.92
64.74
65.83
67.87
69.44
68.29
65.74
64.20
64.25
65.70
66.93
66.95
66.27
65.68
65.87
66.35
66.31
66.59
68.00
69.16
69.08
68.42
67.50
66.22
65.21
65.17
66.40
68.46
68.96
67.09
64.94
63.11
61.29
60.16
60.54
62.60
66.15
68.80
67.94
65.95
64.85
63.96
63.33
64.06
66.01
67.93
69.06
69.07
67.94
66.27
65.59
66.39
67.74
68.92
69.55
69.77
69.60
67.57
64.14
62.33
62.84
64.99
67.87
70.01
69.40
65.62
63.06
63.53
64.53
64.63
64.40
64.47
65.33
66.71
67.85
68.18
67.52
66.60
66.03
65.97
66.12
65.82
65.69
66.91
68.50
68.78
67.88
66.46
