27
41
54
38
38
37
38
63
53
49
60
30
39
54
53
42
65
44
81
71
42
41
77
66
71
53
79
84
42
94
128
54
67
45
44
34
49
39
53
39
35
48
71
64
43
30
94
98
71
31
45
50
48
80
84
150
161
72
145
73
171
147
143
82
43
53
43
45
44
47
84
79
92
39
120
78
41
45
72
57
61
41
50
71
77
41
42
75
41
48
56
34
32
149
168
291
95
142
261
126
95
129
241
63
61
65
84
88
111
167
209
56
102
58
91
73
73
53
43
70
59
43
51
98
86
81
45
77
90
52
42
64
77
48
35
46
62
46
79
48
45
64
38
42
249
88
104
81
84
76
146
118
95
105
245
127
72
58
95
79
77
54
92
60
57
45
62
54
50
42
36
54
98
141
147
128
155
76
83
67
62
77
62
59
115
64
48
65
66
40
77
59
47
36
41
34
67
100
37
42
57
105
47
63
113
75
37
175
59
72
43
47
41
46
44
44
64
38
51
40
50
109
172
55
86
53
33
91
29
31
37
29
25
32
98
48
48
43
43
107
43
91
34
92
108
98
78
46
34
66
77
57
60
98
48
191
116
183
129
251
353
0
0
0
0
86
148
215
58
128
197
265
175
42
54
51
33
37
51
42
96
50
37
95
103
111
77
51
61
33
36
30
30
32
52
56
158
54
70
51
61
53
182
45
114
114
192
72
96
69
86
165
127
47
83
109
62
162
104
136
126
93
42
94
79
129
98
77
133
152
126
90
81
56
139
105
44
33
64
110
76
96
86
40
52
80
54
94
83
117
83
83
80
103
52
40
47
56
42
38
69
53
49
46
47
147
120
51
50
53
41
141
198
230
45
76
40
64
30
106
86
62
71
49
35
40
91
51
67
68
40
69
79
43
33
33
37
55
81
58
54
48
64
76
52
69
61
58
32
64
58
72
94
52
105
100
69
67
55
90
93
45
92
40
27
27
50
44
43
39
35
65
97
80
173
56
46
39
65
31
49
46
33
52
93
37
28
29
63
53
36
65
64
59
54
61
66
96
51
47
29
53
77
50
29
58
27
39
30
69
76
73
64
112
65
61
70
102
44
44
36
53
36
34
88
60
36
31
31
32
45
73
94
101
61
52
84
58
75
71
42
79
49
43
36
35
125
56
57
41
47
61
83
112
132
71
52
46
71
96
104
44
93
40
88
71
82
95
49
52
83
58
64
70
69
125
103
27
84
41
62
146
94
88
150
186
130
184
220
358
0
280
249
210
91
0
188
344
375
59
105
79
196
217
142
108
210
40
81
61
62
110
74
227
248
233
212
153
143
116
