88.12
88.05
88.53
88.91
89.28
89.12
88.76
89.39
89.48
89.31
89.55
89.33
89.42
89.49
88.80
87.86
87.95
88.61
88.75
88.80
88.60
88.16
87.94
88.43
88.90
89.04
89.43
89.90
90.15
90.07
89.85
89.90
90.26
90.66
90.89
90.91
90.95
90.87
90.42
90.35
90.28
90.08
90.12
89.56
87.70
86.48
87.92
88.17
87.59
87.72
87.95
87.92
87.61
87.24
87.10
87.51
88.39
89.20
89.33
89.31
89.25
88.79
89.01
89.37
89.59
90.28
90.12
89.77
89.81
89.57
89.79
90.23
90.36
90.18
89.78
89.45
89.27
89.19
89.82
90.58
90.92
91.19
90.93
90.47
90.04
89.56
89.88
90.01
89.53
89.53
89.49
89.08
88.76
89.16
89.40
89.76
90.37
90.36
90.53
90.57
90.37
90.80
90.94
90.97
91.19
91.02
90.44
89.88
89.52
89.28
89.54
89.98
90.08
89.86
89.77
89.18
88.18
88.07
88.94
89.73
89.82
89.85
89.61
89.10
88.76
88.95
89.03
89.06
89.28
89.30
89.28
89.28
89.06
88.53
88.85
89.68
89.83
89.80
89.88
89.75
89.31
89.53
90.17
90.72
90.91
90.74
90.55
90.27
89.84
89.98
90.11
90.12
90.13
89.36
88.84
88.71
88.48
88.93
89.57
89.84
89.83
89.83
89.76
89.50
89.27
89.61
89.86
89.83
90.05
90.15
89.97
89.47
89.00
89.61
90.28
90.38
90.61
90.54
90.18
89.77
89.38
88.87
88.88
89.31
89.15
88.49
87.61
86.94
86.87
87.20
87.54
87.70
87.82
87.40
86.94
87.17
87.17
87.41
87.99
88.00
88.06
88.32
88.26
87.56
87.82
88.59
88.71
89.37
89.34
88.70
88.57
87.78
87.56
88.30
88.70
88.89
89.13
89.28
88.92
88.44
88.18
88.23
88.61
88.92
89.05
89.04
88.68
88.30
88.27
88.49
88.41
88.85
89.62
89.60
89.40
89.16
89.03
89.23
89.42
89.71
90.12
90.35
90.26
89.93
89.51
89.26
89.59
89.83
89.52
89.12
88.69
87.81
86.95
87.29
87.59
87.85
88.46
88.45
87.90
87.40
87.40
87.95
88.32
88.54
89.22
88.94
88.34
88.23
88.18
88.51
88.78
88.75
89.17
89.23
88.98
89.02
89.04
88.99
89.05
89.27
89.32
89.22
88.96
88.56
88.27
88.29
88.52
88.71
88.89
88.45
87.70
87.86
88.16
88.26
88.48
89.10
89.34
89.30
89.08
87.93
88.13
89.11
88.82
88.64
88.96
88.94
88.08
88.05
88.27
88.25
88.62
89.04
88.84
88.23
88.19
88.25
88.24
88.47
89.10
89.28
88.93
88.54
88.10
87.97
88.33
88.94
89.18
89.49
89.83
89.60
89.51
89.57
89.55
89.53
89.72
89.81
89.51
89.08
89.01
88.95
88.76
88.93
89.20
89.30
89.29
89.30
89.17
88.96
89.01
89.47
89.44
89.32
89.56
89.17
88.94
88.11
86.52
86.96
87.68
87.74
88.14
88.40
87.94
87.19
87.28
87.94
88.21
87.97
88.42
88.20
87.70
87.97
87.68
87.43
87.78
88.37
88.72
88.73
88.48
88.05
88.02
88.35
88.74
89.17
89.37
89.21
88.79
88.34
88.25
88.59
89.00
88.99
89.22
89.56
89.33
89.24
89.33
89.61
90.24
90.65
90.48
90.42
90.94
90.08
89.44
89.90
90.13
89.63
89.05
88.71
88.32
88.01
88.05
88.24
88.17
88.66
89.03
88.50
87.80
87.91
88.27
88.23
88.56
88.89
88.65
88.02
88.08
88.31
88.55
89.18
89.38
89.20
89.01
88.83
88.51
88.67
89.29
89.31
89.32
89.17
88.76
88.78
88.55
88.66
89.75
90.53
90.56
90.32
90.35
90.55
90.76
90.97
90.92
90.27
90.02
90.09
89.57
88.25
88.08
88.57
88.72
89.56
89.77
89.12
88.55
88.13
87.82
87.73
88.10
88.88
88.75
87.94
88.00
87.57
87.17
87.72
88.76
89.12
89.02
89.26
89.57
89.30
89.05
89.51
89.65
89.37
89.35
89.99
90.70
91.04
91.26
91.70
92.03
91.83
91.31
90.65
89.66
89.91
90.35
89.82
89.74
90.00
90.05
89.56
88.84
89.02
89.73
90.08
90.30
90.42
90.29
89.84
89.33
89.48
89.90
90.07
90.55
90.44
89.49
88.52
88.38
88.73
89.10
89.28
89.24
89.50
89.85
89.61
89.21
89.72
90.38
90.09
90.60
90.99
90.47
89.62
89.37
90.01
90.71
90.65
90.67
90.43
90.02
89.84
89.59
89.64
89.84
89.82
89.84
89.73
89.51
89.32
89.04
89.19
89.61
89.78
90.19
90.38
89.98
89.35
89.09
88.90
88.76
88.96
89.25
89.19
88.68
88.08
87.87
88.12
88.51
88.68
89.04
89.32
89.03
88.41
88.12
88.32
88.72
89.09
89.59
89.79
89.34
89.05
89.05
89.39
90.02
90.31
90.42
90.29
89.65
89.12
89.05
89.35
89.75
90.16
90.54
90.60
90.35
90.82
91.47
91.79
92.00
92.26
92.24
91.93
91.48
90.77
90.69
90.98
91.20
91.72
91.37
90.71
90.32
89.82
90.27
90.67
90.67
91.38
91.22
90.78
90.58
90.13
90.21
90.44
90.71
91.19
90.70
90.20
90.04
89.61
89.43
89.83
90.44
90.45
89.61
89.25
89.61
89.81
89.85
89.76
89.88
90.52
90.95
90.68
90.37
90.84
91.14
91.22
91.15
90.71
89.80
89.53
89.45
89.00
89.80
89.89
88.77
87.83
87.21
87.50
88.31
88.51
88.45
88.60
88.46
87.37
87.55
88.46
88.75
88.90
89.30
89.56
89.31
88.98
88.32
88.02
88.86
89.86
90.05
89.41
88.79
88.94
88.89
88.82
89.69
89.87
89.92
89.71
88.38
88.51
88.57
87.98
88.79
89.12
89.06
89.29
89.14
88.76
88.39
88.47
89.50
89.85
89.48
89.30
88.91
88.65
88.84
89.26
89.28
89.44
89.91
90.31
90.59
90.60
90.71
91.38
91.91
92.07
92.00
91.51
90.23
90.73
91.98
92.02
92.25
92.31
92.39
92.59
92.37
92.08
92.04
91.98
91.52
90.89
90.33
90.06
90.09
90.12
89.99
89.75
89.56
89.46
88.79
88.19
88.46
88.65
88.99
89.29
89.05
89.03
88.91
88.77
89.18
89.63
89.94
90.10
90.12
89.92
89.80
89.81
89.78
90.16
90.37
90.05
89.50
88.36
88.09
88.78
88.60
88.39
88.63
89.02
88.94
88.26
88.07
88.74
88.70
89.20
89.88
89.59
89.37
89.12
89.07
89.51
89.59
89.55
89.54
89.34
88.94
88.64
88.46
88.24
88.46
89.01
89.27
88.85
88.69
88.17
87.46
88.06
88.15
88.05
88.71
89.11
88.61
87.85
87.71
87.85
88.15
88.55
88.94
89.27
89.14
88.74
88.90
89.46
89.99
90.08
89.82
90.12
90.34
90.08
90.28
90.53
90.70
90.94
91.21
90.75
90.17
90.10
90.31
90.53
90.71
90.58
89.93
89.54
88.90
88.20
88.39
88.80
89.18
89.27
88.67
88.21
87.79
87.46
88.12
89.04
89.21
88.76
89.19
88.98
88.50
88.98
88.97
89.38
90.17
90.14
89.80
89.21
88.71
88.74
88.83
89.35
89.81
89.18
88.64
88.41
88.22
88.16
88.66
89.11
89.29
89.95
90.01
89.82
90.09
90.29
90.56
90.56
90.36
90.70
89.93
89.20
89.56
89.59
89.51
89.60
89.55
88.91
88.75
88.64
88.00
87.82
88.42
89.12
89.27
89.50
89.45
88.88
88.27
88.36
88.54
88.84
89.70
89.77
89.44
89.60
90.24
90.56
90.74
90.91
90.70
90.43
90.37
90.33
90.09
90.37
90.82
90.88
90.65
90.72
90.29
89.83
90.52
91.09
91.20
91.20
91.21
90.66
90.03
89.81
89.84
89.54
89.90
90.36
89.86
89.60
89.45
89.24
89.25
89.80
90.33
90.29
89.85
89.82
89.68
89.60
90.05
90.09
90.22
89.89
88.79
89.42
89.82
89.57
90.24
90.96
91.34
91.48
91.48
91.15
90.50
90.03
90.08
90.09
90.16
90.46
90.65
90.09
89.50
89.23
89.27
89.70
89.82
89.90
90.35
90.11
89.35
89.06
89.53
89.44
89.14
89.44
90.30
90.42
90.42
90.70
90.90
90.91
90.96
91.32
91.74
91.42
90.77
90.20
89.82
89.75
90.08
90.44
90.63
90.96
90.36
89.15
88.49
88.83
89.30
89.68
90.08
90.19
89.73
89.15
89.02
89.30
90.07
90.74
90.66
90.18
90.15
89.90
89.04
89.13
89.44
89.60
89.81
89.84
89.77
89.42
89.02
89.53
90.02
90.11
90.33
90.65
90.34
89.71
89.55
89.66
90.16
90.73
90.91
90.89
91.00
90.74
89.86
89.52
89.71
89.79
89.56
89.71
89.92
89.70
89.07
88.70
89.06
89.64
89.80
90.06
89.92
89.49
89.32
89.00
89.34
89.82
89.54
90.16
90.95
91.22
91.22
90.81
90.57
90.66
90.87
91.34
91.43
91.09
90.66
90.14
90.31
90.68
90.63
90.86
90.81
90.59
90.36
89.64
89.86
90.52
90.64
90.67
90.45
90.43
90.63
90.22
89.95
90.31
90.93
90.97
90.66
90.09
89.21
88.48
89.15
90.02
90.09
90.31
90.31
89.88
89.26
88.96
89.45
89.88
89.82
90.05
89.94
89.27
88.76
89.19
89.13
89.17
89.82
89.42
89.39
89.48
89.03
89.34
89.79
90.25
90.65
89.86
89.42
89.09
88.26
88.53
88.84
88.74
88.75
88.76
88.76
88.75
88.73
89.01
89.55
89.80
89.51
90.28
91.17
91.16
90.94
90.90
90.88
90.95
91.40
91.56
91.25
90.84
90.65
90.44
90.32
90.40
90.61
90.76
90.17
89.44
89.53
89.91
90.34
90.72
90.91
90.76
90.41
89.95
89.80
90.50
90.36
90.23
91.16
91.04
90.87
90.88
90.63
90.54
91.08
91.52
91.47
91.74
91.43
91.18
91.14
90.43
90.62
91.00
90.90
90.90
90.95
90.76
90.25
90.02
