90.35
90.98
91.64
91.97
92.02
91.61
90.72
90.38
90.33
89.96
89.53
90.37
91.33
91.41
90.95
90.65
90.72
90.98
91.42
92.34
92.71
92.52
92.30
91.91
91.17
90.96
91.17
90.87
91.60
92.05
91.29
90.22
89.36
88.67
88.16
88.31
89.99
91.29
91.52
91.99
91.69
90.40
89.06
88.72
89.42
90.07
90.05
89.81
90.00
89.13
87.48
86.93
87.44
88.41
89.34
90.01
90.06
89.61
88.99
88.51
88.77
89.60
90.37
90.75
91.42
91.69
90.85
89.76
89.30
89.29
89.29
89.41
90.11
90.82
90.90
90.54
89.81
89.62
90.11
90.28
90.79
91.35
91.46
91.29
90.64
89.59
89.03
89.69
89.88
89.89
90.09
89.74
88.76
88.01
87.99
88.37
88.77
89.17
89.55
89.61
89.34
88.85
88.01
86.82
87.27
88.75
89.46
90.22
90.12
89.07
88.10
87.49
87.67
88.29
88.65
89.24
89.61
89.55
89.47
88.38
87.64
88.25
89.04
89.69
90.28
90.90
91.37
91.53
91.38
90.89
90.16
90.39
91.21
91.77
92.00
91.98
91.37
90.19
89.14
88.87
89.24
89.91
90.56
90.58
90.12
89.45
88.65
88.13
88.59
89.60
89.95
90.76
91.17
90.59
90.03
88.92
88.57
89.33
89.71
90.26
90.77
90.60
89.76
89.14
88.37
87.72
88.32
88.51
88.64
89.28
89.04
88.20
87.17
86.46
86.97
87.97
88.88
89.69
90.11
89.93
89.17
88.31
88.43
88.94
89.32
89.93
90.42
90.75
90.27
88.48
88.58
89.52
89.55
89.65
90.50
91.45
91.44
90.52
90.43
90.64
90.34
90.27
90.89
91.14
90.58
90.33
90.47
88.53
86.44
88.23
89.14
89.12
89.84
90.31
90.31
89.91
89.26
88.59
88.63
89.24
89.81
90.18
90.84
91.17
90.36
89.04
88.63
88.78
89.00
90.04
90.51
90.31
90.10
89.65
89.59
89.93
90.34
90.79
91.02
91.33
91.74
91.39
90.78
90.70
91.21
91.66
91.85
91.53
90.83
90.21
89.60
89.06
89.08
89.90
90.45
90.07
89.21
88.64
87.87
87.33
87.48
88.02
88.66
89.13
89.28
89.17
88.64
88.17
88.22
88.49
89.26
90.26
90.86
91.05
90.51
89.66
89.29
89.41
89.74
90.21
90.84
91.21
90.97
90.59
90.41
89.54
89.35
89.97
90.57
91.28
91.46
91.06
90.16
88.31
87.27
87.67
88.87
89.97
90.71
91.32
91.98
92.04
91.00
89.90
89.81
89.98
90.33
90.73
90.91
90.71
89.35
87.94
87.71
88.00
88.67
89.42
89.79
89.90
89.60
89.26
89.29
89.21
89.59
90.52
91.35
91.94
91.88
90.89
89.62
89.48
89.50
89.68
90.55
91.01
91.55
92.11
91.80
90.53
89.65
89.60
89.82
89.76
90.15
90.24
89.32
88.56
87.60
87.30
88.16
88.37
88.95
89.92
89.90
89.33
88.78
88.46
88.42
89.07
89.83
90.10
90.23
91.12
91.30
90.59
90.83
91.10
91.28
91.49
91.69
92.09
91.52
90.45
90.34
90.77
90.96
91.42
92.30
91.69
91.42
90.73
89.27
89.58
90.11
90.58
91.19
91.03
90.64
90.14
89.52
89.23
89.75
90.71
91.49
91.97
92.02
92.10
91.57
89.76
89.65
90.37
90.67
90.87
91.06
91.32
91.04
89.73
88.81
89.02
89.59
89.54
89.96
90.76
91.20
90.96
90.65
89.85
89.29
89.98
90.53
90.66
90.19
88.75
86.53
84.61
84.99
88.43
89.80
89.60
90.09
89.93
89.68
89.44
89.29
89.87
90.37
90.83
91.47
91.66
92.00
91.12
89.50
89.94
90.05
90.43
91.51
91.52
91.35
90.91
90.32
90.51
91.34
91.95
92.44
93.16
92.47
91.62
90.94
89.86
89.09
89.24
90.08
90.88
91.03
90.52
89.43
88.50
88.99
89.54
90.01
90.87
91.13
91.39
91.33
90.64
90.59
90.63
90.70
91.19
91.93
91.79
90.67
89.49
89.05
88.99
89.06
89.30
89.37
87.36
85.16
84.74
85.27
86.32
87.65
88.99
90.05
90.40
90.38
90.64
90.31
90.13
90.71
91.53
92.51
93.00
92.83
92.38
91.55
90.76
90.76
91.45
91.42
91.88
92.31
91.72
91.05
90.69
90.66
90.94
91.39
91.49
91.50
91.42
90.77
90.14
89.47
88.99
89.20
89.74
90.40
90.96
91.18
91.03
89.97
88.57
88.18
88.84
89.53
89.87
89.98
88.60
87.37
87.50
88.22
89.19
90.13
90.92
91.59
91.97
91.98
91.72
91.47
91.60
91.83
92.09
92.35
91.51
90.23
88.99
88.01
88.32
89.23
89.91
90.29
90.77
90.85
90.20
89.36
89.21
89.34
89.64
90.46
91.42
91.88
91.66
91.01
90.08
89.75
89.79
89.56
89.78
90.63
91.20
90.70
89.98
88.79
88.32
89.24
88.95
88.92
89.68
90.06
90.10
89.22
88.11
87.97
87.99
88.73
89.89
90.09
90.16
89.85
88.93
88.25
88.61
89.15
89.30
89.74
89.75
89.47
89.00
87.84
86.98
87.11
87.92
88.35
88.77
89.42
89.83
89.37
88.72
88.49
88.69
89.10
89.39
89.94
91.24
91.75
90.95
90.02
90.07
89.98
89.68
89.55
89.58
89.27
88.81
88.45
88.25
88.37
89.22
90.42
90.89
90.82
90.46
89.73
88.80
89.34
90.48
90.92
91.06
91.86
92.39
92.32
92.39
91.39
90.70
91.02
91.66
92.40
92.67
92.57
92.31
91.48
90.58
89.81
89.57
90.40
90.86
91.00
91.18
90.79
90.15
89.61
88.94
88.02
88.54
89.60
90.11
90.72
91.25
90.88
89.76
89.30
89.39
89.65
90.12
91.02
91.19
90.68
90.04
89.38
89.23
89.30
89.59
90.62
91.43
91.93
91.99
91.11
90.37
89.85
89.54
89.73
90.27
90.94
91.53
91.58
90.45
89.39
88.57
87.53
87.95
89.53
91.01
91.47
91.33
91.03
89.39
86.58
88.02
89.94
89.53
89.90
90.55
90.47
89.76
89.34
89.24
90.02
91.23
91.43
91.76
91.36
90.27
89.92
89.18
89.34
90.46
90.68
90.34
89.87
89.52
89.35
88.91
88.82
89.35
89.96
90.41
90.81
91.22
91.30
90.39
89.50
89.28
89.44
90.20
90.83
90.91
90.73
90.00
89.23
89.04
89.45
89.86
90.32
90.64
90.24
89.50
89.32
89.21
88.30
88.82
89.94
90.38
90.57
90.87
90.77
90.33
90.33
90.46
90.90
91.52
91.72
91.81
91.51
90.74
89.91
89.39
89.27
89.69
90.53
91.03
91.38
91.39
90.70
90.19
90.08
90.55
91.41
91.70
91.87
92.05
91.75
90.84
90.54
90.64
90.64
91.01
91.63
91.58
90.86
90.47
89.85
89.48
89.90
90.77
91.08
91.41
91.73
91.06
90.31
89.98
89.75
89.50
90.36
91.21
91.54
91.79
90.88
89.92
89.46
89.27
89.65
89.89
90.24
90.93
90.02
89.38
89.16
88.49
89.27
90.15
90.42
90.85
91.12
91.24
91.11
90.45
89.50
89.37
89.95
90.55
91.48
91.75
91.37
90.94
90.12
89.46
89.28
89.53
90.14
90.58
90.60
90.37
90.05
89.25
88.72
89.23
90.11
90.50
90.76
91.19
90.64
90.10
90.17
90.62
91.07
91.33
91.55
91.74
91.56
91.14
90.13
88.97
89.06
90.09
90.73
90.64
90.86
90.79
89.89
89.00
89.38
89.89
90.23
90.67
91.29
91.92
91.86
90.72
89.05
87.95
88.43
89.61
89.73
90.59
91.31
90.84
90.18
90.04
90.08
90.11
90.52
91.00
91.26
91.15
90.72
90.25
90.03
90.12
90.32
90.64
91.28
91.76
91.29
90.26
89.40
88.94
88.95
89.81
90.01
89.91
90.62
90.01
89.26
88.93
88.69
89.66
90.07
89.86
90.56
90.47
89.61
88.57
87.76
88.01
88.97
89.89
90.31
90.46
90.14
89.50
89.27
89.52
90.08
90.68
91.10
91.49
91.96
91.95
91.03
90.70
90.45
90.46
91.36
91.71
91.87
92.02
91.52
90.31
89.12
88.80
89.27
89.24
89.66
90.56
90.69
89.46
88.79
88.68
88.25
88.58
89.69
90.79
91.16
91.34
91.65
91.19
89.86
90.13
90.37
90.51
91.66
92.72
92.74
92.09
91.13
89.70
90.08
91.26
91.77
92.24
92.32
92.35
91.84
90.26
89.80
89.74
89.54
89.76
90.12
89.79
89.26
89.34
88.67
88.83
89.91
90.24
91.16
91.23
90.26
89.92
89.07
88.84
89.68
90.51
90.92
90.74
89.93
88.89
88.57
89.09
89.90
90.33
90.35
90.45
90.27
89.02
88.06
88.20
89.09
89.71
90.07
90.64
90.88
89.80
89.20
88.13
86.95
88.06
88.91
89.11
89.54
89.68
89.12
88.77
89.25
89.67
90.10
90.88
91.72
91.75
91.90
91.36
89.81
89.50
89.65
89.98
90.63
91.30
91.64
91.17
90.03
89.17
88.84
89.29
90.10
90.30
90.69
90.87
90.33
89.59
88.38
88.14
89.29
89.94
90.49
91.08
91.18
90.56
90.03
89.07
88.24
89.57
90.65
91.09
91.75
92.08
91.55
90.44
89.82
90.44
90.98
91.39
91.76
91.55
91.03
90.16
89.52
89.77
89.95
90.37
90.97
91.16
91.37
91.46
90.60
88.89
88.39
88.68
89.10
89.68
90.61
90.90
90.61
90.65
90.34
89.83
89.52
89.72
90.71
91.47
91.39
90.73
89.82
89.41
88.74
87.50
88.28
89.55
90.19
90.82
91.07
90.51
89.72
89.36
88.77
89.21
90.53
91.13
91.40
91.46
91.05
90.38
90.69
90.96
90.93
91.17
91.11
90.42
89.67
89.55
89.75
89.83
89.85
90.30
91.40
91.91
91.62
90.92
89.65
88.90
89.26
90.08
89.94
89.80
90.32
90.65
89.42
88.81
89.13
89.53
90.16
90.52
90.71
90.91
90.60
89.84
89.07
88.76
89.08
89.59
89.86
90.06
90.73
90.86
90.07
89.29
89.76
90.53
