47.31
47.72
47.86
47.59
47.18
47.01
47.22
47.62
48.01
48.16
47.84
47.17
46.79
47.23
48.18
48.89
48.96
48.85
49.03
49.30
49.13
48.44
47.81
47.69
47.74
47.42
46.63
45.93
45.74
45.90
46.02
45.88
45.50
44.97
44.58
44.71
45.56
46.47
46.41
45.22
44.08
43.98
44.84
46.01
46.96
48.01
49.74
52.18
54.27
54.84
54.40
53.98
53.94
54.25
54.33
53.12
50.91
49.84
51.13
53.75
55.95
56.81
56.35
55.25
54.66
54.86
54.90
54.17
53.22
52.55
51.94
51.10
50.50
50.92
52.23
52.81
51.56
50.14
50.34
51.86
53.32
53.85
53.74
53.39
52.97
52.65
52.70
53.42
54.45
54.84
54.32
53.96
54.38
54.92
54.78
54.09
53.26
52.39
51.42
50.55
50.15
50.31
50.46
50.00
49.21
48.74
48.79
49.08
49.33
49.26
48.62
47.69
47.16
47.42
48.02
48.31
48.18
48.00
48.05
48.12
47.93
47.51
47.24
47.36
47.62
47.68
47.44
47.03
46.60
46.30
46.24
46.46
46.87
47.31
47.47
46.94
45.80
44.84
44.73
45.37
46.26
46.94
47.35
47.51
47.53
47.60
47.92
48.52
49.40
50.51
51.67
52.63
52.96
52.24
51.14
50.95
51.74
51.82
50.02
47.86
46.94
47.14
47.50
47.40
47.15
47.13
47.45
47.96
48.59
49.44
50.65
51.64
51.13
48.76
46.16
44.60
44.28
45.22
47.24
49.21
49.60
48.43
47.22
46.92
47.18
47.47
47.53
47.30
46.78
46.09
45.38
44.94
45.16
46.35
47.94
48.88
48.60
47.84
47.37
47.15
46.78
46.32
46.56
48.34
50.99
52.38
51.15
49.04
47.82
47.81
49.00
51.03
52.65
52.64
51.59
50.69
50.58
51.66
53.93
56.39
57.91
58.78
59.77
60.46
60.09
59.20
58.75
58.78
58.97
59.07
58.79
57.12
53.31
49.33
47.36
47.32
47.97
48.38
48.56
48.72
48.92
49.02
49.06
49.40
50.43
51.54
51.29
49.42
47.84
47.90
48.83
49.15
48.41
47.64
47.61
48.06
48.42
48.45
48.32
48.22
48.30
48.69
49.24
49.51
49.18
48.75
48.85
49.43
49.85
49.69
49.33
49.25
49.46
49.73
49.82
49.58
49.01
48.90
50.38
53.06
53.96
51.02
47.84
47.54
49.55
51.82
52.67
52.33
51.43
50.64
50.57
51.15
51.88
52.32
52.37
52.06
51.84
52.22
52.68
51.93
49.97
48.61
48.94
50.00
50.40
49.90
49.48
49.72
50.39
51.15
51.66
51.64
51.14
50.75
50.86
51.20
51.38
51.51
51.92
52.52
52.43
51.21
50.10
50.30
51.23
51.28
50.14
49.51
50.57
52.45
53.60
53.59
53.13
52.87
53.25
54.47
55.72
56.06
55.93
56.37
57.70
59.74
61.98
63.42
63.98
64.76
65.75
65.97
65.44
64.84
64.81
65.48
65.11
62.99
61.32
61.13
61.81
62.60
62.65
62.05
61.85
62.28
62.80
63.18
63.49
63.40
62.59
61.77
61.78
61.75
60.69
59.40
58.72
58.15
57.14
56.23
55.92
55.82
55.35
54.87
55.07
55.81
56.36
56.35
55.90
55.17
54.29
53.30
52.04
50.49
49.20
48.73
48.79
48.61
47.88
47.28
47.47
48.22
48.87
48.99
48.93
49.08
49.43
49.74
49.88
49.91
49.98
50.41
51.62
53.07
52.94
50.44
47.63
46.17
46.05
46.98
48.56
49.96
50.24
49.21
47.23
45.19
44.44
45.95
48.84
50.92
50.40
48.44
46.53
45.34
45.20
46.06
47.18
47.67
47.53
47.49
48.02
48.88
49.70
50.10
49.73
48.70
48.15
49.06
50.53
50.37
48.02
45.99
46.05
47.45
48.54
48.38
47.84
47.86
48.55
49.66
50.75
51.03
49.93
48.68
48.93
50.92
53.40
55.02
55.90
56.61
57.16
57.24
57.01
56.93
57.18
57.72
58.24
58.10
56.97
55.10
53.31
53.22
55.75
59.40
61.83
62.81
63.38
64.67
67.43
69.70
69.84
71.40
72.44
63.51
53.81
51.19
52.80
55.52
56.70
54.06
49.14
45.51
44.16
44.43
45.90
47.82
48.96
48.44
47.14
46.21
46.07
46.74
48.18
49.79
50.72
50.82
50.87
51.37
51.69
51.10
50.13
49.87
50.25
49.83
47.84
46.10
46.52
48.98
51.68
52.52
51.13
48.33
47.16
52.05
69.30
104.97
141.58
145.48
135.61
94.89
70.83
72.66
73.46
69.78
69.40
70.71
71.62
71.82
71.77
72.00
71.76
70.76
70.09
69.93
69.90
69.95
70.01
69.71
68.49
65.94
62.74
59.81
57.77
56.78
56.16
55.31
54.11
52.64
51.29
50.46
50.30
50.83
51.76
52.19
51.39
50.12
49.38
49.48
50.34
51.69
52.74
52.68
51.94
51.40
51.21
50.92
50.33
49.66
49.13
48.63
47.99
47.17
46.32
45.53
44.86
44.32
44.03
44.28
45.33
47.03
48.85
50.15
50.47
49.47
47.82
46.76
46.80
46.99
46.28
45.14
45.13
47.23
50.02
50.81
48.78
46.43
45.45
45.66
46.63
48.06
49.70
51.20
51.69
50.22
47.60
46.05
46.75
48.95
51.45
53.03
52.70
50.46
48.40
48.08
48.51
47.69
45.56
44.64
46.88
51.00
53.08
50.56
47.70
47.81
50.21
53.03
54.51
53.84
51.23
48.61
47.45
47.82
49.54
51.98
53.22
51.64
49.13
48.03
48.26
48.49
48.03
47.83
48.95
51.29
53.82
55.53
56.18
55.85
55.31
55.28
55.64
55.86
55.53
54.38
52.88
52.04
52.12
52.26
51.79
51.19
51.16
51.57
51.88
51.86
51.72
51.71
52.01
52.74
53.50
53.58
53.00
52.61
52.91
53.52
53.99
54.17
54.01
53.74
53.69
53.88
53.94
53.64
53.10
52.51
52.12
52.16
52.37
52.22
51.73
51.57
52.08
52.80
53.14
53.05
52.72
52.46
52.66
53.38
54.05
54.14
53.91
53.78
53.95
54.48
55.13
55.33
54.94
54.50
54.43
54.63
54.92
54.93
54.35
53.68
53.70
54.24
54.40
53.83
53.23
53.16
53.74
55.00
56.49
57.49
57.82
57.71
57.54
57.75
58.34
58.87
59.04
58.83
58.31
57.57
56.96
57.20
58.42
59.33
59.01
58.45
58.51
58.84
59.02
59.29
59.81
59.77
58.56
57.07
56.15
55.22
53.60
51.77
50.43
49.56
48.86
48.37
48.62
50.02
51.84
52.73
52.03
50.16
47.95
46.69
47.31
49.06
50.16
49.61
48.76
48.97
49.97
50.80
51.00
51.10
51.57
52.28
52.90
53.19
52.95
52.37
52.09
52.40
52.35
51.00
49.13
47.99
47.79
47.81
47.58
47.54
48.33
49.96
51.69
52.76
53.27
53.59
53.78
53.67
53.39
53.44
54.01
54.44
54.12
53.44
53.05
53.03
53.18
53.31
53.25
52.98
52.90
53.28
53.60
53.22
52.52
52.45
53.13
53.85
54.09
54.14
54.38
54.74
55.09
55.54
56.34
57.27
57.59
57.14
56.57
56.32
56.44
56.79
56.80
56.13
55.47
55.45
55.58
55.20
54.44
53.79
53.52
53.70
54.16
54.33
53.93
53.49
53.51
53.97
54.64
55.18
55.13
54.62
54.31
54.53
55.00
55.39
55.38
54.76
54.00
53.60
53.33
52.68
51.81
51.44
51.73
51.83
51.11
50.33
50.52
51.41
51.79
51.16
50.74
51.58
53.00
53.73
53.47
52.95
52.69
52.94
53.70
54.32
54.06
53.29
52.78
52.79
53.14
53.58
53.66
53.14
52.66
52.84
53.39
53.62
53.41
53.13
53.07
53.30
53.82
54.36
54.61
54.54
54.29
54.00
53.81
53.73
53.65
53.51
53.47
53.69
54.10
54.57
55.18
56.15
57.23
57.55
56.84
55.89
55.41
55.72
56.82
57.58
56.89
55.70
55.26
55.63
56.43
57.03
56.72
55.65
54.72
54.40
54.66
55.34
55.88
55.76
54.88
53.33
51.64
50.32
49.38
48.58
48.12
48.72
50.96
53.80
55.09
54.29
53.31
53.32
54.07
55.04
55.00
52.91
49.95
47.77
46.86
47.24
48.85
50.92
52.42
53.14
53.79
54.64
55.04
54.55
53.83
53.66
54.08
54.87
55.60
55.69
55.14
54.66
54.70
55.20
55.96
56.39
55.99
55.27
54.97
55.32
56.33
57.48
57.76
56.98
55.92
55.27
55.51
56.29
55.52
52.23
49.06
47.89
48.29
49.41
50.64
51.54
51.83
51.96
52.55
53.58
54.58
55.28
55.71
55.72
54.55
52.04
49.90
49.57
50.68
52.18
53.36
54.08
54.36
54.36
54.28
54.09
53.66
53.18
52.97
53.03
52.85
52.20
51.52
51.24
51.29
51.46
51.60
51.63
51.63
51.99
53.01
54.06
54.13
53.39
52.93
53.22
53.94
54.71
55.14
54.93
54.51
54.50
55.03
55.93
56.87
57.31
57.06
56.62
56.44
56.79
57.59
57.80
56.67
55.41
55.24
55.81
56.34
56.42
55.89
55.19
55.14
55.68
55.80
55.17
54.60
54.66
55.03
55.32
55.31
54.92
54.60
54.96
55.66
55.57
54.61
53.99
54.25
54.76
54.90
54.62
54.06
53.61
53.70
54.15
54.38
54.22
54.17
54.52
55.13
55.77
56.08
55.78
55.26
55.13
55.52
56.26
56.97
57.07
56.44
55.72
55.40
55.60
56.22
56.51
55.85
54.95
54.77
55.43
56.73
58.13
58.72
58.36
57.82
57.45
57.14
56.92
57.16
57.77
57.70
56.48
55.40
55.45
56.39
57.73
58.58
58.07
56.93
56.42
56.58
56.95
57.36
57.82
58.20
58.19
57.78
57.31
57.07
57.24
57.69
57.60
56.63
55.57
55.06
54.95
54.95
54.76
54.10
53.32
52.98
53.00
52.79
52.17
51.62
51.53
51.73
52.00
52.19
52.29
52.35
52.58
53.05
53.38
53.16
52.73
52.65
52.85
52.71
52.09
51.63
51.79
52.19
52.28
52.10
51.97
52.08
52.39
52.84
53.30
53.65
53.97
54.41
54.79
