0
299747
599495
899243
1198991
1498739
1798487
2098235
2397983
2697730
2997478
3297226
3596974
3896722
4196470
4496218
4795966
5095713
5395461
5695209
5994957
6294705
6594453
6894201
7193949
7493696
7793444
8093192
8392940
8692688
8992436
9292184
9591932
9891679
10191427
10491175
10790923
11090671
11390419
11690167
11989915
12289662
12589410
12889158
13188906
13488654
13788402
14088150
14387898
14687645
14987393
15287141
15586889
15886637
16186385
16486133
16785881
17085629
17385376
17685124
17984872
18284620
18584368
18884116
19183864
19483612
19783359
20083107
20382855
20682603
20982351
21282099
21581847
21881595
22181342
22481090
22780838
23080586
23380334
23680082
23979830
24279578
24579325
24879073
25178821
25478569
25778317
26078065
26377813
26677561
26977308
27277056
27576804
27876552
28176300
28476048
28775796
29075544
29375291
29675039
29974787
30274535
30574283
30874031
31173779
31473527
31773274
32073022
32372770
32672518
32972266
33272014
33571762
33871510
34171258
34471005
34770753
35070501
35370249
35669997
35969745
36269493
36569241
36868988
37168736
37468484
37768232
38067980
38367728
38667476
38967224
39266971
39566719
39866467
40166215
40465963
40765711
41065454
41365190
41664926
41964661
42264397
42564132
42863868
43163604
43463339
43763075
44062811
44362546
44662282
44962017
45261753
45561489
45861224
46160960
46460695
46760431
47060167
47359902
47659638
47959373
48259109
48558845
48858580
49158316
49458052
49757787
50057523
50357258
50656994
50956730
51256465
51556201
51855936
52155672
52455408
52755143
53054879
53354614
53654350
53954086
54253821
54553557
54853293
55153028
55452764
55752499
56052235
56351971
56651706
56951442
57251177
57550913
57850649
58150384
58450120
58749855
59049591
59349327
59649062
59948798
60248534
60548269
60848005
61147740
61447476
61747212
62046947
62346683
62646418
62946154
63245890
63545625
63845361
64145096
64444832
64744568
65044303
65344039
65643775
65943510
66243246
66542981
66842717
67142453
67442188
67741924
68041659
68341395
68641131
68940866
69240602
69540337
69840073
70139809
70439544
70739280
71039016
71338751
71638487
71938222
72237958
72537694
72837429
73137165
73436900
73736636
74036372
74336107
74635843
74935578
75235314
75535050
75834785
76134521
76434257
76733992
77033728
77333463
77633199
77932935
78232670
78532406
78832141
79131877
79431613
79731348
80031084
80330819
80630555
80930291
81230026
81529762
81829498
82129233
82428969
82728704
83028440
83328176
83627911
83927647
84227387
84527134
84826882
85126629
85426377
85726124
86025872
86325619
86625367
86925114
87224862
87524610
87824357
88124105
88423852
88723600
89023347
89323095
89622842
89922590
90222337
90466134
