423800 -0.025047753972620657
424206 -0.018926263414348332
424579 -0.026306355198259745
424970 -0.02025790232294311
425359 -0.021451257127099443
425765 -0.02662071333781335
426183 -0.03586007906842964
426592 -0.02046121698582193
427011 -0.021447077092169364
427408 -0.020507630085164874
427814 -0.02310720513194575
428246 -0.02633988538161386
428642 -0.021116652426794558
429042 -0.023301264417252665
429453 -0.025933734255216723
429853 -0.02105444266504658
430256 -0.022625458606640003
430667 -0.0292882200447403
431076 -0.020562073345804344
431489 -0.020573040522081587
431884 -0.020953324945864715
432302 -0.028451059732293726
432710 -0.027537510156542155
433122 -0.029162783371677936
433533 -0.028680187720860617
433949 -0.01940669973048853
434341 -0.019356818817753696
434758 -0.029119508299145447
435160 -0.02473722461992761
435581 -0.0276367816692053
435999 -0.026864333609507296
436412 -0.02184979466030157
436814 -0.017144616092670206
437209 -0.02839134599493337
437602 -0.02829260626766683
438014 -0.022032141761832214
438438 -0.024777323284345232
438848 -0.02138325931925028
439252 -0.023582797245089215
439659 -0.021830984148814292
440075 -0.023548077018046953
440511 -0.02608215895405913
440904 -0.01759958343441298
441313 -0.020211620636700234
441703 -0.022413153529244945
442126 -0.025017284656046745
442526 -0.02571566030062311
442935 -0.023230287860259102
443328 -0.023560947680938138
443709 -0.02548889096956014
444110 -0.022185010830359064
444506 -0.03262973393288826
444923 -0.023394561049229434
445337 -0.02814900526970121
445727 -0.023072437243638666
446122 -0.029654232061062047
446539 -0.036078573069106334
446941 -0.025015861243676163
447351 -0.025423807988555147
447768 -0.027724620303624214
448175 -0.022115383261395394
448572 -0.030052707933743428
448967 -0.02626251377007638
449372 -0.02561225473611478
449769 -0.025403915568541213
450173 -0.022928242371839325
450561 -0.023139020684488143
450955 -0.02357012725068658
451345 -0.02138062602493379
451760 -0.025751129588328592
452167 -0.01722369999016654
452554 -0.022499235213119306
452961 -0.02619730150600813
453368 -0.02679909208458675
