7108204 0.22536135292697584
7108622 0.1830231550031565
7109026 0.18196617121771416
7109428 0.21752301293951803
7109847 0.23421540617578632
7110272 0.21404673967200943
7110696 0.21617622165626768
7111117 0.17394109065239166
7111523 0.1749488521739761
7111933 0.23652266356625223
7112352 0.23218369664776373
7112780 0.22489985438186774
7113210 0.2189546383312839
7113643 0.18697866843250796
7114059 0.1632956809778384
7114475 0.21204961833742503
7114904 0.23107837026412092
7115337 0.22669938313900345
7115774 0.22126521059775137
7116213 0.18660360377624619
7116634 0.17348141815843945
7117050 0.2150655391229895
7117485 0.24986932912179935
7117922 0.2365552647065189
7118370 0.2310188588444358
7118820 0.18970874688215053
7119247 0.1786218848016458
7119675 0.23749661357579907
7120118 0.23298658720911813
7120566 0.21716915020719638
7121010 0.2146027469259155
7121458 0.19100555642170294
7121885 0.16590539077631633
7122294 0.22752608735392277
7122722 0.22690457553138704
7123175 0.24209494173184354
7123630 0.21116391708461935
7124059 0.1580451983863973
7124478 0.22376816031640617
7124907 0.22868754570525762
7125345 0.2271638080097881
7125790 0.22501285946316701
7126236 0.18104331454691236
7126670 0.1797017363899332
7127097 0.2434521499435407
7127544 0.24441776229170648
7127994 0.2226682839066695
7128448 0.21858404519143554
7128908 0.21138843154147247
7129369 0.18566626931049093
7129813 0.17021940967965765
7130249 0.2214735686015295
7130696 0.23449906593729317
7131143 0.22344538916481516
7131593 0.21650991689318566
7132041 0.17746702145292953
7132463 0.17069547154427234
7132886 0.24683907293550336
7133310 0.22550388120181752
7133737 0.21974768570038736
7134161 0.2204737037053766
7134583 0.16331296055212385
7134994 0.17110375689666907
7135415 0.24717016244143142
7135848 0.23040321252412
7136281 0.22247554924855378
7136716 0.21838170513211475
7137140 0.16996948930264177
7137548 0.1796797009531192
7137966 0.24490827642983087
