4050987 -0.02524571074612053
4051407 -0.02432782563291147
4051840 -0.029023829713553218
4052237 -0.03503043770408565
4052640 -0.03182621379729078
4053057 -0.0272455590024136
4053448 -0.022354068851091813
4053867 -0.02543764739585197
4054300 -0.03214038816798942
4054703 -0.028686779238289106
4055112 -0.027951404163999327
4055538 -0.0288765991623825
4055960 -0.0334062432666688
4056388 -0.03506346004264882
4056802 -0.020178874796466018
4057236 -0.027045768260850145
4057661 -0.029864918667619922
4058077 -0.03482391845377697
4058495 -0.033548454280540096
4058898 -0.03421901327510346
4059314 -0.026984333524890936
4059743 -0.03489447420210784
4060149 -0.07158030437649066
4060560 -0.025051362224415064
4060971 -0.033853517902862285
4061399 -0.017625960002590868
4061750 -0.026473431512666457
4062133 -0.027265169435827685
4062505 -0.036500034444608254
4062911 -0.3455852606571209
4063037 -0.393255822631877
4063237 -0.4091225154929572
4063566 -0.20102571576213712
4063829 -0.5451984656792717
4064300 -0.1378820363955331
4064608 -0.06541029223786166
4064943 -0.07809811101990838
4065267 -0.025357234960196706
4065574 0.1988324052398805
4065680 -1.3941295764540966
4065950 -0.11763238820181221
4066267 -0.14993693183228357
4066568 -0.632907620682164
4066906 -0.095997122220281
4067251 -0.03739956933389754
4067613 -0.07459866410430993
4067993 -0.011352356017849785
4068423 -0.021825389981573573
4068824 -0.02934934992909921
4069177 -0.06402228472869259
4069546 -0.024353044194508955
4069916 -0.01967474477719197
4070286 -0.022098680986037067
4070688 -0.017576804547119407
4071061 -0.02969848281529236
4071469 -0.021647426144023027
4071869 -0.022966901126465336
4072226 -0.026914325517118223
4072634 -0.026558099937986968
4073046 -0.02805732878544999
4073490 -0.02724265571463086
4073912 -0.02613101290947198
4074330 -0.027193032442270754
4074742 -0.02808090032166466
4075163 -0.02200305750421877
4075653 -0.023671438494619584
4076034 -0.042494640723355626
4076444 -0.03157021357727213
4076846 -0.0549113085469132
4077247 -0.03620776734769052
4077669 -0.02404597158545055
4078079 -0.025324664811463116
4078491 -0.02972689332425585
4078919 -0.027018045327112772
4079294 -0.018070643862608315
4079698 -0.02009157648262691
4080119 -0.012910330708450435
4080537 -0.020677262751231412
