364022 -0.039084004471180434
364409 -0.037008097864315026
364787 -0.03782119738848777
365169 -0.03812994265117153
365575 -0.0382372751550083
365953 -0.03888377335773546
366354 -0.027320267729748993
366736 -0.031246848480309175
367134 -0.04136655323763433
367547 -0.035335506169064446
367934 -0.04093169450680495
368344 -0.026698826702514666
368737 -0.04028017088989233
369133 -0.057694957097412125
369538 -0.1091334061399829
369929 -0.04762797182616113
370290 -0.3397249479932135
370650 -0.06369321912992626
371018 -0.07047270371563863
371403 -0.04739194994896112
371778 -0.04727730015987741
372152 -0.033246028592461396
372543 -0.03549052039293521
372922 -0.03765524808818593
373298 -0.049672688730843295
373689 -0.048421969138317256
374083 -0.0283561438873976
374455 -0.03060203606648204
374853 -0.05181548130597574
375234 -0.045005524166105704
375621 -0.04778963574096451
376011 -0.031351549395559175
376424 -0.03679919515394636
376812 -0.033349484362150905
377218 -0.060410418432682245
377625 -0.04190505470341588
378028 -0.04112101169977295
378424 -0.026986251922023197
378828 -0.03195604805104563
379230 -0.06194033575493724
379687 -0.05878852039433963
380035 -0.0495373259440432
380966 -2.609073027953585
381472 -5.100410141138058
381726 -0.9352110972095771
382653 -0.9488203621806957
382813 -0.18537645223588983
383025 -0.19487688565464045
383188 -1.6984192686664534
383600 -0.05931808752024459
383977 -0.061245551253226393
384371 -0.04514013152411822
384773 -0.07097511402667411
385165 -0.041093844633721455
385578 -0.04197943616385125
385987 -0.0535210881482413
386398 -0.06463391191823198
386812 -0.04886069035336571
387231 -0.04771502545195383
387635 -0.07403468509752886
388062 -0.04433868716388356
388477 -0.057026280555007025
388900 -0.05969703468178622
389323 -0.05069102830444028
389627 -0.9579945714310683
390161 -0.006574508956098735
390553 -0.05166300309227018
390939 -0.043323021831731034
391346 -0.033623043833781785
391751 -0.03132426218610923
392142 -0.03508408392728657
392543 -0.04054086746093172
392949 -0.03414115170515031
393361 -0.03272786047281362
