251 -0.13999672649063077
542 -0.9505228742843095
917 -0.3949292441587552
1303 -0.7847813999598845
1519 -0.21553727625604724
1804 0.30045464608017214
1898 -0.9125810503005914
2229 -1.8379926334683576
2495 -0.26247069242938936
2594 -0.7638687239442612
2865 -0.4228370125443517
3200 -2.3401979374149793
3526 -0.5754353444284609
3740 -0.2982365777612671
4095 -0.12487514083835194
4474 -0.0777385291339755
4704 -0.06284249788004359
5070 -0.5315242448039537
5340 -0.34956672612447814
5746 -0.32158125024543205
5935 -0.4815019993690216
6241 -1.4012384766250925
6542 -1.3695223904592373
6958 -0.41090330394593294
7152 -1.0459703805666742
7559 -0.15525841141295002
7824 -3.478679610628356
8070 -0.15385135427297292
8325 -2.454428361505583
9025 -0.22021766612600419
9420 -0.6754183237698111
9769 -0.6278508496770981
9863 -0.6858492679491652
10122 -0.3649523470618935
10540 -1.6671514587159328
11057 -1.4467956429720565
11401 -0.9532408961943046
11595 -0.5866652311914577
11738 -4.99290804797209
12306 -1.4302548465579852
12819 -2.0834907342895805
13076 -6.373522233672317
13278 -1.5128571385166574
13581 -0.5504470685018594
13836 -0.8842716012125456
14189 -0.26945261345025256
14396 -0.116984423737229
14767 -0.12855446724247532
15083 -0.3877813135382787
15313 -0.4321348847966875
15677 -0.37087682316516724
16067 -0.07480849043390358
16307 -0.31888951735796267
16614 -0.36552610566065136
16919 -0.3521726945419476
17295 -0.29443907258254004
17533 -0.21470557985540367
17889 -0.19062381074321988
18173 -0.08315848433535533
18598 -0.11430461870060532
18888 -0.13227768223087222
19256 -0.23405227129262463
19555 -0.34334822210737037
19890 -0.12114921015174468
20160 -0.42964441900609784
20475 -0.2989875998936953
20829 -0.22010515951707887
21092 -1.300393490462896
21523 -0.41996795730712266
21825 -0.40953935569481004
22146 -0.18634292559321664
22467 -0.48331469801446125
22669 -0.5311643729873313
23084 -0.19908801093419784
23313 -0.24409821521222314
23690 -0.12927063592687088
23991 -0.1105583355724935
24224 -0.10054271877549831
24544 -0.09702284928867771
24967 -0.10574315760327019
25207 -0.1763010793727014
25607 -0.15524219140283352
25859 -0.47506409608332556
26138 -0.25888003641814056
26543 -0.23375372382777027
26802 -4.861083582337056
27113 -1.3070859478593384
27255 -4.611585153225833
27567 -4.026093884266071
27771 -6.02139930173832
27973 0.2733370976460464
28080 -8.936785362440947
28322 -2.4169440743617163
28597 -0.13921993492780033
29213 -0.18456594363822765
29369 -1.236971983982357
29730 -5.405779777692972
30004 -1.648676783373048
30365 -0.9838574493321761
30688 -0.17835508871653638
31010 -0.7971270864079327
31335 -0.061193189574414
31649 -0.0605903252599288
32017 -0.31974433406607483
32292 -0.45627052915356825
33184 -0.12085624980430598
33484 -0.1090200190923073
33907 -0.4964266242204246
