3091525 0.5964895337813019
3092002 0.6093091537809623
3092465 0.3751418038480603
3092910 0.35166398261505566
3093343 0.5077274971595579
3093790 0.6051458537608276
3094253 0.6357127911562082
3094724 0.43783142211992426
3095191 0.3645852107623333
3095663 0.45805525023458554
3096149 0.5780119890321349
3096641 0.6089221768961066
3097136 0.6140373807329015
3097615 0.3715179227004547
3098080 0.36952958234055927
3098555 0.4665194893408241
3099030 0.5833338499541791
3099507 0.6108204668832626
3099978 0.5895599468171907
3100437 0.3745473348511266
3100884 0.4077472971648774
3101350 0.5403159108364783
3101815 0.6045051631840512
3102292 0.6261719681450363
3102765 0.46219372980898116
3103224 0.35500407612408286
3103674 0.4282019660774195
3104134 0.5611051360077931
3104597 0.6145030306697152
3105061 0.6194667426058174
3105520 0.5184146808298041
3105973 0.35908860559062566
3106417 0.4009914728665006
3106878 0.5376464365735548
3107344 0.603689030422225
3107807 0.6201904210846246
3108268 0.4432983538744932
3108720 0.35618141016734983
3109171 0.45018321034772846
3109635 0.5734903619035241
3110109 0.6141714881897273
3110588 0.6133105287786556
3111070 0.4130491091299596
3111524 0.3530295667236071
3111982 0.4865712515583073
3112453 0.5959143600244166
3112928 0.6191972303300176
3113396 0.39531267395200415
3113848 0.3377200687492655
3114285 0.4978059640791392
3114722 0.5981964960274007
3115166 0.6242257313640873
3115622 0.43438803438882545
3116066 0.36860406800951095
3116505 0.44408249948468254
3116968 0.5731015065194893
3117435 0.6177921546908614
3117900 0.6223440965473097
3118364 0.3883981008434575
3118819 0.3754666668037814
3119282 0.5154516166784737
3119752 0.6003882663714563
3120224 0.6104659512876554
3120698 0.45714884999964106
3121160 0.3540926326722338
