394067 -3.768744852132336
394443 -1.305734964244312
394778 -0.668374411434033
395004 -0.9904867716932729
395328 -0.1676075132973731
395639 -1.0044038667435762
396185 -0.4060076369709523
396431 -0.5954750060144369
396649 -3.6667785046510835
396933 -3.1057972988216473
397173 -0.8773624117420963
397326 -0.4188072497572324
397442 -3.1825348780471434
397628 0.08028635124868788
397712 -1.5275130633662188
397960 -0.16632859038689807
398323 -1.3229233447996034
398775 -0.10684611997473248
399077 -0.07927073089676107
399409 -0.09721216269137001
399705 -0.023083718154395028
399930 -0.1548503744619812
400091 -1.868583491925099
400225 -0.5895325753878162
400631 -0.15661133914090186
400913 0.0
401103 -0.6694688224895575
401400 -0.03078304121855946
401721 -0.20604715577251953
402066 -0.5247361393740003
402245 -0.06743823746120658
402581 -0.13089179736379322
402855 -0.027292055143880473
403111 -0.02868110213996311
403397 -0.0885537311452596
403667 -0.05062471540598654
403943 -0.0445333601120364
404255 -0.06901487920547075
404517 -0.0464267478831811
404779 -0.06980691347941867
405144 -0.04668263033709641
405431 -0.022639565012171292
405679 -0.47625618562849126
405914 -7.663392427861687
406211 -0.8597458949536618
406411 -0.4135572507315598
406731 -0.9754282831977008
407026 -1.1205301095581404
407243 -0.13053620835725152
407518 -0.21216688078408238
407751 -0.40405041413444065
408029 -0.20091603064700087
408268 -0.22173927722170753
408841 -0.8323451945195546
409111 -0.841415553402322
409200 -0.48918552545177324
409439 -0.6074121118859724
409739 -0.013414819180839754
409898 -0.42382933994946503
410229 -0.3374939128519986
410536 -1.3521267453776633
410779 -2.2643363630826183
411156 -0.22953089512890446
411385 -0.19571604066802883
411632 -0.09209015597741571
411909 -0.6540041408354722
412220 -0.5297138409114354
412591 -0.35046545156409525
412885 -0.2071470918831705
413192 -0.7963501549101567
413426 -0.08518269987807647
413736 -0.35254882257251435
414120 -0.4314093171740905
414355 -0.3600615325647674
414625 -0.21399680460445125
414935 -0.3655881902311803
415191 -0.5858505680862351
415494 -1.247702065790749
415772 -0.39466614447170756
416076 -0.059756395421700415
416163 -1.2320252270216958
416403 -0.0647052731696861
416727 -0.12520557472910587
417042 -0.09810902172318936
417332 -0.23898148063466867
417768 -0.13348723570001286
417961 -0.09344796434875713
418315 -0.34722189056323605
418453 -2.1642178808489523
418688 -0.16146939541781058
418952 -0.3952868595893986
419337 -12.766494745077441
419594 -0.2007218963397337
420019 -0.3442357410166199
420214 -0.1373075591747499
420556 -0.05203434168086707
420843 -0.06390470426126948
421156 -0.09698623685591867
421452 -0.08394674182332706
421854 -0.2824427618169826
422078 -0.01940934657060356
422378 -0.12947932569600318
422713 -0.051920663237675746
423077 -0.06728119408114008
423368 -0.03489599843481167
