3031719 -0.08328547036095596
3032075 -0.08569308960780808
3032414 -0.09728337134634957
3032727 -0.16363849702376365
3033062 -0.06704122930115725
3033399 -0.07603775599939822
3033840 -0.09784512354160285
3034188 -0.1713256849903217
3034427 -0.02771268605112176
3034750 -0.12564669436071826
3035095 -0.055254329697593016
3035449 -0.03579943315290784
3035764 -0.025315177340128447
3036108 -0.046842153749256765
3036435 -0.04317916549461587
3036783 -0.04508057047758679
3037131 -0.06210973388339319
3037478 -0.1017928890030323
3037840 -0.06347448709001718
3038171 -0.056470697022725835
3038511 -0.05455892763589876
3038841 -0.05203695239159145
3039169 -0.047312563334058644
3039516 -0.044313564997589205
3039853 -0.05387870042675674
3040212 -0.06019754051824733
3040542 -0.05008514903906719
3040893 -0.07188404918014657
3041246 -0.05735973819194551
3041655 -0.04466840783242032
3041973 -0.09303719744468643
3042275 -0.1930326840922953
3042599 -0.04303076754404511
3042989 -0.09921480906206387
3043272 -0.044698353641636046
3043617 -0.07622227192724595
3043948 -0.09970092772430938
3044285 -0.054896865524239113
3044622 -0.08630885607346306
3044976 -0.1006250024630363
3045310 -0.12293368796852588
3045642 -0.06578840266460995
3046029 -0.07651685328186303
3046357 -0.03940681196612161
3046728 -0.08421308115304493
3047090 -0.07699468767981754
3047484 -0.08900253404597108
3047919 -0.12900667425633805
3048233 -0.05600335907448628
3048596 -0.033400781740849324
3048930 -0.02677176071148779
3049275 -0.013274482104961516
3049650 -0.037570401273762544
3050074 -0.05924337240721811
3050422 -0.10285412668051852
3050760 -0.1910781473505314
3051012 -0.07127364534556602
3051444 -0.08672017782223396
3051687 -0.10643184786286608
3052152 -0.09154158634860399
3052386 -0.09444832307908801
3052749 -0.06303562564916965
3053105 -0.08688987116793256
3053497 -0.093937354116995
3053829 -0.06916671736607827
3054208 -0.08911755452538928
3054690 -0.0308422108677473
3054946 -0.07284009622443255
3055405 -0.060973931514967106
3055768 -0.11023910375785528
3056040 -0.05782397147468232
3056427 -0.09944849339173689
3056822 -0.0925256911519951
3057302 -0.05589112661159068
3057585 -0.18556232042542642
3057975 -0.042627619805958694
3058334 -0.0882368512226116
3058716 -0.0940172087811304
3059081 -0.10060150869886059
3059530 -0.053488479085664675
3059892 -0.07090191914654487
3060123 -0.4291773718543721
3060515 -0.09203109837314377
3060964 -0.17047977541106354
3061276 -0.2727676780200349
