2012322 -0.10188493999870119
2012633 -0.096765121749536
2012930 -0.1165481436889324
2013226 -0.10507380654554488
2013569 -0.1350314868618283
2013875 -0.10287060186193075
2014178 -0.1872734341577562
2014438 -0.1988799199830209
2014738 -0.14375238701000814
2015039 -0.1124887861914281
2015327 -0.12621979818849138
2015632 -0.10612750972137575
2015860 -0.11193062628541611
2016147 -0.07212492721747255
2016423 -0.18548378413362182
2016717 -0.05955398188091321
2016968 -0.09656431918630803
2017262 -0.10732629967812038
2017542 -0.10592832544256306
2017809 -0.08515921978404217
2018100 -0.13103338876654622
2018424 -0.1507437618900036
2018655 -0.08285604208048207
2018931 -0.18179278329042073
2019266 -0.10716243197795072
2019520 -0.10227657187695087
2019823 -0.0972316514945607
2020108 -0.07956360952104474
2020432 -0.10574204417620571
2020697 -0.09263314801006282
2021001 -0.10406409277037476
2021267 -0.1053405903629066
2021558 -0.06215823913821972
2021847 -0.09512092075579881
2022157 -0.08413702516328492
2022453 -0.08195365611353722
2022755 -0.08686342077443665
2023056 -0.06413631111242721
2023358 -0.1146487498402261
2023710 -0.059563458876147474
2023995 -0.05097361204206266
2024277 -0.0738916502784292
2024577 -0.0824360836623072
2024883 -0.10739482439089332
2025207 -0.09882916903031425
2025542 -0.08463130145663117
2025852 -0.06456755612133241
2026165 -0.10227332630856217
2026459 -0.08060279795984898
2026793 -0.05508195536556665
2027111 -0.05405745814002827
2027432 -0.10713819434571509
2027779 -0.10234401111821417
2028078 -0.07892811673514427
2028422 -0.2860358793740715
2028765 -0.19073470227495093
2029260 -0.15074336817312362
2029608 -0.4628738607337993
2029863 -0.12101382882303728
2030212 -0.10998667884257121
2030552 -0.06609137439478148
2030906 -0.1462042486597765
2031230 -0.16734768345373896
2031581 -0.12918117582269667
2031891 -0.0797729841488702
2032233 -0.06993641839070838
2032508 -0.06140827949284486
2032791 -0.1244457255152886
2033108 -0.1028356579046723
2033424 -0.10944962859992158
2033741 -0.06679988897067968
2034054 -0.07734575427134638
2034348 -0.10435757234216092
2034730 -0.09441043290820339
2034910 -0.15919085976431452
2035224 -0.13270784234618468
2035538 -0.2098289729175048
2035844 -0.04097696073981738
2036174 -0.08772736541032777
2036507 -0.11341667415124068
2036852 -0.09032727644283756
2037180 -0.08452720397622054
2037517 -0.08049281102664291
2037831 -0.09272469186856167
2038158 -0.1033447119186733
2038440 -0.08062420919163685
2038765 -0.11093253266567421
2039074 -0.07283607155123956
2039391 -0.07188157498506942
2039707 -0.0907460840581163
2040045 -0.08426259863735008
2040378 -0.09074180789485903
2040681 -0.060818681161759536
2040962 -0.06409152530441137
2041290 -0.07512851503721951
2041591 -0.10413143195416874
2041908 -0.12955440638929616
2042229 -0.0835147196925129
