5639561 -0.030399533423094677
5639891 -0.0505285656562553
5640230 -0.07118340413385593
5640561 -0.05962093255769041
5640905 -0.037204353052410655
5641231 -0.04720024464227457
5641556 -0.042961685783167836
5641897 -0.062085437009743005
5642247 -0.052943553569350765
5642585 -0.0564142437046824
5642920 -0.05066225588957429
5643256 -0.051539119815615875
5643589 -0.05187979179230251
5643947 -0.0497343152991403
5644292 -0.051234519711495285
5644623 -0.04527548537877146
5644953 -0.035285720544091514
5645277 -0.04664575895067247
5645614 -0.044825985184718364
5645939 -0.050186446609570834
5646262 -0.04237659089305523
5646577 -0.03164697057109178
5646901 -0.06294491202360852
5647244 -0.043636660865206234
5647567 -0.030745609108833505
5647926 -0.06795750649480892
5648259 -0.04661031714794073
5648603 -0.0852899362487134
5648921 -0.047712086672416665
5649237 -0.03426005405435473
5649546 -0.05280039082313848
5649853 -0.044220733966341186
5650181 -0.05006208831471615
5650505 -0.04619424713838116
5650822 -0.033430153834871246
5651147 -0.044474742692302116
5651457 -0.04122601217130084
5651800 -0.04340484162110991
5652132 -0.04532894138192156
5652468 -0.043123179736951234
5652800 -0.042582688740665176
5653131 -0.0409945758390976
5653459 -0.04185647529561243
5653791 -0.03864169648215332
5654114 -0.03358734206720626
5654460 -0.04614170140887808
5654783 -0.02723215141490032
5655087 -0.047481741924674914
5655417 -0.037185954727411485
5655748 -0.03668535784261506
5656078 -0.04924223787700077
5656425 -0.05962025539664795
5656752 -0.03597165886599846
5657092 -0.035296881576933004
5657421 -0.03554876465636764
5657764 -0.04210227069078254
5658094 -0.04348538316699213
5658451 -0.048545230274599116
5658795 -0.03031211365563835
5659130 -0.03624605919664464
5659489 -0.03486129986174458
5659836 -0.04822317792504577
5660204 -0.037786058211915274
5660593 -0.04504380696481358
5660966 -0.02933279665637989
5661304 -0.03197176758167697
5661671 -0.03998218187429281
5662017 -0.035630008760395016
5662375 -0.04448553686922457
5662738 -0.03820676174229687
5663081 -0.030347126691336934
5663414 -0.039391520460641705
5663754 -0.037323362387726045
5664116 -0.047425096821299806
5664476 -0.03943924274774113
5664837 -0.030372312367630272
5665183 -0.037737626748423736
5665543 -0.04724434362180285
5665888 -0.04469046659905751
5666227 -0.05012371604651655
5666585 -0.03586176621754622
5666925 -0.028186513513532463
5667251 -0.04336049904389794
5667600 -0.040244867406011575
5667948 -0.04878590799491944
5668292 -0.04024689966033573
5668633 -0.022490671284688957
5668962 -0.04721120587542904
