3750917 -0.14110608966926463
3751292 -0.05261943292443105
3751449 -0.17578257095750105
3751706 -0.1256247717753156
3752003 -0.10508490670280823
3752268 -0.11361887421577554
3752542 -0.12395854878412149
3752834 -0.19463461899860246
3753063 -0.19618310433375374
3753336 -0.12437863496286905
3753606 -0.13914409630042135
3753904 -0.19944863110463318
3754136 -0.11943182421139786
3754401 -0.2477969284681496
3754537 -0.2350497392791956
3755018 -0.48758040645658973
3755570 -0.27312901744083307
3755755 -0.20211479536281418
3755989 -0.2533531959273576
3756051 -0.33334589145895355
3756170 -0.11271275823981208
3756477 -0.7518935480127157
3756686 -0.11803571762164533
3756944 -0.2768347906581331
3757202 -0.16304087530563238
3757436 -0.2596159511245275
3757683 -0.09233367544218174
3757903 -0.6316772258734741
3758140 -0.36113823688306623
3758410 -0.3163940431797289
3758549 -0.11127776428920688
3758659 -0.15466130891792904
3758891 -0.4786381723536247
3759133 -0.46214118387879705
3759256 -0.14359461009031088
3759402 -0.20704091131491087
3759612 -0.3333214784230804
3759850 -0.21287985812883886
3760115 -0.19286462522572373
3760358 -0.2818965465284286
3760591 -0.14845029219917283
3760847 -0.33153922083235976
3761102 -0.19589656893342894
3761622 -0.14192171857932956
3761866 -0.19196766905280238
3762194 -0.1841423845409304
3762366 -0.35342476141259327
3762627 -0.30392178396970837
3762931 -0.2852412519773463
3763082 -0.11844116963901113
3763323 -0.304893769816505
3763872 -0.13764365981781168
3764348 -0.2142562808509606
3764528 -0.4145954314289727
3764692 -0.260494818602059
3764851 -0.5691275265368699
3765558 -0.8179460474842025
3765801 -0.5450567726200521
3766305 -0.0003816081984299169
3766399 -2.240888756030043
3766884 -0.6067684671461387
3767614 -0.1610573833508454
3767850 -0.04124147760651009
3768121 -0.43425848724236205
3768785 -0.3923682409705835
3768983 -0.09795116964106915
3769202 -0.9765448390617487
3769487 -0.916389703033394
3769681 -0.8053308936228163
3769929 -0.32220789538683436
3770201 -0.7246450841018797
3770488 -0.21084451705230978
3770644 0.969395743333672
3770731 -0.6058416945501225
3770901 -0.3071242370600302
3771146 -0.3059446642012488
3771412 -0.19559473134031635
3771583 -0.15587998394461627
3771677 -0.38642846035413325
3772107 -0.3725341327711898
3772327 -0.36418760207134704
3772631 -0.0621254833489461
3772769 -0.44004153957056935
3773001 -0.38976442015428825
3773241 -0.18522281355567893
3773494 -0.28383232200001196
3773770 -0.3253942973837439
3774073 -0.431996275447031
3774296 -0.4504898150998734
3774533 -0.4118896793803525
3774769 -0.21754430109261286
3774988 -0.49995366366958616
3775235 -0.11288895455741477
3775487 -0.19577455846647374
3775780 -0.46974100466914537
3775950 -0.08744777930281766
3776197 -0.2830479948983756
3776560 -0.19053350637781452
3776722 -0.22041990175821302
3776951 -0.10703676164014142
3777179 -0.25032033168954326
3777437 -0.29179400766142805
3777797 -0.21269686326777093
3778032 -0.1908608895479338
3778171 -0.16881967501103157
3778534 -0.35532709207427865
3778757 -0.46242757204770424
3778962 -0.35767039206555906
3779053 0.1704839570703086
3779194 -0.48223835613931565
3779429 -0.298150606076775
3779653 -0.3110595692710677
3779887 -0.26791990518661124
3780072 -0.1943262130126382
3780404 -0.2962470049709224
3780595 -0.03978526724479148
