2402371 -0.01794327207630153
2402860 -0.011419043676478058
2403359 -0.016873661323893285
2403820 -0.01539664883043218
2404268 -0.01977166461722829
2404739 -0.016382844930023954
2405193 -0.014989568663273833
2405663 -0.014652518664955594
2406129 -0.02016884452375528
2406583 -0.016777137349406834
2407039 -0.02164530282280841
2407505 -0.01802386700012043
2407953 -0.01461936242659373
2408429 -0.013226876313725766
2408894 -0.013508355925069826
2409346 -0.009238700314580961
2409824 -0.015571794425539687
2410301 -0.015169688318985852
2410783 -0.016066886880230224
2411267 -0.01443405344541071
2411725 -0.012366291584141487
2412184 -0.019703353221840414
2412645 -0.013175393436509919
2413124 -0.01718135925021652
2413609 -0.01385989695279255
2414106 -0.017309997645860054
2414573 -0.01555211152276964
2415056 -0.017999421212010758
2415549 -0.016582688473656404
2416057 -0.01746702619365187
2416523 -0.014967342331531241
2417011 -0.011704746977935832
2417463 -0.015256626755233316
2417960 -0.022157783301264
2418468 -0.018625772626851556
2418928 -0.014544698529715405
2419407 -0.015500726123471587
2419879 -0.0193760073505867
2420365 -0.02046529014630588
2420842 -0.016277581631679083
2421321 -0.020963438251634103
2421789 -0.01564620540492334
2422255 -0.012940428426809925
2422735 -0.014888242198570822
2423230 -0.015100503828415823
2423728 -0.01495802231251353
2424180 -0.013240097869650025
2424649 -0.010081004107289904
2425103 -0.014190044932355761
2425570 -0.017236524895112737
2426049 -0.01478927982097944
2426531 -0.02267352137479456
2426993 -0.014601343328761895
2427457 -0.015767814541529757
2427926 -0.01640725647464808
2428420 -0.017799559141367383
2428912 -0.013847735989985566
2429383 -0.02115515475282509
2429869 -0.013159927359375212
2430369 -0.01687808748187758
2430884 -0.01966249925134811
2431402 -0.019497654957659594
2431875 -0.017536395601579602
