7467769 -0.03495827191038725
7468165 -0.04709793469578738
7468561 -0.03667527392697323
7468947 -0.037245823343155515
7469340 -0.03985129266170662
7469749 -0.03947726296699672
7470132 -0.03111598383909764
7470531 -0.037709036681672914
7470937 -0.04625651405875775
7471317 -0.02818002622060306
7471710 -0.02672864693614535
7472115 -0.0412226471002714
7472507 -0.039380790752170935
7472918 -0.04521743597244776
7473287 -0.033377458446919694
7473670 -0.03642904180092987
7474067 -0.04010846306136634
7474460 -0.03826772496108277
7474853 -0.03997285925149874
7475250 -0.03561879468804857
7475620 -0.03370089442991586
7476014 -0.04127335448115643
7476423 -0.04711023560233141
7476817 -0.03518177831868746
7477214 -0.06494662800983497
7477610 -0.03589650086085755
7478004 -0.03545177453732018
7478399 -0.04050715298655383
7478809 -0.03405904648429742
7479183 -0.04480015017948563
7479578 -0.038132920427520756
7479959 -0.03954091586672476
7480356 -0.042237113960591766
7480744 -0.0484538789470913
7481129 -0.04010580359103988
7481505 -0.03297998104054162
7481901 -0.03600839586952648
7482286 -0.038768319302534104
7482684 -0.04328078470776908
7483076 -0.03321837355937535
7483475 -0.031019910215173585
7483886 -0.05764101337734989
7484279 -0.03661605491817954
7484665 -0.03746938327207194
7485063 -0.04000764297548509
7485445 -0.040483343437141994
7485835 -0.04235944835542099
7486225 -0.036132145122553305
7486612 -0.038218160909814336
7486987 -0.035915228479031225
7487375 -0.04305597826504676
7487745 -0.03289338810208314
7488128 -0.03657970784091508
7488509 -0.044901760323043216
7488892 -0.04587597919345354
7489284 -0.03192715168298749
7489670 -0.03873057257814083
7490067 -0.03781893238359979
7490450 -0.03131972543213446
7490840 -0.04829313437572752
7491215 -0.038334277079664636
7491590 -0.03632812490257137
7491974 -0.03562211282499361
7492355 -0.12839406393834385
7492740 -0.039472012245726995
7493127 -0.041135200659908444
7493506 -0.03814448041249102
7493903 -0.044344183889626965
7494273 -0.03289179240660017
7494657 -0.029432693835654
7495061 -0.036224611980051113
7495478 -0.028307251741749917
7495841 -0.03265938912710953
7496228 -0.04487429453248987
7496639 -0.05409029577096164
7497044 -0.016418560250263003
7497442 -0.04697122425704475
