5639506 1.3917461402521043
5639843 1.3832151808485762
5640185 1.3278500905328632
5640526 1.3498283647298375
5640861 1.3250119855300877
5641190 1.3830747527491596
5641528 1.4308044093576557
5641867 1.4010006035358378
5642207 1.382826218302133
5642546 1.3635753866377924
5642881 1.3689988894715843
5643219 1.420250058490229
5643560 1.4041828717170723
5643906 1.3846440513929217
5644251 1.3600559895619462
5644584 1.2490795047322878
5644911 1.3779074108507277
5645240 1.408590116879112
5645568 1.4046209465803465
5645900 1.430970082789509
5646225 1.3174510437532767
5646544 1.347429511184652
5646872 1.2942002530907275
5647203 1.5592871181797858
5647541 1.6034303057122639
5647881 1.1120629148916041
5648219 1.2006655685204282
5648553 1.1999660861959316
5648874 1.2297828336289198
5649190 1.315782691534266
5649506 1.378179740878747
5649822 1.432615522111254
5650143 1.4197824302783895
5650468 1.4084861659821895
5650788 1.3084713277742965
5651107 1.4003819463569007
5651429 1.4282041994838834
5651758 1.4518399521634628
5652094 1.411220105496598
5652432 1.3828864505319505
5652763 1.2819230303477749
5653088 1.3393124773038545
5653421 1.4117120042711806
5653753 1.4462197323895152
5654085 1.4345903782440508
5654415 1.3017219189665596
5654737 1.2625481088078825
5655054 1.39351708695944
5655375 1.4096271487135061
5655704 1.439328701374732
5656041 1.4186209362268467
5656384 1.3805849316745173
5656718 1.26733816020806
5657047 1.3426435843996147
5657383 1.378334208372753
5657724 1.4039797282197672
5658066 1.4040625081295963
5658416 1.3729182675865634
5658757 1.2715467777015217
5659095 1.351861995999008
5659443 1.3997156580024368
5659804 1.3724020091622433
5660176 1.3714657184906474
5660550 1.375901994472442
5660915 1.2621267695349143
5661269 1.3015872288574668
5661627 1.3896732076414824
5661989 1.4204567949158995
5662347 1.412637955831771
5662702 1.305575812158256
5663040 1.305273830392165
5663377 1.4327062613518693
5663721 1.4540440973682072
5664081 1.406392205839007
5664447 1.383886791392107
5664803 1.2782502876788597
5665148 1.3309169583388385
5665496 1.426600396310036
5665845 1.4360950529714198
5666197 1.4290265150801287
5666544 1.331013778219565
5666884 1.3475986788994478
5667223 1.4749553483711446
5667564 1.4864838611284306
5667910 1.4884396221973413
5668257 1.45052515508466
5668595 1.3007646379883868
5668927 1.4377316054060647
