3391042 1.3511384154031116
3391367 1.2971895048465627
3391690 1.2665076594465712
3392022 1.3305434761633084
3392354 1.3189120103987215
3392698 1.4254174768050425
3393046 1.4163639805162318
3393394 1.362465766072529
3393738 1.4509826612470884
3394079 1.4170115261117
3394412 1.2991148564035648
3394735 1.123851728523027
3395047 1.1661182968096795
3395361 1.3440492754000473
3395675 1.4938772751703233
3395991 1.44086421816744
3396309 1.170560084062855
3396619 1.1874977601254635
3396937 1.2985258223232932
3397260 1.3971637686401053
3397592 1.3538743488043785
3397915 1.117850948025164
3398237 1.3341994363050202
3398563 1.2904157006957546
3398885 1.4335893094696492
3399218 1.4260117814183007
3399553 1.4719270530282906
3399890 1.4787092756701756
3400228 1.503136356553294
3400564 1.2403508487854964
3400896 1.4268083995264291
3401225 1.4598416339190696
3401549 1.4143868713771495
3401866 1.1042791083160926
3402177 1.9771109058867036
3402478 1.256848023457428
3402788 1.5157937698709911
3403094 1.302937092679408
3403400 1.5205325121931352
3403709 1.4813563924566593
3404018 1.1514225528686641
3404327 1.4716041519507392
3404640 1.3554854775132348
3404951 0.6093874094928469
3405260 1.1151951747245081
3405570 1.1044096183697223
3405882 1.2290423497577712
3406193 1.3852064486062963
3406503 1.4176085633341238
3406813 1.3438776936749772
3407116 1.3627598691254115
3407412 1.1602394504964497
3407707 1.2057576064850075
3408002 1.33118612469378
3408293 1.302365059790759
3408585 1.34932386602216
3408871 0.9730376275349355
3409160 1.223185101401262
3409447 1.2381026431014497
3409731 1.127148102131018
3410019 1.1367597176198037
3410312 1.2722167668302302
3410608 1.4236883225434647
3410906 1.2998663650765554
3411203 1.3385619938059392
3411502 1.3497343598523326
3411792 0.9933542987854624
3412084 1.1601697068915053
3412377 1.0953520605294567
3412670 1.1657890987208774
3412965 1.1011746714887973
3413257 1.2028409167320115
3413553 1.3029447322426067
3413853 1.3548341335898129
3414158 1.26228701431818
3414464 1.4589080065657916
3414771 1.3776130663099737
3415080 1.371199089183213
3415384 1.1858011663447572
3415681 1.088037100065451
3415974 1.049237385362693
3416269 1.1125419126141576
3416565 1.153177424377685
3416870 1.1927810510739156
3417187 1.3376723462549962
3417508 1.4257798728900966
3417835 1.3782057959786405
3418156 1.4178948537262384
3418476 1.062940853908466
3418789 1.347489194784691
3419101 1.3198397045107548
3419414 1.2678126582222238
3419726 1.3881302915268146
3420038 1.4276867120031733
3420346 1.485471578768305
3420654 1.441918397430571
3420957 1.4765738940730426
