1353117 -1.3952076920632144
1353450 -0.10152651005132152
1353771 -0.6528899649747372
1354236 -0.6545569579139179
1354441 -0.40569610327745415
1354850 -0.24910723000055157
1355118 -0.5773290152777943
1355493 -0.6298126671518308
1355822 -0.21100354555754885
1356190 0.0
1356538 -0.1382539064419318
1357139 -0.6436643665792972
1357521 -0.18237933377092497
1357868 -0.07347815724215945
1358121 -0.28914343101506
1358771 -1.0199497545537861
1359200 -5.666567062151161
1359412 -0.05436704630066824
1359750 -0.23857967380512524
1360068 -0.9259509691581997
1360427 -0.3246516735860604
1361072 -0.07216320573217044
1361442 -0.23137999738824633
1361629 -1.6533084110426761
1362053 -0.03466924969153615
1362779 -0.304492070864776
1363118 -0.1986405404189081
1363708 -1.078852261382011
1363846 -0.1621540557120127
1363957 -0.004458354353925054
1364280 -0.314003804127012
1364634 -0.3128386480997759
1364960 -0.17992828683539885
1365302 -0.27064628627718923
1365747 -0.10778002076602139
1365986 -0.08617833819748355
1366317 -0.6290178660339008
1366777 -0.32873469413098816
1367123 -0.7130820678707318
1367690 -0.5754737921416251
1368010 -0.08515276408275341
1368395 -0.4246453750532855
1368745 -0.41610715252375347
1369279 -2.48245344956966
1369669 -0.004535991553139995
1370091 -0.305184589077367
1370337 -2.1817552056979146
1370743 -0.06287351620393311
1370949 -0.09331181531467636
1371290 -0.05827948163917085
1371627 -1.0557180141212434
1371996 -0.10342191381992408
1372342 -1.2591045460203083
1372596 -0.2902956475623084
1372934 -0.5837894303167397
1373301 -0.2740581668850057
1373465 -2.121281466889589
1373649 -0.24108486434604637
1374028 -0.12366925372478244
1374229 -0.11776373063604029
1374554 -0.11742862481967509
1374975 -0.36020836852320093
1375189 -0.33978071741951743
1375840 -0.16143387618945115
1376147 -0.24703507431833505
1376592 -0.06085727162358423
1376775 -0.09846247842171618
1377085 -0.9953991276588738
1377404 -0.5528096984438675
1377745 -0.08154426160085151
1378028 -0.287111658570583
1378343 -1.7576780242624468
1378780 -1.0695621943971816
1379006 -0.11020122576213198
1379337 -0.04293661180463437
1379783 -0.07206117414383395
1380128 -0.2597669492616014
1380401 -0.06591100988442247
1380669 -0.7176383279931022
1380997 -0.605985113471052
1381467 -0.49413712976247537
1381684 -0.5659528220429837
1382032 -0.5617832789402374
1382363 -0.2033592751052792
1382801 -0.09084118614422512
