149 0.0014380331232611843
314 -0.03467537613928273
711 -0.04175027075007687
1136 -0.03997714865698876
1529 -0.002662756883737516
1922 0.0
2377 -0.039338419535627445
2804 -0.07791918347178317
3220 -0.079108110358316
3636 -0.05339505559637758
4057 -0.05591069583229322
4486 -0.04661720702803346
4908 -0.4487091217067777
5330 -0.02039933750452183
5721 -0.05149150113974532
6111 -0.05657321074219579
6533 -0.049409494924219644
6928 -0.036778297853381825
7332 -0.04143146605060122
7744 -0.04563891574368456
8174 -0.03927683369417369
8602 -0.040166839577790686
9051 -0.04637870540656919
9496 -0.025727214091119055
9949 -0.02243898126062177
10422 -0.042815318570354144
10882 -0.02135353997539957
11362 -0.023850408854453442
11849 -0.025147976801028538
12342 -0.026898586447730022
12798 -0.030792943354779223
13260 -0.04431296911685456
13703 -0.04794853169779789
14134 0.0
14626 -0.04815476740379232
15026 -0.04969789876434483
15538 -0.016530717099425107
15919 -0.09617594871136337
16323 -0.043473289972104645
16759 -0.055374978695896804
17205 -0.04552066660376841
17650 -0.0463589702320622
18108 -0.029637670809264438
18566 -0.05476950064291852
19005 0.0
19569 -0.02428473669938125
19972 -0.01707805480794189
20489 -0.04486704338688652
20884 -0.04542647484414308
21361 -0.04018698266906329
21798 -0.05462838441929829
22252 -0.06429086777076942
22691 -0.053155370971744165
23113 -0.033507458754748046
23561 -0.03807365291734449
23977 -0.03711245088270809
24415 -0.030709366289876527
24873 -0.025132406941387853
25320 -0.026853723250591433
25747 -0.027788939127817658
26187 -0.05173152970417583
26639 -0.04219676339556222
27066 -0.04350090768752568
27591 -0.016552458949793403
28036 -0.005302909026141056
28436 -0.032212835285152286
28855 -0.045237043280735856
29289 -0.032131477355747264
29747 -0.033027425571666824
30202 -0.020211933491011358
30647 -0.044989168673498475
31095 -0.042614609853065255
31543 -0.048972497921232816
31992 -0.050437498475821796
32415 -0.042317852267854006
32865 -0.03972461941943772
33318 -0.040805985929629696
33745 -0.03587635398886435
