4530155 1.1913275328684159
4530506 1.036813653445836
4530877 1.182812841661156
4531241 1.2617771528710424
4531601 1.2403508376259946
4531959 1.189987426603402
4532295 1.036878239862168
4532644 1.1692325360863751
4532989 1.2605247576681229
4533338 1.261300931860799
4533681 1.2730044152735411
4534011 1.0328849342993678
4534347 1.085888017735615
4534697 1.2010575923170481
4535050 1.259118708853175
4535403 1.25269710336334
4535759 1.1709695958835988
4536101 1.058353509438855
4536447 1.191050667904397
4536796 1.2631453201683684
4537144 1.2872743633938435
4537494 1.2853413519811843
4537843 1.2187998689119746
4538173 1.0498465255533345
4538509 1.1875243780471039
4538855 1.2491016791533167
4539203 1.27198393447435
4539549 1.2661589903745663
4539893 1.182922415583871
4540214 0.9929454316000308
4540548 1.13514630984525
4540890 1.2675292223896164
4541228 1.225797965269766
4541567 1.1592296557755062
4541897 1.0087406353094657
4542250 1.1908880144572376
4542593 1.201856365723578
4542934 1.1430794593715448
4543270 1.0070676802404521
4543609 1.2180970653680643
4543943 1.220785501803648
4544287 1.2064790534069352
4544620 1.040157041398788
4544951 1.0545574042188637
4545294 1.193344021141883
4545634 1.214069517703821
4545973 1.201239340772161
4546306 0.9698673539027427
4546635 1.08116259222728
4546977 1.178147262283086
4547325 1.1974168970588435
4547675 1.1837625183495175
4548018 1.0062447101705088
4548349 1.0950379566711483
4548701 1.188186682549592
4549043 1.2179826813989656
4549385 1.2216567459321086
4549729 1.176552981957054
4550060 1.0006560676122087
4550415 1.162077175039699
4550777 1.1812814141201888
4551142 1.1821412106494844
4551501 1.1875039861795957
4551854 1.112494663455938
4552192 0.9905132091388399
4552536 1.135004460292902
4552888 1.1925258694141745
4553235 1.1977174615552162
4553583 1.1973576075925436
4553932 1.0549658733924843
4554270 1.0066712914328009
4554622 1.1531340974290383
4554976 1.1777870451530905
4555322 1.196509716226506
4555671 1.1690541223959727
4555996 0.991903553344576
4556324 1.1377459015966416
4556664 1.1578397373434024
4557004 1.1715836754103472
4557345 1.1819207138000682
4557671 1.0174383453364204
4557992 1.0260586864528394
4558343 1.1713764631051904
4558696 1.179207865373363
4559056 1.1540383714182179
4559409 1.1400991978426132
4559744 0.9915896800971499
