254 -0.1917693659455718
518 -0.17953497137178998
804 -0.09953007902173233
1083 -0.15442070435284305
1461 -0.5962884188371963
1620 -0.015252044177222812
1901 -0.18312730670387456
2163 -0.15838467316994975
2469 -0.11546127798268294
2718 -0.1181245153366257
3001 -0.10204979249128512
3253 -0.13089523562568695
3546 -0.11348192089928866
3802 -0.14878712912289516
4087 -0.20618505555235006
4377 -0.13171614552047017
4652 -0.2565604741930737
4944 -0.07281692777099047
5221 -0.18601801342066593
5513 -0.1259210270402208
5797 -0.13018478267744038
6083 -0.119285078175011
6380 -0.1612839486052844
6656 -0.20990844210164616
6933 -0.07459768091150887
7238 -0.15961701550761376
7544 -0.08062690673310724
7824 -0.08409433537241945
8221 -0.2546806667441347
8404 -0.22459704953986515
8704 -0.14149509772046054
8993 -0.1998131963773659
9285 -0.11766749307943203
9496 -0.11019068656977249
9610 -0.15519931076221055
10000 -0.35661750653246516
10198 -0.12741364715427939
10522 -0.05448442368461903
10901 -0.06741551554751496
11188 -0.06831085080100341
11485 -0.07844700080801947
11655 -0.11291259778283258
12049 -0.17200848412012704
12327 -0.2570749809156367
12543 -0.3119010445871523
12795 -0.3758675548835029
13104 -0.5694095467568459
13472 -0.13915495133150174
13640 -0.12127551890682509
13958 -0.19030739729164114
14283 -0.09978852003829036
14535 -0.10640482251943023
14795 -0.0861021511584057
15121 -0.14132729967782476
15376 -0.15399590970382243
15687 -0.16148089932804033
15962 -0.1461663190273671
16238 -0.10380514700005994
16523 -0.13739769443721767
16814 -0.15798265895687508
17094 -0.09131147012697877
17364 -0.039677444189211486
17658 -0.8451723301304084
18051 -0.0680335631054548
18243 -0.20541945930141636
18492 -0.1052024070551828
18771 -0.12044371039045848
19169 -0.04583817832922443
19369 -0.061427989527628846
19648 -0.07924232580926399
19895 -0.15386868669317705
20194 -0.1928431669674177
20469 -0.19580247184188265
20734 -0.22608934409860287
21040 -0.17666336951822398
21306 -0.21121021043328714
21691 -0.6316504558268792
21900 -0.2010421709340951
22230 -0.18722901024886385
22525 -0.285028146117118
22693 -0.040508763690744465
23085 -0.23800929599485665
23358 -0.13218024847996268
23644 -0.1485390257715572
23920 -0.04462519970490697
24091 -0.3178930839762396
24374 -0.3174510437800374
24657 -0.12727386882500835
24948 -0.1139692948208576
25232 -0.22976451297377143
25609 -0.22426333014880562
25767 -0.1540419406431437
26060 -0.156481167810748
26348 -0.18724058986942183
26629 -0.13416477053131393
26919 -0.19311238571071454
27200 -0.10873108166691609
27477 -0.12830473262476128
27770 -0.1467234561620559
28018 -0.09739514208659783
28342 -0.13849783846695302
28707 -0.4199670200641341
28986 -0.12214248528475746
29154 -0.11610419601450772
29418 -0.13626037421341464
29786 -0.2149253926103044
30096 -0.022932430518131763
30264 -0.13508448695189323
30527 -0.2796030587324744
30802 -0.13282723009294983
31068 -0.11840484620090674
31380 -0.18596157831524507
31603 -0.10294644783949669
31886 -0.1934631400903153
32141 -0.16951834715756253
32409 -0.32494287046681825
32702 -0.17480423627742392
32981 -0.22555178261867292
33315 -0.09490779505820646
33599 -0.1891836014631767
33866 -0.23240858741592801
