4110732 -0.051104513818294006
4111082 -0.05774308047583198
4111436 -0.07527728657296567
4111824 -0.07724651263813176
4112202 -0.024873433798604933
4112610 -0.08999673053045792
4112953 -0.06078460747928707
4113347 -0.060377812433346945
4113700 -0.11927716069560479
4114091 -0.07471706025001112
4114456 -0.051198679604840924
4114839 -0.05631591830312982
4115172 -0.3751852259774832
4115555 -0.05004475521530993
4115966 -0.3901571225659557
4116300 -0.10028344021877345
4116641 -0.10105547125823877
4116997 -0.11487665479583054
4117360 -0.22014891094487254
4117710 -0.1353692316329887
4118053 -0.08898842687564573
4118401 -0.12630764915796128
4118716 -0.09810595640501096
4119062 -0.079449240907911
4119415 -0.10959455270849561
4119712 -0.19742547369104008
4120085 -0.11890250626006454
4120435 -0.0510684022335304
4120797 -0.04634522925653728
4121191 -0.056410977335102586
4121578 -0.147926479593116
4122046 -0.17345921638537315
4122307 -0.024479950511475723
4122639 -0.18313790711640954
4123006 -0.055653591633221755
4123313 -0.10782963993837026
4123707 -0.07145925165894937
4124039 -0.10813602109372629
4124455 -0.25101987026002753
4124717 -0.25089394759558403
4125065 -0.034143955810344316
4125337 -0.10476305600723668
4125797 -0.22319784882888016
4126034 -0.055672063480492584
4126346 -0.15043866182373966
4126662 -0.12515753110854622
4126993 -0.043796644819853126
4127315 -0.07037876901493245
4127642 -0.19846804370475635
4128073 -0.17443144533416544
4128317 -0.1315330863302011
4128597 -0.08214734765923892
4128930 -0.07079342144958778
4129285 -0.07596939224539973
4129579 -0.1227059546263759
4130041 -0.18735186679778248
4130379 -0.09370887185364613
4130623 -0.05175271590712677
4130941 -0.0852991940385946
4131282 -0.05902491803358628
4131619 -0.23412797623041182
4131939 -0.11440650906224385
4132311 -0.1455771550703426
4132595 -0.14347914378911364
4132956 -0.16187597389247055
4133273 -0.106363373184538
4133570 -0.14410239959158908
4133895 -0.1357102494680937
4134227 -0.1474283222368029
4134547 -0.08128739776824015
4134887 -0.08693290704371748
4135225 -0.13201265586958394
4135577 -0.06231947054461889
4135890 -0.20327471490083554
4136253 -0.12508911645834753
4136619 -0.07662241680861376
4136941 -0.019382473885937113
4137318 -0.08533128300223974
4137677 -0.06920929380450769
4137981 -0.06857828921544307
4138334 -0.07735652040022062
4138701 -0.07560088080022814
4139026 -0.05280063133014823
4139365 -0.12679784248831627
4139699 -0.10846286540076194
4140061 -0.09683846364139681
