5849035 1.1179597218413138
5849333 0.9368045162038485
5849634 0.9685663304081811
5849986 2.2782361909266933
5850233 1.2331000986443865
5850527 1.034312400520931
5850824 1.0399455409976235
5851123 1.1515399710928234
5851428 0.9729786529495487
5851733 1.040000977989336
5852047 1.0253486986084015
5852361 1.224709715530696
5852671 1.0797615072210276
5852987 1.2444180780408165
5853303 1.2455094400684574
5853619 1.181202784059866
5853930 1.0934803194580072
5854237 1.0083571368400883
5854544 1.052498980970094
5854854 1.1539179735223781
5855166 1.091887298481252
5855480 1.1175172364642727
5855799 1.1761266955386946
5856120 1.2661154708431657
5856437 1.0642002921919251
5856754 1.1870596085013299
5857074 1.1447584154819603
5857390 1.4804396216239197
5857707 0.8334640164805134
5858015 1.2319204536552597
5858326 1.1183725280447878
5858629 1.0156450814465243
5858939 1.227965334164277
5859247 1.1825723117121136
5859555 1.2206022234517544
5859861 0.9612274343779629
5860164 1.0437618442365562
5860475 1.2079278961748952
5860789 1.23906190507593
5861107 1.2494783904490798
5861423 1.2592505642012863
5861730 1.0415370215963007
5862039 1.3742160851225522
5862349 1.2014690438516538
5862660 1.3017999193212524
5862966 1.3084308620515968
5863262 1.0384245695138348
5863562 1.0739835183761581
5863862 1.1297416561716966
5864157 0.6351246739281289
5864449 0.7814359781564887
5864742 0.9228345477690667
5865034 0.8399224071267413
5865323 0.8482523738306466
5865613 1.0771886779128288
5865907 1.0942005248133113
5866203 1.0055112416066847
5866498 1.1664620599489521
5866792 1.1264330015959143
5867086 1.1195485164723828
5867385 1.1933031017738789
5867685 1.2508362240669375
5867990 1.262692701211229
5868294 1.1710462002419302
5868595 1.1499394626028532
5868896 1.1023560580532137
5869198 1.2153129031664678
5869500 1.246616288862473
5869804 1.3674121862931807
5870107 1.3393971010252286
5870405 1.208133955107105
5870710 1.0792589070597904
5871016 1.388881245192138
5871317 0.9043792855256401
5871609 1.1781274767559444
5871914 1.5251263890131321
5872221 1.4546562742579403
5872524 1.0174405114282172
5872822 0.9961866144957627
5873122 1.2145156783125934
5873428 1.5383908502442059
5873736 1.9224704944616757
5874047 1.5268727880663633
5874354 1.4048246950812575
5874656 1.4583256752143168
5874966 1.6461974912567743
5875282 1.6489283587944734
5875595 1.4718797933566061
5875902 1.4296457269782419
5876208 1.8362051502980503
5876515 1.3443689098877893
5876813 0.7995074233259225
5877113 0.7920833279298602
5877413 1.1207728294680244
5877716 0.9096681244434868
5878021 1.0361863026572173
5878326 1.1085398048786135
5878641 1.2606580225642927
