3631062 1.1678368605267493
3631363 1.1502513180181488
3631661 1.1171044815602684
3631954 1.0435732088491338
3632247 1.145329950916475
3632547 1.2003182756890927
3632846 1.237642565390188
3633143 1.3138615790668653
3633438 0.6909184310978145
3633737 0.8149026984322321
3633868 0.055896913356992206
3634034 0.7669140016951372
3634331 1.1149850318087517
3634626 0.4870082333188145
3634913 0.7896685731576859
3635206 0.7147766509343192
3635499 0.6179919481520171
3635791 0.6392826987674152
3636085 1.1678188704192576
3636372 0.7132741097371087
3636659 1.066773482163057
3636833 0.028064833343001583
3636954 0.6201985873544551
3637249 1.0481388503022273
3637545 1.0111152449727498
3637832 0.752425776810011
3638115 0.7617384810383965
3638404 0.8234090553589134
3638693 0.7610367627871073
3638982 0.8016319626527891
3639264 0.8768672276324424
3639547 0.9884905851687931
3639833 1.0533506682963931
3640120 0.9892381866659052
3640410 1.2555207052248603
3640695 0.9846857536417415
3640985 1.0917395155203633
3641274 1.3174070778124858
3641570 1.5119928298686398
3641875 1.1242704800914205
3642464 1.138192207413178
3642764 1.3346810714867794
3643064 1.0392179488023827
3643362 0.9296952972224624
3643658 1.074681361027023
3643952 1.2897101115751801
3644246 1.3789114379405139
3644545 1.2877199070601835
3644840 1.132045205522594
3645130 0.8096353749524063
3645427 0.9380322455022911
3645724 1.4337062987427243
3646019 1.3243873386496499
3646304 1.0855075664110405
3646591 1.2539691391752805
3646887 1.3562848077476786
3647178 0.8094629787474309
3647464 1.0096927548373695
3647753 0.8772697189291487
3648062 0.9126927909498135
3648363 0.9498831460246597
3648651 1.0169387536704604
3648941 1.076496131612307
3649239 1.0914739318375353
3649539 1.0195590672588872
3649845 1.0765403476738356
3650139 0.9983804514832186
3650431 0.9592649995730234
3650732 1.3074466915685514
3651034 0.9096540681554056
3651331 0.7948973528506138
3651627 1.2292127626491403
3651934 1.4776540438147725
3652233 1.8528737351034539
3652539 1.6808212793470283
3652838 1.6599120047039728
3653142 0.9668410167332641
3653445 1.2849853694919464
3653736 0.8329336074582692
3654031 0.5713951824192346
3654330 0.7216238640001325
3654629 0.8046752422286141
3654918 0.7892633068879013
3655212 0.965634405007646
3655517 1.2681610240072905
3655818 1.333744098299669
3656113 1.2145170278591797
3656405 1.2281131799196994
3656701 1.0339301147886097
3657000 1.1788612981657565
3657294 1.1778275447383901
3657584 1.3557925468098213
3657876 1.137587937572969
3658171 1.2102323868628073
3658466 0.8605027373552305
3658760 0.9566272301712179
3659051 1.2646453400462032
3659345 1.0146257633741276
3659640 0.9354110141445156
3659936 1.2538377907974525
3660234 0.939325859137691
3660526 0.9988252912554827
