7108420 -0.30576417338961454
7108633 -0.26170403039971435
7108947 -0.23201116450173542
7109297 -0.15016216998893595
7109636 -0.25089942562379264
7109972 -0.030473945565169802
7110317 -0.18801908046338167
7110733 -0.2665387774369532
7110981 -0.2168863499233118
7111255 -0.10334555344011631
7111559 -0.03204045027182828
7111879 -0.2371304560893288
7112201 -0.06910353428520932
7112492 -0.06447535157401796
7112810 -0.06559597955024277
7113122 -0.061267510068741315
7113445 -0.0544870530791316
7113770 -0.10684948460604937
7114137 -0.037722663597177714
7114439 -0.13324469330922734
7114896 -0.2998814988599326
7115120 -0.14937204184787406
7115483 -0.0832368710627418
7115838 -0.3566407579027968
7116177 -0.20190482229270035
7116491 -0.04905470936386713
7116833 -0.055095267508735724
7117161 -0.05441331111848324
7117483 -0.16460294924163899
7117861 -0.09431994183342923
7118146 -0.007998140921050514
7118509 -0.05892087071246854
7118914 -0.46441202560379313
7119094 -0.15789959459867653
7119746 -0.017646733691320637
7120173 -0.8006929347175362
7120468 -0.15463542071187691
7120856 -0.1417928692422104
7121352 -0.28132314981467027
7121655 -0.16597067131896415
7122029 -0.16825996211669414
7122353 -0.1335296600584467
7122705 -0.0472209187684981
7123095 -0.15343071395464447
7124131 -0.10702889131144311
7124483 -0.32571613700163893
7124835 -0.16339483697023038
7125213 -0.017168465287601797
7125549 -0.24267288214596605
7125867 -0.31530878872298035
7126222 -0.08455703143518845
7126584 -0.19768726259509417
7126891 -0.05044660180581362
7127221 -0.04992455894299275
7127548 -0.08574299739693247
7127883 -0.08339178382051526
7128197 -0.04964462975441519
7128517 -0.08292140255856029
7128841 -0.16095945781565346
7129172 -0.1343267882579518
7129502 -0.08843270057753445
7129871 -0.30134487934962884
7130115 -0.27452176073195667
7130449 -0.39849306057498696
7130750 -0.11389212971594548
7131056 -0.19379640431167444
7131382 -0.2709704205278711
7131647 -0.09655066372561172
7131975 -0.17321235085574527
7132282 -0.10897300252335373
7132561 -0.08055276662030497
7132874 -0.060845890879052345
7133173 -0.06542033997791319
7133475 -0.03557447847130435
7133758 -0.14002469893182412
7134170 -0.10059724136655206
7134458 -0.10775739985558902
7134641 -0.3254325217763577
7134946 -0.16663468675700466
7135263 -0.07989561342371543
7135541 -0.07745500211584988
7135833 -0.14929630222942325
7136113 -0.14792651771568632
7136418 -0.06122517894648194
7136731 -0.0673211728659671
7137031 -0.09963134815716712
7137331 -0.2836627819481894
7137757 -0.6586306277556637
7137925 -0.5265508911252178
