6898153 -1.198951601102359
6898291 -0.26033638763105904
6898431 -0.5138415802142657
6898675 -0.6811377241096839
6899140 -0.04493563037877468
6899476 -0.06426941693496024
6899885 -0.07780832860426656
6900292 -0.07936056241433542
6900697 -0.05552739277906815
6901111 -0.07245752138640403
6901530 -0.09481961312974653
6901949 -0.05302253903954818
6902354 -0.0624871412025888
6902774 -0.10050800890809158
6903317 -0.1397066073062213
6903630 -0.059768023507624946
6904032 -0.06280644310873551
6904487 -0.5317059804686384
6904922 -1.5042813192115563
6905387 0.0
6905764 -0.13341080753122692
6906165 -0.07584477616362717
6906579 -0.04728296334384807
6906992 -0.04989885664726945
6907406 -0.036221470696566116
6907832 -0.040560434214491625
6908268 -0.04158335017893455
6908689 -0.04127615584282762
6909112 -0.04394150597640756
6909544 -0.04080209535239776
6909963 -0.03320219277138936
6910392 -0.037650656039819985
6910828 -0.04529004999803332
6911242 -0.043384962513108194
6911661 -0.0668197320111591
6912097 -0.06181081979198577
6912504 -0.058837731732875875
6912934 -0.03834664920480291
6913362 -0.0727100714460801
6913769 -0.035718681734704605
6914215 -0.04351631746701323
6914633 -0.03335612085373407
6915121 -0.13758411428742356
6915448 -0.03353491228850414
6915859 -0.03409260780498585
6916281 -0.08541151167069527
6916716 -0.0669999810780057
6917197 -0.16423100215750286
6917339 -0.7848040433459621
6917492 -0.36293279341444407
6917873 -0.03198120892648093
6918267 -0.04828359756027689
6918690 -0.043170016139186584
6919121 -0.03460523998353582
6919506 -0.04512469061722513
6919905 -0.040329213355048465
6920330 -0.03672942485909653
6920757 -0.04111265009546988
6921166 -0.03645259760068559
6921575 -0.034912928790940156
6922003 -0.03529449477233121
6922421 -0.04439696007707239
6922839 -0.04929444447130221
6923247 -0.037698183328710444
6923687 -0.0589350512901361
6924104 -0.030618358645605692
6924531 -0.04101743335029945
6924972 -0.05241441326159291
6925384 -0.040360975502799434
6925805 -0.03805477654541817
6926234 -0.03897746572721378
6926661 -0.03751567546974366
6927103 -0.031205638225390908
6927529 -0.04934711063773872
