64097 0.8379960330390417
64437 0.8442339019445355
64778 0.8981065246636071
65120 0.8676322800504634
65451 0.7685544884102442
65786 0.7016846707501165
66127 0.7847205539208784
66469 0.7875376370680471
66807 0.8984185800090467
67138 0.7950796758625893
67466 0.758234527794214
67796 0.7955867738759813
68125 0.8662998409814642
68450 0.8281824849936418
68775 0.9374592349556966
69095 0.7865690863402108
69418 0.8845127631613039
69744 1.1564019523664262
70071 1.123801828515183
70399 1.121613596556028
70722 1.071789848819678
71033 1.0873056953917672
71348 0.5931114269141248
71665 1.0482516128373556
71856 0.8744348874446632
71978 0.9508380949133226
72305 1.0574953169385202
72431 0.2043113844868356
72634 1.0985762876100689
72962 0.6151888158084301
73286 0.6561407042995626
73615 0.7956435354098892
73948 0.9023079646353529
74282 1.267625703517767
74457 0.2531286307657983
74618 1.304629154164787
75631 0.9524283454998079
75956 0.8643672451614726
76272 0.6720046723495956
76587 0.6772204877632731
76904 0.8486752080610436
77223 0.8779991951059546
77543 0.858569389158214
77860 0.729835995916072
78180 0.7578200258125166
78506 0.9296487223619664
78843 0.8939204779138534
79184 0.7006905900633652
79513 0.6861515997639777
79844 0.7118355619875023
80185 0.7684644030848858
80533 0.7688155385002118
80890 0.7679569926470139
81250 0.9082842770870786
81611 0.9418702826475228
81963 0.74822663124379
82305 0.7434124975512029
82649 0.5984739298654054
82988 0.7359912364481624
83322 0.6286707157831685
83645 0.4230324446414304
83970 0.5492685195604599
84297 0.5599714727279073
84617 0.5822206185093989
84940 0.6891477030081089
85285 0.6449607955960301
85641 0.6353452770748376
86011 0.5847745630264538
86399 0.6490036327479652
86790 0.32325738222835476
87190 0.5772630094169862
87583 0.7941480802080355
87964 0.785653160501262
88322 0.8269120656208586
88682 0.8045659267992005
89039 0.7992820457835852
89395 0.8803479139752214
89751 0.8621845306516542
90103 0.787066127882676
90441 0.7927819529373739
90782 0.833577610972144
91129 0.8735368590391593
91481 0.8818218691906167
91837 0.9261672580163705
92192 0.7800364893960681
92538 0.7789398478793935
92896 0.8236504200344201
93253 0.8596250316252139
93610 0.8497701411674792
