423763 -0.35835837800467396
424075 -0.38135750470906915
424471 -0.5229284913809005
425037 -0.7222845822196012
425361 -0.6226814899041022
425750 -0.5214432120063974
425985 -0.4092410533655789
426318 -0.4184198802404955
426647 -0.8881540345838655
427007 -0.19172409933906165
427213 -0.7552391250401349
427549 -0.8420593462270873
427863 -0.9522656305044064
428256 -0.6878218119339083
428570 -0.6668938151962908
428705 -0.8964632037613521
428854 -0.3688239781935452
429186 -0.6025308195034262
429477 -0.6001484798587299
429686 -1.0980036421566048
429858 -0.6141288522292657
430208 -0.6440749175014702
430502 -0.29510685637207457
430818 -0.46790460819446
431075 -0.4672907898356341
431442 -0.6438508258710429
431796 -1.138269725364139
431963 -1.8737027564645548
432432 -0.3808379502183653
432733 -1.962003585313215
432894 -1.8182410979584147
433063 -1.5592867876151533
433201 -1.2614436147225858
433549 -0.8196356452935527
433903 -0.6185414143451373
434266 -0.7390461787780255
434576 -0.4349737226817585
435112 -0.46139600298029887
435542 -0.23107918335854072
435741 -0.4952206082371474
436080 -0.46771387932720915
436397 -0.776202313784411
436726 -0.37596415580228504
437013 -0.1260086205645662
437340 -0.25948163253962564
437746 -0.03059393482555059
438003 -0.10742594028398222
438261 -0.18976408069160244
438650 -0.5644951642495568
438919 -0.6322749606948
439162 -0.0593896668611717
439477 -0.12191002152618091
439837 -0.09397362195975756
440211 -0.06532346850146156
440397 -0.1913028737274946
440708 0.0
441120 -0.447026431482478
441378 -0.4551861753158374
441639 -0.11627811172475863
442050 -0.26207206459635424
442297 -0.25425887961964666
442631 -0.08585071522721605
442879 -0.053342540225117335
443193 -0.15635916194932675
443515 -0.29083857638713784
443942 -0.1401681481108329
444147 -0.21096697417734167
444565 -0.45100321845055874
444759 -0.17470431963920624
445058 -0.49774979116855644
445796 -0.6528837103677612
445974 -0.24339476104951518
446320 -0.48283510533921226
446677 -0.30506973578140806
447040 -0.723603117332123
447408 -0.08156318768385515
447625 -0.5661162949932818
448002 -0.41619573401701687
448303 -0.30911430909129534
448483 -0.4997191150878491
448664 -1.0849209219947291
448972 -0.8154081086599602
449365 -0.48486922537615085
449681 -0.5533867507912144
449919 -0.34703182971729346
450355 -0.19099685001129446
450682 -0.4118875837025264
450989 -0.3938716729552566
451221 -0.4076796436738903
451597 -0.3411396444186652
451947 -0.28603680953559163
452278 -0.2843941875296694
452590 -0.33766058426768775
452846 -0.10821693718587733
453198 -0.0390926735891296
453502 -0.3004193003254694
