2881695 -0.34754040335196756
2882065 -0.27278872892285466
2882746 -0.033251126595792324
2883044 -0.0839261205387456
2883323 -0.26102427596083544
2883772 -0.13047653068743315
2884003 -0.16469139168357194
2884313 -0.18223676062926697
2884678 -0.08862096214701742
2885036 -0.256020397337376
2885287 -0.4834092134676715
2885671 -0.08757937927573667
2885929 -0.08125183197348018
2886278 -0.1599499643361766
2886675 -0.12682658484513987
2886911 -0.13958449890926955
2887183 -0.8603035625317208
2887473 -1.3901918386410044
2887833 -1.096675002632193
2888192 -0.2904139701401618
2888542 -0.1522644055419915
2888913 -0.10673442502576591
2889131 -0.02948627667983983
2889449 -0.15681751637330132
2889778 -0.09621205459169202
2890212 -0.16535380895173274
2890428 -2.0594467514203916
2890692 -0.7324782534320344
2891083 -0.04213975175635354
2891422 -0.3278098577407389
2891690 -0.30972709740800186
2891879 -2.6470619400357016
2892309 -0.10467449621587477
2892511 -0.16340775097586152
2892695 -0.2008060544638265
2892977 -0.6235100537614531
2893285 -0.2832565264734158
2893561 -0.09700725608898653
2893898 -0.06449662966692626
2894208 -0.1875180576090858
2894566 -0.3961467255355635
2894857 -0.3547247876069438
2895129 -0.027221591432352865
2895440 -0.14326414270277987
2895777 -0.2623191049908
2896061 -0.0748903914649216
2896487 -0.10131608037824669
2896801 -0.12334234742069539
2896997 -0.09434526477842636
2897370 -0.16367442887167016
2897661 -0.5796804624465567
2897935 -0.13228447259351797
2898142 -2.7310508595937733
2898596 -1.6809095676268135
2898851 -0.1722342249792016
2898963 -1.145131819857007
2899135 0.25426579669640625
2899267 -0.6207661621477316
2899371 -1.468250379052089
2900039 -6.323860675811181
2900381 -1.3644054005183814
2900461 -0.30851517484158186
2900626 -0.19822546455904583
2900920 -0.7172872316573382
2901236 -0.1866878821499494
2901502 -0.14909252245625726
2901805 -0.32491826239775967
2902145 -0.3961446761854974
2902390 -0.054036987546107085
2902695 -0.019765906270234
2903014 -0.03334354370132564
2903287 -0.04387820097439166
2903570 -0.04184436543781134
2903894 -0.020414246756798704
2904198 -0.01780269671243584
2904497 -0.04206600043011566
2904808 -0.030325349199680218
2905091 -0.04411837933661822
2905397 -0.05387834871521535
2905703 -0.057383559574965104
2906019 -0.07506915157193172
2906307 -0.032015431137225214
2906632 -0.02952098899281891
2906921 -0.03813717170942371
2907250 -0.12998337480378602
2907571 -0.044804361104523044
2907913 -0.12467169341654288
2908364 -0.0048289422250061415
2908574 -0.14834145441734642
2908933 -0.04142536368441846
2909276 -0.02565805985557501
2909605 -0.0705933047818158
2909953 -0.062459904527481014
2910291 -0.07660553433803735
2910621 -0.03913737847782783
2910972 -0.055988665543512395
2911346 -0.029277698419864384
