933348 -0.019282417828037635
933751 -0.017965323472955486
934174 -0.018787140496801746
934607 -0.04104592281315311
935031 -0.030731918272857373
935459 -0.05214064328088708
935859 -0.020280958167709917
936251 -0.01980681988496663
936657 -0.02873583212184977
937063 -0.03805355199949223
937482 -0.03371892854817782
937902 -0.024633312880588287
938308 -0.02114158235917618
938705 -0.020637356180963906
939101 -0.018522207155130588
939521 -0.0416663501183665
939942 -0.03941077730710013
940383 -0.0360520678555889
940775 -0.02241975198223728
941209 -0.017460811116533193
941614 -0.027195051116407964
942026 -0.0395638054154101
942422 -0.04009608192029934
942803 -0.021057635003353115
943203 -0.02955727990165935
943580 -0.021163984780773637
943950 -0.035292854406732466
944347 -0.04254358657559604
944738 -0.03398585570020479
945140 -0.028331038963971877
945516 -0.021037272451165934
945896 -0.020503136691632173
946281 -0.026584693409914262
946679 -0.03447043623987739
947078 -0.046425249667984836
947483 -0.03289148448770901
947897 -0.03071940148840907
948287 -0.019356591290806746
948697 -0.024793349016772104
949110 -0.03986489606309235
949542 -0.04662887205482408
949987 -0.028170457297527596
950439 -0.0313970316012403
950856 -0.02094549035985277
951293 -0.01956268295652769
951710 -0.04445456692880401
952175 -0.03375815416907496
952627 -0.034005383048304916
953098 -0.030059985424990054
953501 -0.014089274156642129
953939 -0.024098711556264973
954366 -0.036666522542860236
954796 -0.03805187253857195
955228 -0.027692007586539613
955636 -0.016780224874269445
956039 -0.020002214423484765
956449 -0.015418906905755758
956893 -0.045156987647963165
957325 -0.029647374065628673
957753 -0.03485826403705178
958187 -0.028621681472147054
958625 -0.01731553766794114
959041 -0.025823911922721043
959468 -0.03255652092225925
959894 -0.03897232843232057
960344 -0.034863252896537134
960749 -0.019339135238922722
961165 -0.018791325158506067
961566 -0.021515029906742034
961988 -0.04434838206306002
962415 -0.03688876414014863
962825 -0.019941788695918283
