3271544 1.1225044347777335
3271901 1.1900762284745237
3272262 1.1813564536259977
3272622 1.2190777465676716
3272982 0.9918056996583703
3273332 0.9912283585794461
3273687 1.3785314808854974
3274029 1.0135938947890104
3274387 1.1563253777664753
3274750 1.0781073773039789
3275101 1.0989077711992936
3275446 0.8882528055295051
3275769 0.8007048089338178
3276107 0.9596517655428298
3276455 0.9649600687588136
3276791 0.980034881558386
3277138 0.9949817339566511
3277495 1.0433002139698164
3277851 1.06936119082146
3278210 1.0352030105537442
3278561 0.9725798242196677
3278927 1.0085163780848807
3279291 1.085486600513038
3279653 1.0310638197210742
3280005 1.0113749840262964
3280353 0.9382213888475345
3280715 1.052070215635757
3281077 1.0780082046809052
3281445 1.26521464948688
3281807 1.1124603346806072
3282156 1.06014076654667
3282515 1.078946978646275
3282879 1.105215612221409
3283248 1.0551833641903783
3283611 0.9535522381610275
3283958 0.9108111372404404
3284298 1.0300477412742817
3284638 1.0865453645828222
3284980 1.0472641775525227
3285311 0.9457795060801402
3285645 1.0943397095276493
3285976 1.1277876083907215
3286309 1.1113236890275533
3286641 1.231413500721858
3286976 1.1205568427930253
3287304 1.1351117871191767
3287625 1.0794500233244948
3287952 1.2153505176469852
3288278 1.248000777203786
3288606 1.3412541017796378
3288933 1.0039577132274662
3289254 1.0404299267074417
3289585 1.1398513128735441
3289920 1.1592873556206613
3290258 1.1834593080438793
3290597 1.1594681557211084
3290936 1.1573393581653708
3291271 1.0421237864847748
3291606 1.143432461288754
3291942 1.1729433271390353
3292273 0.9375030313256593
3292622 1.0253713242468716
3292977 1.0641430457286694
3293335 1.1411044443476093
3293696 1.11692914723411
3294044 1.0030282518982045
3294394 1.1460071309881794
3294739 1.0192620831073365
3295077 1.0269241643397446
3295414 1.0032368261314482
3295744 1.0176805579313328
3296078 1.131054155958295
3296415 1.1505119853159091
3296756 1.1460008969297961
3297096 1.1150380517192657
3297426 1.0616098028446879
3297768 1.2101520195539024
3298105 1.1013648391294235
3298445 1.0981792159310972
3298790 0.8056176744626394
3299143 0.9241033223777082
3299501 1.091235002158589
3299858 1.001428090803902
3300210 1.1121747288954533
3300568 1.266142663405055
3300924 1.274527006914262
