1922615 0.5263264472102264
1922976 0.5080236958157219
1923340 0.6454208131987702
1923700 0.6978346541110539
1924050 0.576661389887448
1924387 0.5299339539793656
1924719 0.45802845246457635
1925047 0.6568360321049931
1925369 0.6968442065442374
1925686 0.8530603807071295
1925997 0.7943662358004994
1926305 0.7804182797387966
1926610 0.7205858788975641
1926913 0.6303011278992011
1927217 0.690433736704408
1927518 0.6800054943279521
1927821 0.6877039328866528
1928127 0.7455608684069773
1928450 0.8333406164257995
1928794 0.9807931065228914
1929148 0.9198327299502603
1929501 0.8425470112223271
1929859 0.8416183256350115
1930227 0.8772589155200018
1930608 1.0451611516838826
1930993 1.0870418975755707
1931375 0.9319684585670724
1931739 0.8637907476801461
1932102 0.8592092439920825
1932471 0.9707950962736076
1932846 1.1053086588798269
1933221 1.1098661247590975
1933593 0.9552213360550765
1933961 0.8799052689673101
1934322 0.8843707395645927
1934691 1.0174481899833694
1935063 1.0847082486324782
1935436 1.1166074774436687
1935803 0.9417501815122498
1936166 0.8789434520223993
1936529 0.8984204984801182
1936899 1.0381676380494687
1937272 1.0874108671346683
1937644 1.0441122086453825
1938006 0.9083480789047084
1938367 0.8581451434845453
1938725 0.8793806700668676
1939094 1.0078647458819934
1939464 1.0943534815292568
1939838 1.077170434324528
1940205 0.924782861814901
1940567 0.8559904941046677
1940927 0.9327489465382983
1941291 1.075574506695864
1941664 1.1046734753435614
1942033 0.9889831517609713
1942393 0.8850342786986845
1942751 0.8729243677712182
1943118 1.0062853241544356
1943485 1.098620664679137
1943856 1.1137535822623033
1944227 1.001545024632288
1944589 0.9044646657856448
1944948 0.8639794345948381
1945309 0.9376740915746193
1945673 1.0697870896792576
1946039 1.10735692023243
1946400 0.9662361264005026
1946751 0.886754083165372
1947103 0.9184816026041376
1947460 1.0527706936861785
1947818 1.099392288205435
1948181 1.1039126835566482
1948544 0.9606017460978139
1948898 0.8859688294234592
1949252 0.8809053076618901
1949609 1.0188595709015966
1949974 1.0947810140837135
1950337 1.1062496227794512
1950697 0.9674282489354531
1951054 0.9081200128973856
1951414 0.8958722918150659
1951777 1.0257708012668363
1952147 1.1076827151989068
