1922656 -0.04055375762425839
1923021 -0.03181251072539726
1923381 -0.03773806195039531
1923747 -0.03805076777243421
1924095 -0.045617949700092586
1924423 -0.03713522209129072
1924755 -0.024981948502266038
1925151 -0.2318243540333378
1925439 -0.12128630681949626
1925716 -0.06714068420530828
1926079 -0.06390709714387477
1926393 -0.07642096082553029
1926647 -0.089346271369936
1926948 -0.08521695076176994
1927254 -0.07929997558747176
1927579 -0.047898835612645296
1927863 -0.05494563390759122
1928159 -0.06299258921897855
1928485 -0.07889337510444672
1928831 -0.07455846637300967
1929184 -0.07855689484375894
1929538 -0.05831794238249044
1929896 -0.035136550607171135
1930262 -0.053246228554198916
1930644 -0.05817945201497299
1931058 -0.05292347900624472
1931429 -0.042821290688447866
1931800 -0.04541771391358462
1932138 -0.04009949996758588
1932507 -0.05013550611439066
1932880 -0.05012360527910309
1933284 -0.047313994750358024
1933630 -0.04317104214006506
1934028 -0.03396641047459237
1934356 -0.03594072109210178
1934723 -0.05503128348664821
1935099 -0.056584068602888005
1935503 -0.04068689932372804
1935840 -0.049857599050353696
1936203 -0.030457062707458238
1936563 -0.04514692553336208
1936935 -0.061672607405537316
1937307 -0.057204734968780035
1937681 -0.06714715179204173
1938044 -0.046923973168783106
1938405 -0.048120513713620694
1938762 -0.04384036419066473
1939128 -0.0516910082209624
1939530 -0.048337067812236734
1939874 -0.05516924518317534
1940244 -0.0441198778451255
1940603 -0.05136300575493813
1940970 -0.03367927454844416
1941324 -0.04562211955239187
1941702 -0.04719801365042281
1942069 -0.04556232400951188
1942431 -0.04905057274762331
1942790 -0.039904165733986474
1943156 -0.052818529662240155
1943525 -0.05557985407946142
1943892 -0.04958397186203606
1944283 -0.04044661148407536
1944627 -0.04253794025134633
1944984 -0.04244507389024371
1945343 -0.04294550068232261
1945710 -0.05886931929490791
1946073 -0.05428914641257365
1946435 -0.04300224807707376
1946788 -0.050109489740241986
1947139 -0.03811941552927961
1947496 -0.049193497293542
1947852 -0.06381338355083582
1948213 -0.05369212267887935
1948580 -0.049801666035616865
1948937 -0.049781199726230074
1949289 -0.04353428526469344
1949645 -0.05155703596121475
1950009 -0.06185256323888033
1950369 -0.053723592873033854
1950734 -0.05748350999952745
1951094 -0.045183168476772284
1951451 -0.046883773958341646
1951812 -0.04970610441858281
1952184 -0.05888096187645997
