5189857 -0.021976538949529667
5190277 -0.018655562980260054
5190691 -0.022845562758568194
5191130 -0.017145092406945728
5191551 -0.015106857134271012
5191970 -0.02352092043919196
5192405 -0.01723820755682337
5192838 -0.01960070507527778
5193281 -0.017282306597890207
5193741 -0.0204971607601247
5194177 -0.019033892348849224
5194605 -0.017216697328871877
5195050 -0.029995858135453912
5195509 -0.012804522185718231
5195947 -0.03876428550169503
5196391 -0.018191656923369937
5196811 -0.01654418803162544
5197261 -0.0326244759325483
5197670 -0.02518217346588769
5198092 -0.013761410981778632
5198473 -0.01654847502926715
5198870 -0.01697461710652426
5199264 -0.01711778347210946
5199659 -0.013871820107956345
5200029 -0.02560042826367992
5200405 -0.024473413745192907
5200774 -0.022870329337595363
5201140 -0.013234684950055864
5201515 -0.01847387095834846
5201886 -0.02367336014280108
5202174 -1.5870830155068383
5202624 -0.046542498275147004
5202815 -0.09034971086963428
5203604 -0.28292370304734105
5203965 -0.15114898068908245
5204163 -0.11285244632166869
5204400 -0.0664528682276706
5204744 -0.04509991430568894
5205102 -0.041750832614947386
5205451 -0.03684520487180354
5205821 -0.03668604356301369
5206195 -0.028707437214547056
5206556 -0.02902355436700378
5206923 -0.01771578318265618
5207313 -0.012854596412803315
5207668 -0.016705604045527886
5208043 -0.050726390553893955
5208433 -0.017855040999514904
5208811 -0.034028051955806965
5209202 -0.01854983625020947
5209580 -0.01769816058351179
5209967 -0.01225234498654136
5210354 -0.012357794030111138
5210763 -0.017177194971978428
5211167 -0.02251328143516515
5211599 -0.021811940476828523
5212016 -0.01741055741229347
5212421 -0.014049122083370502
5212828 -0.014384395752736118
5213265 -0.017315327301568817
5213697 -0.021048244107294695
5214137 -0.01977582348527393
5214579 -0.018673345203543246
5214999 -0.014066835842328623
5215422 -0.01792891508234523
5215860 -0.016402061048930633
5216296 -0.01971481045568005
5216720 -0.02326871590747906
5217162 -0.01839225455506316
5217596 -0.01801337581103274
5218006 -0.013597552371547361
5218429 -0.015756323036777986
5218863 -0.01588349156052707
5219301 -0.020970835096659923
