603717 0.8407409805068247
604049 0.8364320768637579
604383 1.1459072647625468
604719 0.9842739686590691
605053 0.871128118463523
605379 0.8905159562163812
605712 1.012794272063712
606046 1.0152955433530502
606384 0.9963164767313267
606721 0.9509094391412034
607051 0.7765166761546436
607378 0.8719637007100746
607711 0.9256448349671635
608043 0.8616016772443942
608167 0.09832736991575985
608382 1.0132027531654066
608717 0.8250467697756653
609052 0.887130486969895
609389 0.9121260060008365
609727 1.0598982519887525
610069 1.1021352162581315
610171 0.5852185678568157
610403 0.9340075657489348
610725 0.7754302357722741
611052 1.0979762666364503
611381 1.048956486081467
611718 0.9356712361903757
612060 0.7626793799814676
612391 0.5726275531111256
612726 0.9074983862667616
613068 0.8758540095991848
613414 0.8913861068531999
613762 0.9982867192355138
614116 0.4400274857450803
614462 1.2644607475013099
614816 0.7544477096943702
615177 0.845634949156989
615538 0.8113013795829798
615901 0.7603330058536428
616251 0.9081534765144711
616607 0.9334573884943751
616964 0.6746999492411558
617313 0.8142860701287287
617669 0.8218755491342852
618019 0.8836837775922286
618380 0.9534441417034392
618738 1.0193033827022893
619090 1.0252406860311
619434 0.8762748394627297
619785 0.9165915605961372
620137 0.9115566458020068
620488 1.0075776118236686
620843 0.9613156328452871
621186 0.8679796380667665
621540 0.8086147745049264
621890 0.9904630642760356
622240 0.9855457905256417
622581 0.8039856458875958
622925 0.8461692922353488
623276 0.9516885582725776
623631 0.9933919613532445
623981 0.8449247280443457
624322 0.9860132949942797
624667 0.8608704378381166
625003 0.7746748695521406
625337 1.3032234708741997
625681 1.0686515758713493
626036 0.9121504082714378
626393 0.8415560076944646
626745 0.8374317617726127
627110 0.8744125453253089
627481 0.9365866270335863
627855 0.9877183336064297
628229 0.9449214008494329
628590 0.9064698127019539
628964 0.9868776130313583
629338 0.9528304619502523
629710 0.6345060839488718
630070 0.6041500339014796
630423 0.736462070842859
630782 0.700423233939982
631150 0.7944435504340371
631520 0.6366639827247773
631885 0.36011296546003724
632244 0.8290269221377393
632612 0.9356794578814531
632981 1.0044784121345702
633351 0.9427302340965088
