363883 1.4403685585758472
364144 1.1710361164101841
364406 1.3649457583552267
364671 1.4982383426971575
364936 1.5379319945267762
365201 1.1461200315817515
365465 1.2220499022373759
365731 1.2326868295655584
365999 1.5755873757150902
366267 1.638025911459927
366535 1.5389575187461397
366804 1.660099014458127
367073 1.525050204705005
367340 1.5684086632878862
367607 1.8396565067507007
367871 1.6094443464591266
368134 1.514122899998366
368397 1.62007073958254
368661 1.6772349017103698
368927 1.7569501643270853
369194 1.7769116674328393
369463 1.413672238678064
369735 1.738442338935406
370008 1.2792294288276027
370280 1.3831529137661898
370551 1.159323219745718
370827 1.5396773022863894
371102 1.2963209454588787
371374 1.274732509437115
371648 0.9710088425471053
371926 1.2996764656487085
372206 1.4410150403734567
372488 1.5423192266116392
372768 1.043256258449892
373049 1.1434296512673607
373333 1.4149514900982336
373619 1.3497852076595995
373906 1.4154643466987449
374196 1.1993323990150024
374488 1.0926086713877752
374783 1.2576079178646478
375082 1.4265372288184603
375383 1.6256155786933393
375684 1.4734882022385478
375985 1.6805580803815334
376293 1.4745871236337285
376602 1.5412191170467853
376910 1.5541280153624806
377217 1.4894389741455334
377526 1.6469377353665189
377839 1.3889601593000318
378154 1.454830722457781
378467 0.8562354046444931
378773 1.0394586794025762
379089 1.16295350057282
379403 1.0298449550654483
379715 0.9883020881905988
380022 0.869327111475126
380329 0.8027064885801126
380642 1.064747175688589
380956 1.0651205911852273
381269 1.0450522208218929
381576 1.0231885636746365
381882 1.2257352999946782
382195 1.306258326457645
382510 1.5096582057091898
382824 1.1020651725092483
383136 1.3403170149957564
383447 1.3808352438458942
383760 1.3162445344390032
384071 1.1734422949712557
384382 1.1155995848699334
384682 1.0924046768967037
384987 1.222834159634956
385294 1.1745428848312953
385599 1.4574141624027015
385903 1.4082251821267164
386201 0.9915350061309954
386499 0.9882468404121936
386798 1.3979803063372243
387096 1.1898808957763742
387393 1.046309246969476
387685 1.157600944571807
387978 1.1136710586219922
388274 1.1103177877836155
388569 1.0345519843728583
388865 0.8596292929905626
389159 1.1158962985400782
389448 1.3466362237687008
389739 1.3143312604743673
390033 1.0963204196526046
390323 0.961049510871151
390608 1.1231774014402411
390891 1.3199049079068557
391173 1.390898553175252
391455 1.1841055593323897
391738 1.208353592181428
392021 1.4516836506901636
392307 0.8435888916535043
392591 0.9440903736672673
392877 1.0919561893357388
393166 1.0641988513045197
393454 1.351158104858817
