6149023 -0.06484581792666932
6149343 -0.03723551174248274
6149685 -0.06451401965104897
6150097 -0.09932765961723239
6150320 -0.1470431096129753
6150637 -0.06992919771548795
6150959 -0.16178356203977512
6151257 -0.10581262044554078
6151585 -0.12209337254182012
6151918 -0.07173064166604948
6152217 -0.059159887993528115
6152551 -0.0788060887895069
6152852 -0.10738636373782579
6153159 -0.19038251247232174
6153482 -0.07214890967609955
6153806 -0.08286487785874486
6154133 -0.048962033642904634
6154432 -0.07587385757886689
6154762 -0.10417385227079556
6155095 -0.12194417859897103
6155412 -0.04946747870776262
6155706 -0.09321517049715389
6156060 -0.09532966445138213
6156335 -0.07775518781007529
6156646 -0.06543829351757702
6156943 -0.0660730339860931
6157271 -0.1482463378665244
6157545 -0.07971686162319092
6157972 -0.09302650583419769
6158175 -0.12397629257236864
6158499 -0.13951725941727067
6158812 -0.06474094786851392
6159111 -0.15792083128729362
6159425 -0.08057436397832651
6159726 -0.06406095945044554
6160048 -0.09590185950791208
6160467 -0.07017488876604638
6160673 -0.1438491176333958
6160991 -0.12281459589765248
6161290 -0.13295486067176204
6161612 -0.08654565349538915
6161924 -0.061735424379916526
6162269 -0.11702284860374262
6162558 -0.0711655438246155
6162872 -0.12374306279688996
6163213 -0.06111986129721597
6163523 -0.09045111298538444
6163835 -0.09841955397316249
6164145 -0.0725063170299739
6164496 -0.05752780980037042
6164779 -0.09243894470771807
6165089 -0.10391012940405464
6165514 -0.10848255554966524
6165741 -0.07385554332463129
6166027 -0.13962081495191847
6166349 -0.08431258964895927
6166655 -0.07180155999615967
6166957 -0.045018659571308905
6167320 -0.08254618874280095
6167595 -0.09790165196870426
6167903 -0.1456892425792109
6168216 -0.06358600727343688
6168534 -0.12910121364117932
6168806 -0.0509253195859426
6169133 -0.12317027254908153
6169523 -0.07263229487857403
6169722 -0.1111797994678827
6170031 -0.16171977271968763
6170338 -0.17111884781152464
6170667 -0.10171506964957855
6170952 -0.2960646281018722
6171286 -0.21057680203350038
6171568 -0.08746715948750339
6171845 -0.11176912406239747
6172173 -0.1740788858808925
6172495 -0.2215248505205727
6172766 -0.0864371756372494
6173092 -0.19734729211708124
6173387 -0.08590364345292101
6173681 -0.10906007349428715
6174079 -0.07828370408307381
6174251 -0.09050035022592776
6174548 -0.08386996306056442
6174931 -0.05475635738097678
6175173 -0.10429658407446984
6175425 -0.0619818115574618
6175743 -0.09344601272445963
6176040 -0.09277002387557953
6176356 -0.09924315657253124
6176759 -0.046950975332478606
6176951 -0.03809277253678667
6177277 -0.11175584718221943
6177582 -0.04352386114647089
6177871 -0.08472220570056066
6178195 -0.0744323395612353
6178488 -0.08170949746190964
6178819 -0.08681844942616945
