2342165 -0.11996297685125262
2342437 -0.07290844025229609
2342702 -0.1169152007874239
2342957 -0.14031953194588898
2343232 -0.1541837861500444
2343522 -0.09623439312822546
2343765 -0.06460068473333253
2344040 -0.07081781594804887
2344316 -0.06753682527621668
2344580 -0.08160355352121307
2344870 -0.06563615552633201
2345141 -0.0815233606963921
2345526 -0.060439498089004784
2345792 -0.10808036949655231
2345968 -0.0670659392167603
2346241 -0.10052365377250527
2346521 -0.14686158635764923
2346800 -0.07909689788816365
2347079 -0.08863582011293625
2347358 -0.14594708253010324
2347641 -0.06641920777998994
2347933 -0.06890735400264947
2348201 -0.2714727914242736
2348512 -0.2384882278960909
2348781 -0.26362146364509753
2349117 -0.7035919155890269
2349298 -0.030814833575273926
2349577 -0.1350059017768398
2349960 -0.10197973414287377
2350139 -0.10622361518147527
2350382 -0.13800161059574134
2350677 -0.17582890720759825
2350943 -0.2127582421125619
2351235 -0.15185221467159782
2351495 -0.40811871470776306
2351762 -0.10610748774450884
2352035 -0.18228940966279694
2352320 -0.14294794338954198
2352625 -0.06794512143023634
2352894 -0.13370855847718055
2353195 -0.06369405330456279
2353489 -0.0814513387786081
2353778 -0.0649044753806477
2354056 -0.06994456560082984
2354324 -0.11713459892688816
2354620 -0.11548787028482566
2354912 -0.11446846411947964
2355195 -0.07458257322776518
2355473 -0.10056028938095518
2355765 -0.13975995882328907
2356048 -0.09531768144809882
2356329 -0.1375574712873976
2356614 -0.1160060833753519
2356912 -0.09660043189171263
2357182 -0.12865293318928683
2357455 -0.10908614791654803
2357736 -0.12712171480181755
2357997 -0.17748919512641936
2358271 -0.09812374321645756
2358549 -0.1264126142393318
2358821 -0.10604041281860555
2359103 -0.10909127481078296
2359387 -0.11962808986648499
2359650 -0.14086104165696745
2359928 -0.06309976841775533
2360320 -0.26962297059222223
2360508 -0.1407043268814674
2360777 -0.17724642190279216
2361039 -0.17068726596794437
2361316 -0.11723260051940332
2361591 -0.06381934125794159
2361861 -0.08153123872924367
2362170 -0.28327747540479287
2362439 -0.1388495873698497
2362764 -0.12458799973112589
2363002 -0.232091755446105
2363296 -0.0958825010795431
2363688 -0.12962913162135997
2363872 -0.10290275872025328
2364173 -0.067582259606007
2364449 -0.05426305893148131
2364768 -0.2840751876619091
2365136 -0.0713546860512434
2365422 -0.21387171007709715
2365648 -0.10667139527850189
2365897 -0.2292314993686556
2366163 -0.0910279306373839
2366454 -0.15331245037846541
2366714 -0.1446566189637395
2366991 -0.20473098275396118
2367283 -0.21090242379975577
2367657 -0.0203562000890678
2367818 -0.05802985958856277
2368098 -0.157426655015951
2368392 -0.136853898721932
2368661 -0.09799872200423354
2368951 -0.17503648273878147
2369232 -0.09474315480350182
2369538 -0.20467831931716385
2369810 -0.09109976978361478
2370120 -0.08478183536115136
2370490 -0.10334530488889548
2370664 -0.10242433126534045
2370957 -0.046024598270621775
2371249 -0.13729221785227907
2371540 -0.08987570697217662
2371808 -0.11736916320431623
