2581872 -0.041580704233759314
2582138 -0.01824038533766381
2582432 -0.07197383838457933
2582726 -0.029864339497241543
2583023 -0.12436090226347435
2583400 -0.08179098718056022
2583567 -0.030067764628448068
2583969 -0.07667341506471148
2584161 -0.03852752827801831
2584422 -0.05335968299855709
2584730 -0.08577287350982499
2585010 -0.11260334867542565
2585303 -0.09151163108112742
2585617 -0.02724068251550804
2585919 -0.35807372833187956
2586181 -0.19097434771515504
2586564 -0.07744736889761758
2586766 -0.07765587154656128
2587044 -0.09045282610591532
2587351 -0.06637635031301803
2587630 -0.05400861324609463
2587969 -0.048965518035438804
2588267 -0.18198397721223825
2588557 -0.1094762799211012
2588843 -0.06980391013691511
2589138 -0.07585695474923587
2589438 -0.028984354061249662
2589735 -0.04714124717439627
2590131 -0.020586084414912276
2590313 -0.03105829823249967
2590592 -0.06439682279844394
2590891 -0.0411658833302595
2591171 -0.06064480944828349
2591473 -0.054294837328090595
2591751 -0.040345004190168066
2592044 -0.02358266585348645
2592321 -0.06182827776001987
2592591 -0.05047011223533093
2592889 -0.06169086646948119
2593174 -0.04182833719715995
2593449 -0.030192704828114314
2593735 -0.046949747486636384
2594012 -0.046401218588282056
2594311 -0.13689661552397636
2594577 -0.10805731841799349
2594886 -0.07067323589724095
2595108 -0.029569221197808804
2595409 -0.09763193191343189
2595705 -0.22885963456694292
2595950 -0.14411224838359527
2596326 -0.1127161857164205
2596498 -0.15464225784976482
2596897 -0.10277371390321438
2597175 -0.020410675392229294
2597359 -0.21533358204870978
2597659 -0.08365824874910426
2597961 -0.024850849240169892
2598275 -0.1488372741932833
2598528 -0.031385434761576486
2598885 -0.10372923279248225
2599204 -0.174767026117232
2599613 -0.1367394931293213
2599824 -0.1696729445152023
2600125 -0.05276030045986879
2600444 -0.04732882237059105
2600760 -0.031769591026647837
2601158 -0.0325368948148399
2601355 -0.058720681785709224
2601679 -0.03325060841778149
2601994 -0.029223858935695887
2602324 -0.022643532699843427
2602643 -0.0583203823141919
2602978 -0.05270812061291841
2603325 -0.04991394747606387
2603657 -0.0383301303992406
2604000 -0.061056275777717994
2604320 -0.044107125385224155
2604779 -0.055757047127885206
2605008 -0.040911902850139015
2605335 -0.056442151967651594
2605662 -0.04622255835269662
2606000 -0.08743408199125834
2606322 -0.05293612321958347
2606654 -0.054796107192051385
2606967 -0.09873897694873646
2607288 -0.0496118909233072
2607587 -0.1695028036292988
2607915 -0.2683380201167042
2608331 -0.2226452684116782
2608544 -0.10788114901367357
2608829 -0.1567871449080558
2609159 -0.0201007354136844
2609468 -0.10924654960089036
2609791 -0.0665859569788841
2610218 -0.04594851822067837
2610465 -0.07884994674046991
2610777 -0.0617814538662681
2611080 -0.06910952414399962
2611379 -0.023582747329717102
2611706 -0.03707555568814813
