4518402 0.7899470648221458
4518865 0.8126418926572962
4519329 0.781724054456943
4519784 0.6579808872171915
4520242 0.7519518078970695
4520705 0.8104001175492948
4521169 0.8103348117178538
4521624 0.6775895911091333
4522080 0.7149668313536572
4522549 0.8120506728690474
4523017 0.8224591760402419
4523482 0.6911721572792939
4523941 0.6833287864623945
4524409 0.8086011384007862
4524872 0.8164933045384656
4525328 0.7099876470028725
4525781 0.681951254577884
4526245 0.8115748122446522
4526708 0.8174712154703151
4527173 0.7242378961287665
4527629 0.6476555649029795
4528097 0.7991805389934358
4528559 0.8169004464325991
4529016 0.7222989020136745
4529471 0.6647288658188668
4529936 0.7968535379767876
4530398 0.8157189282642058
4530853 0.7047010364157559
4531305 0.649629874809997
4531767 0.8028380164547475
4532226 0.8148941053701311
4532680 0.6905223805873437
4533132 0.7045864635395327
4533601 0.8059560034688511
4534071 0.8107795504034876
4534532 0.6679727921019797
4534999 0.7613000114751356
4535471 0.8048556474780515
4535940 0.7117767660336042
4536401 0.6781329644911311
4536868 0.7988655904888615
4537329 0.7802108669216283
4537778 0.6422264312985887
4538230 0.800594577123381
4538679 0.8029678224476943
4539126 0.7090455092476302
4539575 0.6746700769167203
4540034 0.8118629944806162
4540490 0.801964328043291
4540945 0.797708238069057
4541394 0.6722758777692314
4541850 0.7979237628143746
4542310 0.7923901587129057
4542764 0.6630145024873366
4543225 0.81696802260762
4543691 0.8212914061971992
4544153 0.7138835133375567
4544611 0.7073277178371201
4545080 0.8056644373774964
4545543 0.7510923000220173
4546001 0.6703545343766413
4546464 0.8139791787800257
4546929 0.7823234013385236
4547382 0.658530938310948
4547839 0.7837038609212296
