2395721 -0.060573577634756515
2396139 -0.0657572490807147
2396557 -0.06979711935104263
2396965 -0.04976235240766719
2397389 -0.06099017818769742
2397804 -0.0924037104800694
2398205 -0.06828210277468194
2398660 -0.07242734412354407
2399058 -0.048290091964258985
2399476 -0.049646166042120965
2399886 -0.06833286443942665
2400285 -0.057321630742113716
2400695 -0.04369763606463367
2401066 -0.04187866349529429
2401470 -0.046845474768104245
2401861 -0.05224580490373654
2402250 -0.051558332705173904
2402638 -0.06370676003019488
2403042 -0.06442682593410964
2403439 -0.049105506856427006
2403852 -0.04579163285080273
2404261 -0.05652989998206609
2404691 -0.06324709804046147
2405119 -0.05072215259031759
2405546 -0.056139589994865735
2405955 -0.046974930508339896
2406390 -0.044472768803960006
2406788 -0.042750460443949256
2407218 -0.06194792164059654
2407629 -0.050340781610994756
2408025 -0.057427692466721136
2408418 -0.02843444268448797
2408831 -0.09142336073456825
2409237 -0.06390407649189639
2409656 -0.14379579585797936
2410018 -0.07736979829613705
2410427 -0.06113967445294988
2410828 -0.034959729786671556
2411243 -0.050102650522752035
2411649 -0.05070139934302004
2412068 -0.05994157608554246
2412485 -0.047184368103333374
2412914 -0.06801111511344454
2413332 -0.04180957237766059
2413763 -0.0469222062919904
2414190 -0.0453916651771496
2414624 -0.04253419886953386
2415035 -0.058200410256633195
2415451 -0.032750387198061004
2415895 -0.038839523570259105
2416323 -0.05357381536522832
2416737 -0.05404898858700069
2417148 -0.030905429401156592
2417561 -0.051293782507719266
2417986 -0.04277087778019034
2418406 -0.044742928457663644
2418811 -0.0596100131743037
2419239 -0.05554782026964139
2419659 -0.055591345792908364
2420073 -0.02773235596633772
2420509 -0.0342556709749714
2420935 -0.05392287699598175
2421357 -0.037328169522489685
2421755 -0.04068635971637222
2422170 -0.043065345586220716
2422582 -0.04520498989316524
2422986 -0.06175747082703914
2423363 -0.032814897674479815
2423768 -0.043427521684640924
2424164 -0.043148767562959656
2424567 -0.049615116511543544
2424944 -0.03830124138876803
2425355 -0.05063268019496567
