6521852 -0.0993150889083404
6522248 -0.0979293855002093
6522656 -0.09995854401242216
6523069 -0.12011769530667726
6523474 -0.1131439096603139
6523888 -0.08448878025212872
6524297 -0.07917541457940755
6524705 -0.08830352940971908
6525112 -0.11229564034338879
6525508 -0.14358805457856522
6525908 -0.08936689806755932
6526310 -0.11115953869555784
6526709 -0.13922759728879702
6527106 -0.1216627899500729
6527492 -0.1321837905201399
6527883 -0.08122283330126687
6528278 -0.08035236500096143
6528671 -0.0697893071651623
6529064 -0.07937167523921326
6529453 -0.11101986140214903
6529842 -0.06474181168965448
6530230 -0.1122573665910454
6530757 -0.13291841336048427
6531000 -0.12194270480850572
6531389 -0.10647589079546832
6531774 -0.09614427466183662
6532157 -0.10973561613172289
6532536 -0.11303395254765458
6532906 -0.08473714963906648
6533287 -0.09194990446593573
6533668 -0.08685538801947662
6534050 -0.09519927505211687
6534437 -0.10998434318123895
6534814 -0.10390757361365563
6535210 -0.07934833309039685
6535604 -0.09169118412817884
6535997 -0.0551643566836964
6536387 -0.09316398590441294
6536767 -0.10844364541403645
6537156 -0.08479403997955626
6537542 -0.07096215758710886
6537953 -0.08266183940199001
6538350 -0.11486698776745097
6538738 -0.10413868227923834
6539127 -0.09066169942543165
6539515 -0.09891419964143716
6539902 -0.13101493570617984
6540287 -0.13387456684303667
6540667 -0.10100653116093122
6541044 -0.10634298359569155
6541430 -0.07728455553365604
6541817 -0.08457011795081038
6542207 -0.08968491595854858
6542602 -0.07099121799631894
6543002 -0.07526778405349538
6543398 -0.09992378808519065
6543800 -0.17572882988296606
6544198 -0.1621725539877159
6544593 -0.10144905586043079
6544979 -0.09153120374266127
6545369 -0.11747099829647895
6545759 -0.08859143467292191
6546147 -0.11863721561520368
6546538 -0.13287724043557836
6546932 -0.08744404507965658
6547327 -0.09460236626321822
6547723 -0.10288506640488093
6548123 -0.07970586429494447
6548523 -0.11728608641474586
6548914 -0.10979477639892371
6549322 -0.08576624990639531
6549728 -0.07993418718742135
6550133 -0.10072807708850318
6550532 -0.13179387940032694
6550933 -0.09968325620339855
6551338 -0.08421308912880454
