2336189 0.5530724150682924
2336605 0.5589001023673893
2337028 0.5469532613940937
2337456 0.5391627124241276
2337885 0.5398862387863784
2338306 0.48935361956875945
2338736 0.5518038610706593
2339153 0.5739017289766526
2339563 0.5888256532286564
2339961 0.42346583310254704
2340349 0.543420592526722
2340738 0.49720572082835607
2341132 0.6223333522981558
2341526 0.6107200188889328
2341928 0.623067547083742
2342329 0.4644242605898933
2342734 0.5727476069008324
2343145 0.638845551412689
2343559 0.5902372244887168
2343976 0.6309145018176334
2344385 0.5524301664296414
2344794 0.5279453812299423
2345186 0.5250991010447943
2345550 0.5535334886826894
2345905 0.5176322482540852
2346290 0.5725633257139557
2346651 0.4821392716270604
2347015 0.5253636114485108
2347361 0.49357403224195723
2347736 0.39093719041526676
2348160 0.5114405824594568
2348559 0.5323048337998901
2348955 0.5962909814369007
2349346 0.5627160814122092
2349731 0.5543393211717401
2350128 0.5635267628871672
2350532 0.571717405353698
2350943 0.5544327476744864
2351354 0.5433244082076161
2351768 0.5482919421680139
2352206 0.5527157826498377
2352591 0.5116017850545607
2352971 0.5038940788290176
2353357 0.47752007691371445
2353813 0.5502299461102316
2354250 0.5754195238126574
2354665 0.5391657651394338
2355080 0.550942785935929
2355493 0.5455710635681246
2355908 0.540885557559744
2356301 0.5402464572667669
2356702 0.5306090940790151
2357113 0.768382061578381
2357488 0.5609293194759312
2357842 0.2885539741203092
2358179 0.4450801020609426
2358595 0.468113432703781
2359010 0.6155157910564271
2359418 0.5698730259993858
2359821 0.5580911190550807
2360224 0.5777846213962327
2360616 0.48464749519607125
2361019 0.5729345994056575
2361426 0.5748551215736374
2361832 0.5498319417503569
2362242 0.5335906382095599
2362656 0.5614100791890948
2363069 0.513839223387814
2363462 0.47500770000295
2363838 0.5342962234254213
2364228 0.5454504062205358
2364631 0.554158207248876
2365005 0.5295705741646575
2365373 0.5311002472407965
2365769 0.5405127331788715
