482569 -0.08800621529990668
482984 -0.06392562473538968
483391 -0.14895998641674732
483811 -0.12688840622434439
484313 -0.05394625498908289
484684 -0.20677945051740776
485063 -0.20903040582917098
485487 -0.09447935463968232
485906 -0.08574063199774984
486303 -0.07922216073073718
486660 -0.08105402501868875
487069 -0.07253647675857083
487464 -0.08328131926092092
487899 -0.07125289558772707
488337 -0.06014320611591856
488792 -0.07080954813018808
489236 -0.11234245699857764
489662 -0.07304099757473037
490096 -0.09064602286590728
490537 -0.07330959068812046
490977 -0.08261222927859585
491405 -0.06913229876161847
491894 -0.1119922404922457
492279 -0.1337720057692765
492712 -0.09620887773057324
493135 -0.17693462620705974
493643 -0.062390779721008705
494004 -0.09082937704643534
494487 -0.049775865148090376
494920 -0.33148393801898296
495277 -0.16337692748534519
495692 -0.12886309402900104
496110 -0.24965698471190895
496525 -0.34894031543788706
496960 -0.26632553819869886
497387 -0.5696400278326088
497784 -0.20081056446300333
498119 -0.13502970622795302
498520 -0.3811391966670935
498907 -0.14373809185729736
499280 -0.5074604090866093
499621 0.1037893595454403
499793 -0.8674705124057202
500069 -0.16636041195264628
500508 -0.1919751242040424
500996 -0.6391993289760519
501363 -0.20884886566050803
501681 -0.17859003936152804
502131 -0.3291524145887402
502475 -1.0720803284859592
502938 -0.6845394216713521
503349 -0.31486336855612446
503648 -0.14080324318420473
504071 -0.10581990663140767
504477 -0.1273344029784394
504860 -0.20730609356710913
505283 -0.606103471098191
505620 -0.08317076380791688
505984 -0.26925818641178223
506399 -0.17057540311474317
506756 -0.6623420379002767
507131 -0.2197929222367001
507508 -0.13685036866788058
507975 -0.9964434891055385
508283 -0.06006803036212438
508701 -0.3829184839634087
508999 -0.21081523396681323
509369 -0.05704508016101961
509790 -0.08058911828359039
510267 -0.31029410630620535
510522 -0.2241683943963554
510993 -0.13667584789457776
511300 -0.22621608133110382
511722 -0.37173851705812033
512064 -0.04602736362007087
