1200197 0.41958319866314375
1200708 0.3988463275351974
1201156 0.34117365687423773
1201660 0.4227558888891042
1202146 0.422486358832592
1202608 0.35171262737786235
1203098 0.3368256211076252
1203632 0.4364211648163693
1204095 0.35185012146679173
1204585 0.3343909031621984
1205077 0.42841956312337826
1205574 0.4264234962149007
1206081 0.3364420601805927
1206581 0.40004008117487344
1207074 0.41346121499185806
1207554 0.3406568146000496
1208020 0.3407657714408221
1208513 0.42928775959407917
1208979 0.4044957477296919
1209447 0.33508759693605417
1209914 0.34548174311444496
1210383 0.4198802021242247
1210853 0.42754725921935444
1211318 0.34257675814295085
1211727 0.3390319327248513
1212218 0.42446854537820455
1212634 0.3997965885415626
1213040 0.34739960681925186
1213440 0.3521161139150731
1213856 0.41671494314258284
1214382 0.43760765475411956
1214892 0.34313555802600526
1215399 0.371283645648614
1215910 0.4206828763475561
1216416 0.38433419029998384
1216909 0.33779138300792744
1217409 0.4154713271388504
1217900 0.3533240870442318
1218383 0.33387448278568266
1218874 0.41706848648398726
1219361 0.3774540947391879
1219842 0.34228703345617906
1220327 0.41764989037776235
1220814 0.41361912330397016
1221297 0.3432456302293299
1221784 0.4095821492056136
1222280 0.41316162651447463
1222768 0.3392600810697135
1223256 0.3671506157466999
1223754 0.42915082669887966
1224245 0.3452049244694132
1224733 0.35937277531826667
1225230 0.4243104316433375
1225718 0.3399111195041496
1226204 0.4168063039513933
1226699 0.4241094820691922
1227185 0.34159011820924345
1227667 0.3859577278689641
1228154 0.4228095662829196
1228624 0.34544247442933707
1229087 0.34624831906047304
1229558 0.42229462176464366
