6491224 -0.0763959598214971
6491710 -0.07469276104503692
6492242 -0.06170790329644088
6492754 -0.04023702176724006
6493257 -0.058159689083673805
6493755 -0.08312713921807302
6494248 -0.06353642628550465
6494758 -0.0615019638159523
6495250 -0.05957761752704743
6495729 -0.03595180380127333
6496224 -0.07189498433050884
6496728 -0.07335574018073387
6497304 -0.046531261408162716
6497733 -0.062710991510223
6498225 -0.05166133375403581
6498767 -0.11066164291163333
6499235 -0.0834563347063999
6499719 -0.06860790099607977
6500221 -0.06596096262103232
6500710 -0.11194839086176728
6501221 -0.06223627619990846
6501698 -0.06241609776643947
6502181 -0.07813503826183316
6502660 -0.06162814318097026
6503152 -0.05756088176940477
6503637 -0.07511241003265354
6504122 -0.06188496506452362
6504634 -0.03898308685194135
6505135 -0.06803930994731511
6505606 -0.052816115777700845
6506110 -0.07136301313703247
6506612 -0.16213110648421997
6507090 -0.07227093940176571
6507572 -0.08652174856945133
6508091 -0.06032529616777188
6508564 -0.07270939984960822
6509055 -0.12632730935459918
6509512 -0.0811083551065217
6509978 -0.0974182777960074
6510425 -0.11449056339639191
6510849 -0.15882508143597823
6511283 -0.09250926758481301
6511740 -0.08884269835693165
6512193 -0.07701298661568545
6512646 -0.07235678679858465
6513120 -0.08676264863577265
6513576 -0.08432270517420531
6514043 -0.07572447606344274
6514509 -0.08536114050884952
6514968 -0.09651235626162141
6515426 -0.10926633624345233
6515878 -0.09268090375927795
6516331 -0.08285978621608125
6516786 -0.06056561583991393
6517247 -0.08345857468702261
6517709 -0.08117569580438261
6518188 -0.09231503036188354
6518656 -0.07207844538871727
6519125 -0.08031823164152235
6519586 -0.08652007962951341
6520042 -0.12304757741162592
6520503 -0.06648117976697099
6520954 -0.07733595154816036
