3322464 1.4504295586036984
3322865 1.2793791311207268
3323262 1.4543811168355538
3323667 1.4091837331644463
3324064 1.2953303193114247
3324456 1.143825176311306
3324854 1.3491553046285811
3325256 1.3823944705607414
3325656 1.2071936779502135
3326052 1.4061174452834064
3326450 1.2820101246094049
3326874 1.0462042761965427
3327267 1.2511992359059936
3327662 1.3754142697961496
3328051 1.3151308511914763
3328443 1.1607961550871326
3328836 1.3284045237665523
3329259 1.3162318216105195
3329658 1.0776443285686208
3330047 1.0915917195373015
3330438 1.1940303218278596
3330822 1.237817950142022
3331208 1.330983650255105
3331605 1.2505828129842236
3331986 1.1967619949386998
3332419 1.1753637572827076
3332823 1.2186781586156388
3333226 1.265468339386015
3333625 1.2387005412754357
3334023 1.5425526176471975
3334423 1.487817927760562
3334811 1.3719252363836258
3335225 1.332248676743843
3335623 1.4821747811453407
3336025 1.509603801830521
3336429 1.445291636657471
3336827 1.4063913619630803
3337229 1.4381974115580336
3337647 1.5768237134820013
3338054 1.2518936362356545
3338452 1.289612202822661
3338858 1.4532622718462105
3339265 1.4631533458497648
3339668 1.3609484563418524
3340070 1.401236134374423
3340479 1.2324600425731673
3340893 1.3275580330240642
3341294 0.9385386845620891
3341685 0.9411273316172853
3342079 1.1883319874616713
3342472 1.1564396978043217
3342866 1.4320165365034598
3343251 1.1946007226187174
3343631 1.3031895703573984
3344015 1.3179289672041827
3344402 1.457615843328424
3344790 1.6160687277171244
3345181 1.4421859997197575
3345566 1.4421796118176065
3345941 1.0338518564574406
3346322 1.3628444924191458
3346705 1.565883605061595
3347086 1.6166630774662605
3347463 1.2439779267308928
3347840 1.2788827537029492
3348218 1.3171026203312737
3348589 0.9742256358223917
3348964 0.8286970709457128
3349330 1.1917593629156817
3349699 1.4331759802317747
3350068 1.2082879926803376
3350438 1.2809554087653765
3350804 1.2775332868828428
3351173 1.3264373314930473
3351543 1.365410184774633
3351917 1.438982530877518
