332928 -0.09119975819729315
333316 -0.11245279496225619
333700 -0.08079738166480671
334087 -0.10211922048134026
334475 -0.05835971677032137
334849 -0.119534850823836
335222 -0.10400546519521059
335597 -0.12466495265154365
335991 -0.08907213242057876
336352 -0.6357345917179906
336747 -0.2511945612418224
337120 -0.1018494341641636
337476 -0.07970541626885186
337920 -0.16218320853041038
338262 -0.062250905171788336
338582 -0.15016054614053476
338951 -0.10935812113361004
339320 -0.0938119363725286
339712 -0.1028324619246799
340105 -0.09568448704449495
340500 -0.11114670811422361
340894 -0.10647779944190366
341292 -0.10107745421963565
341698 -0.08563714015731244
342113 -0.09831910336475985
342522 -0.10631887231836928
342934 -0.09078751804380134
343353 -0.10636415257287121
343767 -0.09856509873355254
344170 -0.10030030393663875
344619 -0.08866513187598699
345046 -0.0904202460025976
345472 -0.11678678657358729
345893 -0.092271404535829
346322 -0.09485773577432036
346758 -0.09301674433546264
347192 -0.10837389187227991
347622 -0.09634393988409937
348051 -0.10839491822022565
348483 -0.10671939770467775
348910 -0.10952401896206512
349327 -0.11530500547962194
349744 -0.09881724894967017
350162 -0.1157058464096373
350581 -0.10876579022510874
350975 -0.10743271809187505
351387 -0.13782127531539162
351787 -0.18858746151958145
352212 -0.19528607110257995
352582 -0.0922586968502283
352969 -0.12232475026799333
353352 -0.2008004754779822
353729 -0.1687994680858113
354103 -0.11026202715942379
354483 -0.09494875268023023
354866 -0.087723187814845
355250 -0.1204619458554636
355629 -0.09145841392073323
356028 -0.08321881833388889
356426 -0.09041764219473697
356827 -0.10570223642981214
357214 -0.07746117301306321
357609 -0.09133362734853812
358002 -0.08175386186920541
358396 -0.11904154798437147
358787 -0.11818596217439503
359180 -0.09323042137071125
359588 -0.1104346284462201
360026 -0.07993863027810227
360440 -0.11139989947250623
360844 -0.09275131099435807
361259 -0.08561857131493394
361673 -0.08818456034810315
362088 -0.20808758654954188
362491 -0.08467756444370156
