6461576 -0.058240821493606876
6461960 -0.01534589136810749
6462351 -0.03679135237159553
6462750 -0.02537461271977387
6463163 -0.035370738611793795
6463578 -0.05814112585183939
6464011 -0.0473979440559365
6464416 -0.046773768776149166
6464819 -0.03733731907527349
6465241 -0.04822427135988605
6465635 -0.06357483697706301
6466015 -0.07739005938675508
6466391 -0.05211820673891754
6466842 -0.053893187727374864
6467309 -0.06775975461323783
6467769 -0.07633793419633514
6468230 -0.08075848444505078
6468686 -0.08586830818133265
6469121 -0.06767150782944094
6469547 -0.05990209113131073
6469972 -0.05720503498323227
6470394 -0.06636609689379228
6470814 -0.07119495927317901
6471232 -0.07651183647662563
6471657 -0.05285032747500238
6472086 -0.06805690057787134
6472520 -0.06586738689961939
6472956 -0.07128696037396298
6473388 -0.06821354224280445
6473909 -0.1333884090001184
6474247 -0.3162993396648813
6474630 -0.10608662676598135
6475104 -0.02778078136224993
6475537 -0.24797803307687982
6475884 -0.21705123626872602
6476186 -0.07193036034601241
6476566 -0.07526832222223012
6476948 -0.10851381405795113
6477339 -0.04211021180405006
6477717 -0.03636118892165152
6478094 -0.05389953958083821
6478599 -0.1278208106421908
6478692 -0.7887197416010082
6478907 -0.0994666359010627
6479256 -0.02391148076559562
6479604 -0.14103611561138973
6480075 -0.01903220710392084
6480424 -0.07213985620139285
6480747 -0.05881737685564081
6481113 -0.08321174304915147
6481894 -0.1596367148724529
6482167 -2.0997402906427824
6482659 -0.08838305749733741
6483032 -0.04272802698008986
6483375 -0.04708639763804047
6483722 -0.10397417402034526
6484109 -0.0590520813095502
6484446 -0.06948804990745294
6484819 -0.0877044389688213
6485172 -0.07491212022909716
6485508 -0.09625436438101384
6485860 -0.075751792460862
6486216 -0.05108713561114542
6486574 -0.0450282940402813
6486936 -0.052787917143361895
6487302 -0.07599451688187162
6487719 -0.15908890549775723
6488084 -0.07759316432613017
6488412 -0.08134607778549796
6488791 -0.05635990747391828
6489192 -0.0930244663741174
6489543 -0.022927521991978617
6489924 -0.08607668361050808
6490302 -0.09366531704001241
6490673 -0.08943397314890067
6491038 -0.05168760371542813
