6700644 1.5005247592778295
6701094 1.537211748977356
6701538 1.3450668242034678
6701972 1.2689867278876308
6702412 1.4504409938858824
6702888 1.5290223595804702
6703342 1.3182872187479413
6703779 1.3490912632496552
6704213 1.5204504874247164
6704644 1.4369991977763792
6705076 1.202539056684888
6705508 1.4085808125960786
6705940 1.488118990680173
6706381 1.5135888754042883
6706846 1.2853014618528604
6707288 1.5781234025432396
6707728 1.0766666028128693
6708160 0.9887915554670933
6708584 0.8905198501718568
6709014 1.0295961871968153
6709444 1.0987972241163027
6709887 1.14123752681217
6710343 0.9606705724615776
6710798 1.0264502283669357
6711265 1.1045565394907433
6711755 1.168050543596481
6712229 1.0231147629561264
6712702 1.0946402233533692
6713176 1.1703565853073208
6713649 1.1665144929449498
6714114 1.051993377356843
6714578 1.1344096024513208
6715005 1.1938430543315086
6715406 1.1664854930737103
6715798 1.1432838933246119
6716190 1.1319947237187544
6716688 1.2316786468289538
6717178 1.2306630107637893
6717678 1.115401666020072
6718150 1.1496287347313443
6718632 1.2214419626821214
6719104 1.176929777057602
6719572 1.1232277422826202
6720034 1.091407295675253
6720503 1.2179729944054194
6720976 1.2319479380607272
6721453 1.153510545883491
6721937 1.1252332303425345
6722434 1.2230544791890985
6722920 1.2472861764236447
6723407 1.0783256582133545
6723878 1.1846557028556952
6724356 1.2245833172770348
6724819 1.127719186727803
6725309 1.1476633644413998
6725780 1.228005380347511
6726249 1.2689757636900498
6726716 1.1517976153642413
6727152 1.0994368855094416
6727550 1.2105470860488636
6727938 1.2301940842946566
6728320 1.1940533023611302
6728790 1.0976699230257694
6729283 1.1730815177643958
6729769 1.2321215182734908
6730236 1.1304825893335906
