5481812 0.2557333757093706
5482244 0.2426318861933226
5482655 0.2175834457497161
5483054 0.2410971185571416
5483442 0.2752645535669114
5483874 0.26748800113288673
5484318 0.2558733942570464
5484760 0.24182998820784724
5485178 0.23788208527303467
5485568 0.2709306886176618
5485994 0.27338093261229834
5486427 0.26222878280986883
5486866 0.24278545427392018
5487292 0.25001792847530024
5487684 0.24709258503080955
5488120 0.257768805516134
5488580 0.2522063872357314
5489026 0.2382279840412871
5489453 0.22531774752986494
5489848 0.25061773222698064
5490281 0.2721607657460492
5490746 0.25468036272468136
5491195 0.2682832481705756
5491628 0.21326045362181195
5492035 0.23300928696629003
5492419 0.25502136210713444
5492836 0.24785304402139002
5493252 0.24363527966883625
5493682 0.23140769015159668
5494091 0.2019130062270632
5494492 0.23261113691487945
5494911 0.24487583807642493
5495388 0.25005241941137357
5495872 0.25363753309552894
5496320 0.20892403369428436
5496749 0.2548389705248907
5497188 0.2553999702130293
5497666 0.2518971263112018
5498120 0.24612024563686374
5498573 0.24923341899498097
5498999 0.24285347792585554
5499438 0.2738823266070276
5499901 0.2673258342743361
5500359 0.2548339488033299
5500786 0.2551725189570102
5501202 0.26121695536065603
5501621 0.255986356089668
5502067 0.2667926965205429
5502508 0.2550483201105233
5502954 0.2585571059090486
5503389 0.2310182033142907
5503801 0.24202889650366044
5504218 0.27052974467660823
5504660 0.2718316017048583
5505123 0.2587529243026687
5505593 0.23038694464033757
5506020 0.20283180160419073
5506468 0.26384616983169606
5506925 0.2527010383122916
5507387 0.2517258540540514
5507822 0.22065932206402883
5508244 0.21984229743318612
5508656 0.2535151089932691
5509075 0.27314264591063375
5509503 0.25246097950243745
5509935 0.23611203566851988
5510360 0.22404713004632423
5510739 0.24788411326844503
5511163 0.25546780988073015
5511614 0.2507915099423476
