5571709 -0.38893237642047784
5572107 -0.4505149231512715
5572508 -0.4481320876051579
5572914 -0.42799558249266756
5573310 -0.3713743774476603
5573711 -0.34958411838224007
5574110 -0.432391826518252
5574514 -0.41785967765256044
5574906 -0.29314559670818807
5575302 -0.3462664052888064
5575700 -0.338312779373409
5576100 -0.2767293201548514
5576501 -0.42785573662808973
5576893 -0.42550902172246163
5577294 -0.4070226658811106
5577678 -0.36946574290344625
5578081 -0.33980496391479886
5578346 -0.0173020048391459
5578475 -0.36854603670404495
5578873 -0.3798537711625246
5579268 -0.3278415104327723
5579663 -0.30088129493750104
5580054 -0.31287291302412046
5580311 -0.06069631062359976
5580445 -0.3227405377385743
5580826 -0.2904175468736642
5581105 -0.11105521249854705
5581215 -0.34547277149833006
5581601 -0.3599123785592446
5581986 -0.24878404907626717
5582373 -0.39826277717866665
5582761 -0.36199241950914884
5583138 -0.381994593990366
5583525 -0.3503478883651209
5583854 -0.06683024748649402
5583914 -0.4282983062383653
5584155 -0.21257641843054131
5584300 -0.39154369920453647
5584690 -0.40834942751280434
5585091 -0.41585455535442845
5585489 -0.4008523624485858
5585874 -0.21313663278559863
5586272 -0.34323737429306167
5586669 -0.3610839712410302
5587055 -0.34575033586774195
5587255 -0.31094740239739344
5587446 -0.35874427647774676
5587830 -0.2816125279529735
5588219 -0.31687092634625647
5588606 -0.37829830023780675
5588999 -0.27227994630131147
5589389 -0.3775861645167601
5589781 -0.40984561916007534
5590179 -0.306151620506695
5590661 -0.3770016451604352
5590976 -0.30985870777212476
5591375 -0.3305625990313462
5591779 -0.2201597188970827
5592169 -0.28708051858108624
5592569 -0.35717214929392405
5592981 -0.38899327215754537
5593387 -0.3653763124982915
5593800 -0.36174528481792684
5594218 -0.3133453074933305
5594635 -0.2883931741885774
5595057 -0.32714523209337865
5595457 -0.3560981909866965
5595864 -0.4937510166736891
5596270 -0.3111686545736565
5596661 -0.3516888151604515
5597071 -0.3220018338916841
5597481 -0.3728971463908249
5597885 -0.3296206578477547
5598287 -0.29868463926633704
5598702 -0.36383318049893537
5599110 -0.35295644208849963
5599521 -0.3199360048599852
5599933 -0.33303751448382457
5600340 -0.317694301231351
5600756 -0.38965219959426595
5601165 -0.3469707638381798
