4764329 0.4112101312137569
4764670 0.3666878988473692
4765010 0.31562625412682205
4765704 0.4175677015820122
4766054 0.41986517762646763
4766404 0.5311125709641743
4766754 0.39141165626007723
4767105 0.42719860650081065
4767452 0.5287027870861547
4768304 0.02569371226994006
4768487 0.3963975466238682
4768825 0.23713030430418158
4769163 0.30971284655698866
4769499 0.3704308285781287
4769832 0.3911964217801678
4770168 0.34114015138234866
4770511 0.32673245474537405
4770855 0.33640581964154403
4771202 0.30737581192787755
4771548 0.39284536990473584
4771893 0.3185254382080702
4772240 0.21863550975773177
4772589 0.312992397856858
4772952 0.33966547450227014
4773322 0.3431359165424258
4773718 0.32120898122185215
4774129 0.30281064846690325
4774547 0.27588711546409317
4774951 0.2411938243570831
4775353 0.23647363064929644
4775736 0.2655254651895924
4776160 0.2543219231593432
4776585 0.24245490705107423
4777022 0.2397397267645573
4777457 0.23418444389178206
4777882 0.23998507260744872
4778287 0.28594287247678973
4778695 0.289766671449459
4779092 0.2110238870763384
4779476 0.24569708401343715
4779875 0.23216361619735237
4780265 0.2690613244769196
4780664 0.2819435788605077
4781060 0.245749846894212
4781454 0.25714161257587137
4781830 0.21947754222705712
4782217 0.22481511689485456
4782598 0.23695990941757067
4782976 0.16671963763735442
4783341 0.2745671847551425
4783701 0.2495231154803778
4784046 0.3103159860939711
4784389 0.3708622195241279
4784723 0.31004658830547704
4785055 0.39112561577234406
4785384 0.27070220651487814
4785710 0.3870042061908306
4786035 0.34530794552798605
4786363 0.33063256734528934
4786696 0.38889356278553455
4787036 0.38367992463585304
4787367 0.35276975890775214
4787711 0.3507511956563992
4788053 0.3421051332869124
4788392 0.31161378154853964
4788729 0.39773695425421707
4789065 0.35303714852322976
4789398 0.41591042075922535
4789733 0.22288886175631695
4790068 0.3534876885623448
4790399 0.3833633385609775
4790738 0.37212058641597767
4791077 0.3504544749931121
4791419 0.3979643960000866
4791789 0.364335954883649
4792138 0.2908009202148022
4792487 0.2926093894200505
4792840 0.3890224693031896
4793199 0.31431753611831403
4793544 0.38886117194809383
4793889 0.3078115687300461
