3716534 -0.25752659726316696
3716918 -0.24638209108065967
3717283 -0.31929974075802336
3717647 -0.2837560679206613
3718024 -0.2821930798454385
3718402 -0.318620216393659
3718776 -0.19159946536286832
3719166 -0.30104490466659983
3719547 -0.25329424903635045
3719960 -0.24511814090867295
3720407 -0.24932672586030113
3720844 -0.23111259805745737
3721267 -0.25045461519494056
3721683 -0.2979226918953656
3722087 -0.33545680313899046
3722490 -0.2987787349435575
3722897 -0.27554336195227186
3723285 -0.3205168096521763
3723679 -0.3072467294360775
3724076 -0.24394773588947727
3724506 -0.22996200600234418
3724929 -0.23411693081621143
3725355 -0.2658822638569235
3725752 -0.2802136552347657
3726169 -0.239282332973497
3726576 -0.23868839694669375
3726987 -0.230214539246136
3727381 -0.2700874593552008
3727781 -0.22505421078495313
3728177 -0.2842050277965631
3728594 -0.2336052969449271
3729019 -0.21548999399252222
3729463 -0.27053614446794283
3729876 -0.3015953525263403
3730290 -0.20535635740719876
3730706 -0.25988149415058936
3731141 -0.249751375160147
3731574 -0.3129857288233418
3731989 -0.25586798438440284
3732409 -0.24934010491716713
3732858 -0.26102538893928384
3733301 -0.2716441692237951
3733727 -0.2923111658480295
3734141 -0.27014880237329786
3734548 -0.27197635401972264
3734961 -0.32655462420246717
3735377 -0.27413697056264963
3735800 -0.2917856972908872
3736212 -0.2676743266107147
3736624 -0.2083916575957374
3737040 -0.23020885608816466
3737450 -0.2670378140173777
3737847 -0.3186073894030192
3738240 -0.27134816103966286
3738654 -0.21706295537782216
3739068 -0.25101003565141566
3739471 -0.30770912151140867
3739865 -0.31452402817142805
3740262 -0.22522825133329538
3740668 -0.2520704196996356
3741071 -0.2666450838156239
3741479 -0.26167297711314996
3741874 -0.28047705578217863
3742268 -0.2630616454726484
3742652 -0.2783491891470262
3743041 -0.24547789241507
3743426 -0.22454960379213162
3743838 -0.26083019473493896
3744241 -0.21836398542434854
3744651 -0.1818197010287067
3745072 -0.24455859313577544
3745484 -0.30935393872881317
3745893 -0.2724821876921325
