6261095 -0.4460106123702825
6261406 -0.6215788647197993
6262039 -0.5102141560933492
6262357 -0.4315459634807803
6262681 -0.4844293470655887
6263010 -0.5469285572380331
6263344 -0.3889076410479903
6263688 -0.39521390649348703
6264044 -0.41177344223080736
6264405 -0.4233695517708273
6264762 -0.35117578574789005
6265136 -0.413162056092433
6265512 -0.39347446128008956
6265894 -0.3705254168166479
6266259 -0.3908006525117894
6266638 -0.4357886849871011
6267019 -0.3780363634568861
6267387 -0.3896678775189145
6267745 -0.34149779968482824
6268109 -0.33247294770284486
6268465 -0.35439863771431646
6268825 -0.337477418588522
6269192 -0.27061714354999944
6269602 -0.17380614391463534
6269911 -0.26610485087100955
6270262 -0.26898455391397325
6270609 -0.30074834114489946
6270956 -0.31524304025931627
6271309 -0.32493354433292676
6271654 -0.30549909269570064
6272003 -0.26570558163093927
6272349 -0.2489347580445379
6272693 -0.3257811985044201
6273034 -0.29907341459060643
6273374 -0.25499887372597463
6273714 -0.24449208250040377
6274049 -0.25118189220916265
6274384 -0.2827274746897839
6274722 -0.3333626781661728
6275055 -0.34119125724693156
6275400 -0.32738465852277243
6275758 -0.2835539249301382
6276124 -0.2879802290207437
6276494 -0.3388831687921135
6276846 -0.24922138143031727
6277205 -0.4029367363070239
6277565 -0.3807944317511312
6277917 -0.3934381835782891
6278271 -0.4027181627194404
6278643 -0.39024334746096073
6279016 -0.36359883056409803
6279377 -0.3610429726105581
6279741 -0.40224416373729244
6280103 -0.39404585519601637
6280465 -0.4270294507809861
6280815 -0.3893502685542479
6281179 -0.40893451696015815
6281541 -0.3992985559887433
6281888 -0.3023216939513393
6282246 -0.23042350184553184
6282603 -0.25213205843794123
6282951 -0.24530503547682797
6283301 -0.2713658182406476
6283644 -0.2686769501573996
6283990 -0.24001757183322375
6284347 -0.2309751932978239
6284708 -0.2583240073686897
6285072 -0.2658317915805574
6285430 -0.24690416420885475
6285792 -0.2659045557735641
6286157 -0.25868757398542636
6286526 -0.3075710361307107
6286897 -0.2956684890488091
6287253 -0.21523009354086875
6287629 -0.31182380901838475
6287969 -0.2875606268262202
6288324 -0.21987999392067314
6288675 -0.31636379850653257
6289024 -0.37962730002427564
6289368 -0.3465322388568073
6289714 -0.3283096473831424
6290064 -0.28661469106280374
6290417 -0.29202886706857545
6290769 -0.3167196120523849
