3476783 0.3702419654010938
3477328 0.3643454375614978
3477874 0.3334460973701766
3478360 0.35263778895830705
3478865 0.3715574909818876
3479364 0.3731769642804025
3479865 0.3638136961143821
3480354 0.349041315358071
3480822 0.32771448229517264
3481310 0.3896777826305867
3481814 0.3865857508065361
3482318 0.3535798952413877
3482787 0.33872969901271965
3483272 0.3887909495959588
3483777 0.3827938190705527
3484287 0.3716090294678903
3484798 0.333678809279385
3485283 0.3811447634888897
3485784 0.36988680048142997
3486276 0.3442730793121655
3486733 0.30965034165022143
3487180 0.35640024135277026
3487680 0.3885442197067098
3488177 0.38307160821167086
3488655 0.30547540619523317
3489096 0.2464625547359045
3489585 0.36378675758019424
3490066 0.3777859912621393
3490557 0.3397591860143654
3490993 0.23655465520567612
3491457 0.35014530390751064
3491934 0.3670967698015213
3492425 0.3530374664622765
3492876 0.2815755289455329
3493328 0.33355406797462506
3493841 0.3735922204313778
3494394 0.372696152891348
3494926 0.3648937236271108
3495421 0.33396693760746593
3495881 0.3318704407025669
3496404 0.3740749073818244
3496965 0.3778903310667543
3497505 0.36874854085565123
3498056 0.3365111347614735
3498546 0.33959552844724206
3499065 0.3694825502958248
3499591 0.3668780130450117
3500155 0.37449965941298324
3500664 0.34815844331103435
3501153 0.37353263664381
3501678 0.37686179249977264
3502243 0.3711839616682682
3502807 0.3508773635686449
3503351 0.33912580574025863
3503855 0.3803131237489688
3504375 0.370642666456492
3504939 0.3568412517940004
3505431 0.34120212951665696
3505896 0.33960173002520555
3506410 0.3789292069065773
