872364 -0.22302269408420494
872847 -0.237972973713239
873306 -0.3016708737763676
873777 -0.29898919477002367
874296 -0.21794754878216055
874775 -0.2289488578115798
875232 -0.29431585652637365
875685 -0.2995244970039178
875995 -0.19741185157113122
876617 -0.20940943486713404
877128 -0.24010136443605368
877567 -0.3181192582443479
878042 -0.18825453028694517
878467 -0.20829268033921544
878863 -0.1783369619417453
879222 -0.16103403942918604
879581 -0.18625377958383682
879923 -0.18787616458064693
880256 -0.14764214795671649
880584 -0.18588542773555117
880912 -0.19841111464555128
881241 -0.15896734701337645
881566 -0.16999107310951878
881908 -0.20544146999029939
882258 -0.21561650612197625
882613 -0.22467817915884342
882985 -0.22673632807241517
883351 -0.18074055968796776
883718 -0.1619544786832357
884098 -0.2144949250622099
884496 -0.2166944078994738
884902 -0.2366633660472004
885326 -0.22555606257705668
885869 -0.2275190690587835
886339 -0.2411756459669866
886812 -0.23520243686183873
887257 -0.21637585670640164
887694 -0.20291162564655724
888149 -0.22067540287525872
888620 -0.2249675287602429
889105 -0.24760848372784744
889572 -0.24091590000790852
890077 -0.26261374803580473
890531 -0.26959291556801035
890972 -0.23769840240260404
891440 -0.24186303034376122
891922 -0.240360950933647
892393 -0.24682729782772617
892883 -0.26290237772102715
893347 -0.2824949556445531
893800 -0.2786947557625329
894266 -0.23620931163567677
894790 -0.23408558960354503
895289 -0.2514944952306403
895768 -0.28257346197100736
896247 -0.27257504372704805
896750 -0.23656747190072946
897264 -0.24467523926585072
897755 -0.2817704906532072
898231 -0.29601877714939034
898691 -0.24014904943228255
899176 -0.23906358258179727
899661 -0.2377825956846164
900124 -0.3144203918992049
900567 -0.27444767531944775
901043 -0.23372558231235174
901489 -0.23584067979028162
901951 -0.2408974121633859
