3656174 -0.1409774398071585
3656583 -0.2702169323092097
3656975 -0.3647231207553104
3657388 -0.30876003335212937
3657796 -0.26935481018924234
3658196 -0.26448467440009243
3658572 -0.349181157289711
3658963 -0.31206209687469844
3659341 -0.29272138630027544
3659721 -0.2839619533506323
3660118 -0.2598959915823008
3660494 -0.31172302888105763
3660858 -0.2975046127774642
3661223 -0.28558023598628024
3661586 -0.2820273234664519
3661948 -0.29661671728745487
3662330 -0.23779272164664988
3662722 -0.2652460792348399
3663137 -0.270510087158939
3663544 -0.2396941103876542
3663958 -0.2191803733429903
3664382 -0.23066256087931092
3664811 -0.25529961486333186
3665242 -0.2513716233131903
3665674 -0.2513638718063044
3666109 -0.24074546577856504
3666546 -0.27628482341192995
3666993 -0.23408700654522901
3667442 -0.23745281723517958
3667890 -0.23686837038434644
3668324 -0.3622409979653825
3668768 -0.24744065828421036
3669184 -0.2793838935970748
3669613 -0.34849561497170656
3670043 -0.18662661452794171
3670476 -0.23232455661021312
3670914 -0.23341166833036753
3671356 -0.23784391085538664
3671767 -0.3550698574989663
3672187 -0.22768556353312996
3672606 -0.24764136918767987
3673032 -0.2411263371974765
3673447 -0.3490662379795597
3673871 -0.20295177615662902
3674296 -0.2337387104186771
3674715 -0.29198641150925625
3675121 -0.26611096431961606
3675546 -0.23059086165579973
3675974 -0.24653224152557196
3676403 -0.2352241377691689
3676817 -0.38428069554375943
3677240 -0.26765076896864687
3677663 -0.3158734080125978
3678071 -0.356379685656888
3678470 -0.33088635228761787
3678859 -0.3901351662451548
3679268 -0.30805932047002627
3679662 -0.3157624488976
3680083 -0.2976716701686619
3680508 -0.29457537095495945
3680933 -0.35821449355248147
3681343 -0.3197562270822931
3681770 -0.2828881759100166
3682207 -0.30641628183636843
3682617 -0.3658650222361378
3683039 -0.27976067188802384
3683467 -0.2894945286330302
3683889 -0.3771736868930291
3684300 -0.31300843728930516
3684732 -0.2745765923624231
3685166 -0.27907959507356117
3685594 -0.35862152524900204
