123838 0.2857544148149742
124216 0.24489492725117998
124339 0.23682391139690545
124584 0.46600041011515864
124762 0.13220750862470448
124955 0.3326693882735273
125317 0.4361650893406769
125682 0.4284591325148944
126041 0.4756933342058897
126780 0.44283210063432255
127155 0.4802544658503514
127517 0.41561854779208973
127886 0.4999875064734041
128255 0.44782442481188184
128615 0.4598851465673639
128980 0.3606696053131555
129341 0.3891991614148916
129715 0.36335110362250367
130089 0.44454732141257514
130463 0.4210759739680161
130834 0.37766632169747627
131209 0.38209575673070917
131960 0.4782751953308538
132334 0.43268509315790293
132698 0.47059303194300156
133066 0.42393592212369835
133423 0.317057141647086
133799 0.34048462301683685
134169 0.22234294313383385
134535 0.2914528534217278
134903 0.3714718696913838
135271 0.36115505359168
135622 0.27212653373174456
135990 0.3458316944969726
136351 0.4391982432406477
136703 0.25604848269581765
137069 0.3717880410799945
137429 0.5679077412968824
137769 0.35587846737364115
138124 0.4080035995154657
138512 0.3795803030157153
138880 0.2714044880941581
139260 0.31673339910465254
139644 0.37643571055822833
140024 0.2959207589951034
140404 0.29317635666392805
140777 0.3740894373561305
141163 0.42953949502487043
141546 0.5115827402602595
141921 0.3460537174347158
142296 0.3476546558825907
142676 0.42919898754471114
143057 0.4326271247104067
143442 0.4821956105265821
143821 0.4309513593097602
144206 0.45336380246183244
144595 0.3692492789530448
144979 0.3880738149923526
145374 0.3992535950885395
145770 0.41497778584160894
146162 0.43407121866228937
146539 0.43389981153336005
146925 0.4873009584793514
147319 0.4727224032740359
147709 0.34742664663226513
148099 0.4765181859793193
148483 0.3511748669741601
148873 0.5257968394328534
149256 0.2573608383246171
149637 0.3903173926822053
150020 0.4101290443263966
150402 0.45549009870488977
150782 0.5288846144234212
151164 0.457403490136811
151544 0.5919589993341585
151921 0.339254037424769
152298 0.48294769964029055
152674 0.5946972417130763
153049 0.5153226271830254
153416 0.47301874758135626
