4015779 0.38274709182956285
4016156 0.3732548005981907
4016532 0.4141139033457626
4016913 0.42999895606761374
4017293 0.4106915219419133
4017670 0.3719292161274712
4018055 0.43302947850815704
4018435 0.3506256472637573
4018810 0.42692869079213497
4019174 0.4109344493024294
4019543 0.48528484830005375
4019897 0.4757718652997
4020253 0.48189810164508606
4020615 0.4865980240948872
4020982 0.4585877846841717
4021352 0.4388634000163675
4021729 0.4362950510473051
4022108 0.41009672122444596
4022483 0.36716597873606105
4022860 0.3851068043168195
4023241 0.4316313154339376
4023621 0.40855143755591505
4024013 0.3679395943024021
4024405 0.5040488805491331
4024790 0.4940612036782651
4025170 0.39263185509373394
4025560 0.5557906888559935
4025951 0.5958124067058466
4026341 0.5139082173903108
4026731 0.5584164181405504
4027129 0.6138011344490687
4027521 0.5163381131179745
4027915 0.5728385490651933
4028311 0.5328774114841124
4028706 0.5127999819205094
4029088 0.5139207365865621
4029483 0.5467388250610965
4029877 0.5305426853654749
4030261 0.3950152449441926
4030652 0.5665488333592414
4031033 0.44191609405956433
4031407 0.41315121731841975
4031796 0.5066016826487514
4032186 0.4999294585918329
4032581 0.6701539384228226
4032968 0.4964011723148859
4033337 0.3918693470093162
4033723 0.6667557052284414
4034110 0.5816342777670651
4034488 0.4564162694389174
4034870 0.5814431004807694
4035247 0.4410879698958848
4035624 0.4994846156547304
4035994 0.538793322653415
4036361 0.47751294877050743
4036720 0.5249100180540357
4037094 0.45392718704023494
4037463 0.4698694255811437
4037856 0.5510781905642761
4038251 0.5555444805202847
4038627 0.6189961813374404
4039011 0.46790490908009014
4039240 -0.00783279827881056
4039381 0.41551396880697766
4039747 0.3822295935267999
4040118 0.4519626500314065
4040492 0.24480322504822297
4040867 0.49077849854473365
4041235 0.5153513706628278
4041359 0.3654770975515927
4041616 0.4809234433597908
4042011 0.49654197046592286
4042398 0.4438004921290486
4042778 0.45044708896073515
4043186 0.4417931250266556
4043581 0.3534198427455578
4043974 0.5114497057306703
4044373 0.5198349461220625
4044761 0.47228394479280095
4045149 0.5111617383931395
