3626287 0.23131748230565052
3626658 0.26446100138448453
3627024 0.3100554743390387
3627413 0.30569211618047887
3627805 0.3065888183780947
3628202 0.26344716180052113
3628587 0.22509795288899664
3628955 0.2861950183090576
3629324 0.3148885696145863
3629696 0.3139775301785823
3630078 0.30532051646998826
3630465 0.26792973382334845
3630852 0.28424664455248744
3631241 0.3156448951893527
3631626 0.31800419632259436
3632027 0.3149488926804413
3632436 0.3102476363649978
3632849 0.26704630590569234
3633245 0.24898990669187157
3633629 0.3105964449410649
3634006 0.3093152858789019
3634389 0.28771405637078484
3634783 0.31274261351099736
3635187 0.24500123225202977
3635576 0.20666212745174617
3635956 0.28578377092357643
3636320 0.30874970942806
3636691 0.313418849949919
3637083 0.29594485214073984
3637477 0.3138369151411805
3637871 0.24557426856261708
3638268 0.20297027134320483
3638642 0.29971962840260247
3639051 0.3224032217452063
3639454 0.3082445138473001
3639869 0.31767122465980047
3640285 0.26796652845064195
3640695 0.21352781900723455
3641082 0.2736434797618298
3641485 0.32155915356270526
3641898 0.32597496037265616
3642321 0.31585431595059943
3642750 0.28257644176649277
3643171 0.28151276922977964
3643598 0.3304943609862374
3644030 0.3297188733910353
3644471 0.3024491872138837
3644910 0.2772399954679453
3645332 0.2621412504077261
3645738 0.3147253701626527
3646135 0.3249831393470406
3646570 0.3307051451836971
3647027 0.3246491952955659
3647508 0.3228773652011579
3647958 0.30835872793203106
3648399 0.3201513096033069
3648849 0.28586327613992923
3649284 0.2656972513512555
3649697 0.3137967506079046
3650097 0.32278401809517787
3650507 0.31373919498093983
3650936 0.3213962749807363
3651356 0.28201758406797806
3651769 0.28693920966280106
3652169 0.31411590386979626
3652568 0.318185562253383
3652978 0.3198211089889663
3653388 0.28882136370293954
3653794 0.27382231445592187
3654208 0.3304745085667604
3654627 0.32667226858545534
3655054 0.32487938560499113
3655475 0.2654347360716274
