1920051 -0.31560323222396536
1920400 -0.2570795035399983
1920741 -0.32576361160843614
1921081 -0.34331269849007584
1921416 -0.3279741895521364
1921743 -0.31192268790810407
1922080 -0.3564175132198843
1922424 -0.29837801846658896
1922765 -0.3287026412415532
1923108 -0.3810894699532661
1923452 -0.35410180905310745
1923793 -0.34662095423264866
1924125 -0.33642451668683426
1924465 -0.35279627435400873
1924800 -0.3084222952698704
1925144 -0.36973514114315553
1925485 -0.3061432142261742
1925828 -0.3297225298784703
1926182 -0.39473541885175734
1926539 -0.31894163850491974
1926890 -0.3229632021250445
1927235 -0.3074763385728982
1927584 -0.28616564065287065
1927933 -0.2582055649668733
1928273 -0.3784169443520795
1928617 -0.1320244259707739
1928960 -0.23892288531447203
1929286 -0.21412644595891717
1929606 -0.2539175197784249
1929916 -0.2655952116409759
1930223 -0.262485635595586
1930525 -0.3221730304623045
1930896 -0.5787138824591854
1931131 -0.407621484981986
1931476 -0.3493104799901193
1931780 -0.16426015217332934
1932261 -0.28309989225221677
1932457 -0.39515117005807665
1932788 -0.3747399147305497
1933042 -0.147301647401326
1933133 -0.2581751266078016
1933470 -0.23392319258816263
1933868 -0.3577549109588347
1934195 -0.2008364655509698
1934565 -0.41911574969183785
1934928 -0.30160056855121986
1935291 -0.23002291261446517
1935656 -0.37803169915115453
1936014 -0.23949996597669798
1936375 -0.27003934337137725
1936744 -0.2742562714686758
1937121 -0.38527084763625963
1937499 -0.3471857353981658
1937886 -0.341539642901022
1938268 -0.3641366821987271
1938659 -0.29549584384506855
1939056 -0.2619183546995212
1939446 -0.2195447399616267
1939846 -0.2472516800281156
1940235 -0.2866048052873795
1940631 -0.21919416078049647
1941034 -0.19769655735694558
1941446 -0.25133379671619704
1941865 -0.23298914389311465
1942290 -0.22920691239414204
1942731 -0.25987246455675583
1943197 -0.30750267620073046
1943623 -0.27994091987044833
1944035 -0.280133519704665
1944325 -0.1050745489975704
1944545 -0.2807369979648612
1944842 -0.2661171833336255
1945245 -0.1885002426161482
1945648 -0.3412850292697961
1946037 -0.17041488148642017
1946508 -0.28139401244948675
1946790 -0.23455941934860755
1947178 -0.28592743823475375
1947565 -0.22429221357994916
1947943 -0.24925125753225186
1948323 -0.30870114933480336
1948702 -0.5104565789490412
1949076 -0.23576322524161997
1949456 -0.22023743904503926
1949826 -0.24981249688062201
