4614127 -0.23637725267890453
4614501 -0.2529798206160083
4614867 -0.24950567311925664
4615240 -0.24721467717908818
4615603 -0.24557550137589146
4615978 -0.2004939240186785
4616357 -0.21586487304433755
4616717 -0.2500004753028612
4617118 -0.2739637287481298
4617522 -0.19983375529895797
4617934 -0.22934015959306364
4618367 -0.2247107087535587
4618829 -0.22458646939782745
4619275 -0.24694752241836793
4619674 -0.27057471376265446
4620090 -0.24272960832801665
4620495 -0.22609387166068823
4620905 -0.27175198700716285
4621323 -0.24088612934431552
4621709 -0.26383559933388023
4622122 -0.24324015858623554
4622536 -0.2695883935066585
4622932 -0.2612033733762917
4623332 -0.23701914791402667
4623752 -0.2458990273932657
4624167 -0.2470878431453899
4624558 -0.2240677979786696
4624979 -0.24915548342007943
4625398 -0.2598101399877215
4625786 -0.28538879654729793
4626197 -0.24039365872258195
4626598 -0.2511199207736776
4627002 -0.21292015797810082
4627418 -0.23425690070754923
4627831 -0.25515512362684306
4628225 -0.28605402956506315
4628635 -0.23509237437842823
4629056 -0.23856605511488216
4629470 -0.23530174782751606
4629874 -0.2541669428308884
4630268 -0.23577401601488784
4630687 -0.2440506228594952
4631102 -0.24585807147173888
4631504 -0.29445984981636014
4631905 -0.274885313215197
4632322 -0.1914436938810649
4632736 -0.20320653835562275
4633125 -0.24933188872503792
4633529 -0.21509248927883795
4633947 -0.18023666286461848
4634362 -0.22771790532935154
4634768 -0.2199934269275532
4635179 -0.2364836932033459
4635565 -0.2294116422046425
4635975 -0.18414355145760308
4636382 -0.21249072991368467
4636778 -0.16919586001024955
4637171 -0.1770904755198347
4637431 -0.3173786182910102
4637946 -0.18428492547172787
4638369 -0.19051170026958192
4638767 -0.19824248199847916
4639177 -0.20047732714557165
4639589 -0.20329042480074677
4639978 -0.21230769455297954
4640388 -0.2836727490494707
4640808 -0.17572494379877068
4641213 -0.2041824325757191
4641609 -0.20446785451155014
4641998 -0.19906520342355166
4642396 -0.2114345324941065
4642787 -0.22213883919196997
4643190 -0.22420336768754545
4643604 -0.2286037374646192
