782541 0.43975295503727796
782931 0.4322815690348516
783337 0.4713438197581562
783735 0.32349059391816776
784114 0.3853250116455723
784507 0.5248324532638601
784885 0.438072289618852
785252 0.6697226287827245
785635 0.43013281556546795
786008 0.4175739868603031
786384 0.34830849736655317
786755 0.4973884983209137
787134 0.20593940739920424
787508 0.4220603679048744
787890 0.4903118012976553
788278 0.5751291194908462
788676 0.5167171120378908
789080 0.5170809177769894
789470 0.6095552063495483
789875 0.5864933889097388
790284 0.5793383311567977
790686 0.6417740702705381
791104 0.5153923560429976
791255 0.14565850528676955
791512 0.47115551682665724
791911 0.43145469872819747
792304 0.4838174762202301
792702 0.5320808889961706
793098 0.5623403593102259
793492 0.4124004910352143
793888 0.4255695391906773
794285 0.6132885927948757
794670 0.4352971269393524
795047 0.5114904013502242
795421 0.4660717373598153
795801 0.6042610333160828
796171 0.4427485989508231
796536 0.44002852831685085
796905 0.5762318720745088
797281 0.5088137479661369
797650 0.4159759981850116
798014 0.4365698365528096
798397 0.518444627991489
798797 0.5279294405874976
799214 0.4366094483189392
799613 0.45671873415663183
800031 0.5212460634038907
800485 0.536622088961959
800907 0.39178035765164965
801300 0.34637294888722786
801714 0.44769673375546476
802126 0.5222712057830743
802555 0.4483214765407211
802965 0.4523007490204923
803399 0.5026814416090644
803844 0.5032554994177812
804272 0.451715081587868
804695 0.46387411914972254
805126 0.48523334205948987
805551 0.4164023368325628
805977 0.4471807102432562
806405 0.4895728997456972
806830 0.5186155409382298
807247 0.41885652647885196
807660 0.43908123631857043
808087 0.5086728722362585
808513 0.5124398480408554
808924 0.43992555250327847
809331 0.44781520545482806
809761 0.4964175712081009
810189 0.5103860835844646
810601 0.43756792208683204
811011 0.42407343080327586
811444 0.5033020499086075
811868 0.4266814738570883
812291 0.46021176198905916
