66.72
66.50
66.37
66.22
66.27
66.70
67.44
68.03
67.66
66.88
66.86
67.12
66.87
66.40
66.21
66.72
67.82
68.72
68.98
68.58
68.14
68.13
68.19
68.24
68.66
69.36
69.96
70.06
69.58
69.14
69.17
69.74
70.57
71.20
71.16
70.50
70.07
70.08
70.30
70.90
71.87
72.51
72.75
73.20
72.78
70.90
69.58
69.52
70.17
70.99
71.56
71.85
71.45
69.56
67.18
65.69
65.41
66.24
67.49
68.47
68.62
67.86
66.50
65.08
64.16
64.49
66.12
67.56
67.86
67.30
66.58
66.49
66.67
66.62
66.74
67.17
67.16
66.95
67.95
69.36
69.12
68.26
68.16
68.11
67.79
67.79
68.24
68.86
68.93
68.10
67.42
67.32
67.06
66.79
67.29
68.18
68.64
68.35
67.56
67.18
67.35
67.46
67.42
67.46
67.79
68.37
68.38
67.68
67.13
66.97
66.97
66.96
66.91
67.27
68.06
68.34
67.97
67.79
67.73
67.40
67.29
67.83
68.65
69.23
69.11
68.55
68.19
68.00
67.84
67.98
68.53
69.26
69.62
69.09
68.44
68.42
68.49
68.45
68.74
69.37
69.94
69.84
68.92
68.36
68.46
68.46
68.48
68.97
69.52
69.62
69.17
68.48
68.16
68.18
68.28
68.59
69.05
69.01
68.47
68.13
67.88
67.35
66.91
66.96
67.59
68.45
68.72
68.39
67.98
67.69
67.58
67.57
67.71
68.21
68.76
68.68
68.15
67.66
67.34
67.18
67.02
66.94
67.16
67.48
67.52
67.50
67.63
67.76
67.91
68.33
69.02
69.68
69.72
68.88
68.11
67.88
67.87
67.76
67.38
67.29
67.92
68.72
69.07
68.57
67.68
67.33
67.26
67.01
67.03
67.62
68.37
68.81
68.52
67.89
67.55
67.38
67.15
66.81
66.59
67.04
67.90
68.37
68.15
67.39
66.90
66.96
66.85
66.62
67.11
67.97
68.33
68.12
67.66
67.33
67.27
67.24
67.14
67.03
67.29
68.12
68.73
68.50
67.78
67.08
66.84
66.82
66.62
66.74
67.53
68.20
68.13
67.31
66.45
66.41
66.67
66.45
66.44
67.11
67.81
67.98
67.49
66.74
66.42
66.71
67.51
68.13
68.08
67.59
67.06
66.86
66.96
67.12
67.49
68.09
68.36
68.07
67.55
67.15
67.09
67.28
67.61
68.24
69.00
68.95
68.18
67.70
67.57
67.57
68.05
69.03
69.60
69.41
68.88
68.33
67.95
67.91
68.25
68.71
68.97
68.74
68.19
67.68
67.37
67.27
67.26
67.42
68.01
68.49
68.03
67.35
67.24
67.24
67.18
67.57
68.34
68.88
68.79
68.03
67.48
67.46
67.22
66.92
67.49
68.46
68.73
68.41
67.93
67.61
67.55
67.65
67.97
68.58
68.98
68.78
68.29
67.76
67.23
66.84
66.81
67.32
68.31
68.85
68.46
67.91
67.50
67.11
66.96
67.35
68.02
68.56
68.57
68.05
67.54
67.40
67.84
68.40
68.54
68.09
67.32
66.96
66.86
66.46
66.39
67.33
68.37
68.59
67.91
66.96
66.79
66.97
66.63
66.57
67.48
68.42
68.62
68.17
67.51
67.16
67.12
67.21
67.52
68.01
68.22
68.00
67.50
66.99
66.73
66.87
67.41
68.13
68.63
68.43
67.80
67.49
67.41
67.32
67.52
68.14
68.81
69.04
68.39
67.56
67.42
67.61
67.72
67.70
67.86
68.65
69.43
69.14
68.58
68.51
68.39
68.00
67.65
67.69
68.33
69.06
69.30
68.85
68.06
67.69
67.71
67.76
67.91
68.31
68.87
69.28
69.04
68.52
68.52
68.65
68.55
68.88
69.79
70.47
70.45
69.75
68.98
68.60
68.40
68.41
68.95
69.76
70.25
69.89
68.84
68.34
68.26
67.57
67.12
67.97
69.01
69.19
68.56
67.70
67.34
67.26
67.05
67.22
68.02
68.73
68.79
68.14
67.31
66.95
66.78
66.58
66.85
67.74
68.63
68.89
68.11
67.25
67.27
67.40
67.14
67.28
67.97
68.51
68.38
67.42
66.58
66.49
66.47
66.30
66.70
67.55
68.01
67.88
67.35
66.89
66.83
67.14
67.67
68.19
68.48
68.43
68.14
67.75
67.20
66.64
66.52
66.86
67.36
68.02
68.74
68.68
67.65
67.22
67.54
67.32
66.96
67.53
68.42
68.74
68.52
67.96
67.33
66.86
66.76
66.98
67.41
68.06
68.65
68.35
67.43
67.14
67.27
67.09
67.19
68.04
68.96
69.25
68.59
67.76
67.83
68.00
67.49
67.32
67.91
68.44
68.52
68.22
67.68
67.10
66.75
66.80
67.23
67.86
68.34
68.35
67.77
67.19
67.13
67.40
67.83
68.35
68.65
68.36
67.82
67.51
67.70
68.48
69.70
70.93
71.52
71.37
70.91
71.23
72.27
72.71
72.63
72.72
72.92
73.63
75.56
77.62
78.43
78.68
78.99
79.38
79.06
78.76
79.70
80.65
80.86
80.51
79.72
78.90
78.59
79.19
79.78
78.95
77.70
76.73
76.01
75.65
75.71
76.05
75.74
74.46
73.46
72.77
71.95
71.48
71.54
71.78
71.95
71.83
71.37
70.54
69.44
68.32
67.54
67.50
68.23
68.93
69.24
69.35
69.28
68.98
68.52
68.04
67.79
68.11
69.33
70.58
70.62
69.82
68.85
68.09
67.52
66.96
66.99
68.11
69.40
70.03
70.02
69.34
67.97
66.76
66.62
67.68
69.33
69.65
68.57
67.87
67.56
67.09
66.79
67.03
67.85
68.88
69.33
69.15
68.66
67.61
66.26
66.11
67.42
68.78
69.54
69.72
69.18
67.90
66.40
65.41
65.74
66.71
66.57
65.94
66.20
66.71
66.69
66.44
66.45
67.14
68.26
68.84
68.66
67.98
67.52
67.56
67.48
67.33
67.89
68.36
67.37
66.09
65.69
65.61
65.48
65.63
66.14
66.87
67.28
66.78
66.03
65.74
65.59
65.34
65.17
65.32
65.90
66.39
65.87
64.96
64.72
64.97
65.36
65.99
66.69
66.68
65.99
65.63
65.65
65.56
65.50
65.79
66.31
66.74
66.46
65.55
65.02
64.96
64.74
64.41
64.39
64.79
65.52
66.14
66.26
65.94
65.42
65.08
64.97
64.85
64.88
65.39
66.07
66.40
66.14
65.37
64.81
64.76
64.81
64.86
65.20
65.90
66.82
67.27
66.65
66.01
66.22
67.01
67.92
68.35
68.12
67.42
66.62
66.15
66.37
67.26
67.94
67.97
67.57
67.01
66.60
66.72
67.58
68.66
69.17
68.25
66.70
66.28
66.67
67.05
67.56
68.12
67.61
66.26
65.71
65.91
65.89
65.79
66.05
66.67
67.29
66.97
65.84
65.28
65.35
65.28
65.34
66.02
66.72
66.76
66.37
65.81
65.18
64.72
64.72
65.23
66.09
66.81
66.87
66.40
65.78
65.41
65.37
65.31
65.30
65.69
66.19
66.18
65.59
64.71
64.17
64.20
64.20
64.11
64.59
65.53
65.97
65.73
65.25
64.80
64.57
64.70
65.25
66.01
66.56
66.21
65.28
65.09
65.86
67.05
67.72
67.15
66.42
66.34
66.34
66.41
67.44
69.15
70.28
70.39
69.68
68.84
68.38
68.43
69.02
70.09
71.02
71.23
70.89
70.37
69.99
69.75
69.62
69.96
70.70
71.06
70.94
70.74
70.54
70.34
70.17
70.09
70.23
70.65
71.25
71.40
71.03
70.72
70.77
71.15
71.54
71.73
71.80
71.43
70.27
68.85
67.92
68.24
69.41
70.17
70.24
69.80
68.87
67.66
66.67
66.23
66.52
67.32
68.23
68.71
68.47
67.80
67.18
67.18
67.85
68.89
69.48
69.20
68.83
68.70
68.46
68.34
68.70
69.24
69.51
69.20
68.09
66.24
64.66
64.27
64.75
65.55
66.24
66.54
66.40
65.88
65.16
64.78
65.30
66.36
67.25
67.79
67.81
66.94
65.80
65.95
67.18
68.04
68.18
67.84
67.26
66.75
66.75
67.40
68.51
69.41
69.34
68.91
68.71
68.20
67.51
67.57
68.40
69.40
69.96
69.79
69.50
69.25
68.66
68.33
69.07
70.14
70.63
70.35
69.48
68.46
67.68
67.41
67.73
68.53
69.42
70.03
70.10
69.54
68.53
67.90
68.14
69.22
70.69
71.87
72.53
72.66
72.11
71.22
70.70
70.82
71.56
72.57
73.41
73.67
73.00
71.66
71.24
71.84
72.20
72.07
71.60
70.87
70.18
69.94
70.12
70.50
70.90
71.10
70.86
69.76
67.84
66.65
66.97
67.85
68.63
69.08
68.98
68.25
67.16
66.15
65.66
65.79
66.25
66.94
67.83
68.18
67.29
65.87
64.54
63.29
62.66
63.78
65.97
66.79
66.07
65.31
64.93
64.90
65.13
65.54
66.18
66.78
66.57
65.71
65.18
64.97
64.63
64.52
65.03
65.77
66.23
66.10
65.55
65.31
65.46
65.54
65.73
66.47
67.29
67.51
67.11
66.41
65.87
65.74
65.99
66.44
66.87
67.12
67.12
66.89
66.53
66.29
66.31
66.57
67.03
67.58
67.87
67.62
67.12
66.68
66.42
66.28
66.08
66.17
66.97
67.75
67.71
67.58
67.80
67.84
67.80
68.37
69.12
69.24
68.83
68.18
67.59
67.18
67.01
67.24
67.94
68.34
67.90
67.41
67.19
66.91
66.67
66.84
67.29
67.66
67.41
66.56
66.09
66.11
65.86
65.63
66.13
66.99
67.44
67.09
66.15
65.72
65.91
65.78
65.49
65.87
66.51
66.63
66.29
65.78
65.38
65.16
64.97
64.97
65.55
66.30
66.41
65.90
65.20
64.73
64.68
64.88
65.24
65.85
66.36
66.05
65.29
64.95
64.94
64.93
64.94
65.14
65.80
66.61
66.32
65.18
64.71
64.90
65.04
65.22
65.75
66.51
67.16
67.15
66.56
66.31
66.48
66.57
66.80
67.58
68.25
68.16
67.62
67.00
66.54
66.26
66.09
66.24
66.85
67.32
67.15
66.46
65.67
65.43
65.61
65.72
65.93
66.49
66.82
66.45
65.88
65.48
65.25
65.20
65.35
65.84
66.72
67.10
66.31
65.51
65.43
65.53
65.65
66.18
66.97
67.43
