67.42
67.05
66.56
66.17
66.10
66.44
67.07
67.45
66.88
66.07
65.91
65.91
65.65
65.46
65.67
66.43
67.21
66.96
66.11
65.66
65.67
65.92
66.11
66.21
66.66
67.47
68.15
68.22
67.42
66.58
66.37
66.35
66.31
66.55
67.01
67.27
67.13
66.59
66.00
65.64
65.45
65.48
65.95
66.73
67.36
67.45
66.89
66.52
67.00
67.52
67.63
67.94
68.52
68.89
68.80
68.29
67.75
67.42
67.10
66.92
67.32
67.99
68.24
67.95
67.31
66.82
66.67
66.69
66.89
67.36
67.88
68.07
67.74
67.06
66.76
66.92
66.97
67.07
67.67
68.20
67.99
67.33
66.69
66.45
66.42
66.06
65.65
65.76
66.31
66.92
66.81
65.89
65.29
65.30
65.48
65.63
65.78
66.24
67.16
67.54
66.83
66.15
65.97
65.85
65.67
65.62
66.06
67.17
67.91
67.46
66.68
66.19
65.99
65.94
65.88
65.93
66.26
66.53
66.42
66.12
65.79
65.49
65.34
65.55
66.12
66.89
67.10
66.27
65.54
65.60
65.92
66.22
66.68
67.29
67.92
68.51
68.91
68.63
67.78
67.66
68.24
68.36
68.34
68.95
69.79
70.19
69.75
68.81
68.18
67.86
67.62
67.59
67.89
68.58
69.14
68.61
67.71
67.49
67.33
66.82
66.71
67.20
67.82
68.05
67.53
66.92
66.82
66.76
66.48
66.32
66.52
67.17
67.58
66.95
66.15
66.02
66.09
66.06
66.18
66.70
67.76
68.62
68.36
67.82
67.88
68.10
68.33
68.93
69.44
69.01
68.24
67.86
67.62
67.50
67.88
68.57
68.88
68.59
67.84
67.28
67.15
67.01
67.02
67.73
68.34
67.79
66.95
66.55
66.18
65.74
65.63
65.97
66.64
66.96
66.33
65.51
65.16
65.04
65.03
65.20
65.61
66.24
66.55
65.93
65.19
65.13
65.20
65.04
65.24
65.99
66.74
67.01
66.58
65.96
65.81
65.95
66.11
66.56
67.30
67.64
67.39
66.94
66.54
66.31
66.22
66.28
66.70
67.42
67.91
67.93
67.59
67.13
66.79
66.66
66.75
67.16
67.71
67.95
67.67
67.00
66.51
66.61
66.61
66.22
66.48
67.36
67.54
66.92
66.28
65.92
65.84
65.75
65.64
66.06
66.91
67.11
66.73
66.60
66.52
66.10
65.97
66.51
66.89
67.08
68.30
69.93
69.92
69.07
68.84
68.73
68.34
67.96
67.51
66.76
66.04
65.69
65.42
65.10
65.19
65.72
66.12
66.04
65.41
64.69
64.42
64.37
64.22
64.08
64.10
64.36
64.72
64.74
64.45
64.39
64.60
64.79
64.81
64.61
64.52
64.76
64.94
64.88
65.06
65.70
66.42
66.81
66.61
66.12
65.89
65.78
65.58
65.52
65.70
65.80
65.70
65.60
65.62
65.83
66.46
67.61
68.17
67.42
66.90
67.18
67.15
66.73
66.66
67.11
67.81
67.97
67.31
66.85
66.92
66.98
66.84
66.64
66.68
67.17
67.67
67.81
67.53
67.06
66.85
66.95
67.21
67.64
68.16
68.33
68.03
67.68
67.45
67.31
67.43
67.94
68.72
69.32
68.91
67.87
67.53
67.57
67.29
67.12
67.58
68.86
70.16
69.79
69.43
71.73
74.70
76.09
76.64
76.94
76.98
76.19
74.72
73.43
72.95
73.15
72.93
72.26
71.62
71.02
70.33
69.48
68.97
69.30
69.89
70.13
69.95
69.41
68.63
67.80
67.22
67.47
68.48
68.86
68.44
68.09
67.86
67.43
66.77
66.22
66.51
67.71
69.05
69.89
69.92
69.77
69.92
69.82
69.78
70.93
72.51
73.05
72.90
72.47
71.67
71.07
71.29
72.16
73.16
73.50
73.12
72.46
71.92
71.53
71.00
70.77
71.29
72.07
72.58
72.55
71.67
70.00
68.75
68.69
69.91
71.22
70.95
70.09
69.58
68.79
67.84
67.58
68.05
68.91
69.56
69.60
69.17
68.59
68.23
68.36
69.06
69.79
70.02
69.61
68.65
67.45
66.61
66.58
67.22
68.03
68.03
67.29
66.76
66.52
66.31
66.23
66.56
67.56
68.98
69.73
69.76
69.91
69.90
69.29
68.49
68.02
68.33
69.06
69.41
69.23
68.74
68.38
68.24
68.01
68.13
69.22
70.16
69.91
69.43
69.01
68.03
66.98
66.73
67.04
67.58
68.36
69.14
69.25
68.46
67.08
66.17
66.51
67.73
69.15
69.84
69.67
69.29
68.74
68.03
67.67
68.00
68.96
69.99
70.18
69.90
69.71
69.14
68.16
67.48
67.64
68.86
70.01
70.01
69.63
69.20
68.17
66.74
65.51
65.09
65.67
66.40
66.67
66.61
66.27
65.52
65.06
65.77
67.16
68.35
69.11
69.42
69.41
69.19
68.89
68.81
69.16
69.52
69.54
69.24
68.62
67.69
66.74
66.08
65.97
66.44
67.18
67.87
68.19
68.19
68.10
68.01
67.98
68.11
68.61
69.78
71.01
71.18
70.63
70.03
69.54
69.39
69.92
70.80
71.40
71.29
70.52
69.76
68.99
68.02
67.30
67.07
66.80
66.27
65.78
66.05
67.87
70.15
71.17
70.89
70.17
70.40
71.65
73.10
74.04
74.24
74.36
74.82
75.72
76.73
77.73
78.88
79.37
79.12
79.72
80.20
79.41
78.39
77.86
77.79
77.30
76.64
76.22
75.29
73.86
72.58
71.98
72.06
72.25
72.49
72.82
72.63
71.91
71.49
71.22
70.75
70.60
70.95
71.41
71.78
72.03
72.13
72.03
71.64
71.08
70.69
70.94
71.73
72.05
72.10
72.59
72.10
70.46
70.11
71.03
71.69
71.73
71.24
70.42
69.54
68.89
68.64
68.89
69.67
70.68
71.16
70.93
70.24
69.33
68.46
67.94
67.85
68.10
68.51
68.83
68.70
67.99
67.04
66.12
65.47
65.48
66.43
67.89
69.21
69.92
69.89
69.51
69.15
69.13
69.77
71.02
71.85
71.95
71.96
71.72
71.05
71.12
72.16
73.10
73.34
72.94
72.89
72.95
71.67
70.08
69.64
70.39
71.58
71.79
71.42
71.39
71.03
70.24
70.11
70.58
71.02
71.34
71.48
71.21
70.50
69.52
68.66
68.35
68.82
69.73
70.11
69.77
69.07
68.28
67.50
66.69
66.20
66.69
67.79
68.65
68.98
68.84
68.51
68.08
67.38
66.83
67.01
67.26
66.91
66.35
65.87
65.39
64.92
64.59
64.50
64.68
64.93
65.01
64.74
64.16
63.77
63.82
64.07
64.42
64.98
65.63
65.95
65.84
65.43
64.93
64.55
64.36
64.42
64.82
65.43
65.68
65.46
65.26
65.22
65.19
65.21
65.38
65.68
66.10
66.71
67.32
67.29
66.68
66.32
66.23
66.13
66.25
66.91
67.81
68.41
67.95
66.77
66.15
66.08
66.08
66.45
67.40
68.19
68.23
67.66
66.84
66.20
65.94
66.06
66.44
66.88
67.19
67.22
66.89
66.44
66.26
66.09
65.60
65.57
66.40
66.80
66.10
65.23
64.73
64.63
64.77
64.91
65.21
65.80
66.07
65.59
65.11
65.04
65.10
65.24
65.71
66.39
66.93
66.96
66.39
65.86
65.78
65.76
65.64
65.76
66.21
66.85
67.13
66.56
65.87
65.69
65.59
65.32
65.18
65.29
65.53
65.86
66.25
66.37
65.95
65.42
65.14
65.07
65.02
64.76
64.42
64.47
64.76
64.85
65.05
65.79
66.40
66.24
65.82
65.63
65.74
66.01
66.12
66.19
66.57
67.13
67.50
67.29
66.54
66.13
66.29
66.46
66.62
67.06
67.75
68.35
68.18
67.26
66.97
67.71
68.89
70.05
70.89
71.61
72.22
72.10
71.07
69.49
68.34
68.27
69.15
70.35
70.74
70.25
69.39
68.31
67.22
66.46
66.39
67.31
68.74
69.84
70.29
70.08
69.37
68.61
68.35
68.83
70.08
71.75
73.38
74.42
74.81
74.93
75.49
76.65
77.76
78.42
78.44
77.94
77.21
76.48
75.60
75.19
75.97
76.80
77.08
77.38
77.14
76.17
75.47
74.88
74.18
74.25
74.97
75.45
75.59
75.57
75.58
75.28
74.59
74.53
75.17
75.93
76.98
78.03
78.13
78.63
80.41
81.72
82.33
82.51
81.57
80.22
79.11
77.96
77.10
76.52
75.43
74.51
74.57
75.25
75.01
72.55
70.53
70.20
70.48
70.92
71.55
72.74
74.02
73.35
71.56
70.66
70.31
69.93
69.44
69.26
70.05
71.85
73.76
73.10
71.03
71.36
72.91
73.79
74.45
75.31
76.10
75.12
72.90
73.09
74.77
75.30
74.41
73.23
73.26
73.52
73.28
73.89
75.35
76.65
77.73
78.63
79.17
79.85
80.89
81.68
82.05
81.85
80.70
79.72
79.40
78.96
78.70
78.89
79.33
79.65
79.77
79.98
80.35
80.34
78.98
77.15
75.79
74.82
73.86
72.86
72.62
72.66
71.62
69.07
66.05
64.89
65.71
67.04
67.98
68.07
67.45
66.72
66.91
68.40
70.52
72.54
73.81
74.31
74.62
75.91
77.49
77.51
76.87
76.40
75.91
75.80
76.42
77.62
78.35
78.06
78.79
80.06
79.91
79.10
78.75
79.25
79.15
78.52
78.53
78.37
78.32
79.46
80.06
79.59
79.54
79.51
79.18
78.91
78.57
78.00
77.26
76.43
75.69
75.28
75.47
76.06
75.90
74.97
74.09
73.49
73.20
73.14
73.43
74.04
74.33
73.96
73.09
72.59
72.84
73.21
73.70
74.63
75.40
75.58
75.41
74.87
74.11
73.81
74.06
74.40
74.36
73.96
73.87
73.65
72.86
72.76
73.69
74.69
74.97
74.43
74.23
73.91
72.44
71.77
72.59
72.92
73.01
74.03
74.80
74.80
75.02
75.17
74.85
75.01
75.74
76.36
76.53
76.09
75.21
75.14
76.34
77.04
76.90
76.50
75.60
74.65
74.66
75.59
76.64
76.34
75.17
74.21
73.50
73.01
72.77
72.91
73.28
73.32
72.79
71.77
70.69
70.00
70.07
70.74
71.56
72.00
71.79
71.21
70.62
70.24
69.79
69.29
69.58
70.45
70.75
70.37
69.75
69.33
69.18
68.92
68.52
