3119092 0.1033265859426406
3119598 0.10835661924169682
3120126 0.12000177887493269
3120668 0.11132776788599485
3121198 0.09536519494260243
3121709 0.11680198099094286
3122232 0.12108513979044183
3122752 0.11813282627927268
3123263 0.1012553937688675
3123766 0.12152819103429652
3124280 0.11074285273166862
3124801 0.11189422915382247
3125315 0.09018212566311207
3125823 0.12447527453751672
3126352 0.12762393174701472
3126883 0.11214764830732837
3127409 0.08813960684861821
3127913 0.12194750458331616
3128433 0.11665464162458261
3128947 0.11317471480001928
3129442 0.09299912817619943
3129941 0.1189105888293494
3130441 0.12341027932805054
3130949 0.09194917463494989
3131438 0.08637338929621274
3131934 0.1271650444049528
3132439 0.133015232210205
3132947 0.09764097324362192
3133440 0.09644102645366909
3133944 0.12085221840497606
3134455 0.10653604553024837
3134954 0.09347905631321685
3135456 0.10922821643708336
3135971 0.1158465598469931
3136495 0.1141031383723568
3137013 0.09449533778798835
3137510 0.11361992825373879
3138020 0.12072549976663233
3138540 0.10993700807308954
3139060 0.08899924494244527
3139554 0.09428244079287867
3140063 0.1292932249679279
3140576 0.13202490650851711
3141089 0.09996404197062053
3141582 0.08342593900458356
3142084 0.10633385125457717
3142593 0.1058712936764748
3143094 0.09401996240893773
3143590 0.1211554584566632
3144099 0.11666047691003867
3144613 0.11590161821053974
3145121 0.09480517896910085
3145615 0.12099441350991696
3146124 0.10855458103776361
3146640 0.12012358933772288
3147150 0.09676124961094873
3147646 0.10840360747820699
3148149 0.12273553926198127
3148659 0.10140424901857326
