1741733 0.518673772094967
1742120 0.48401042991314835
1742483 0.5193020711787759
1742598 0.3320311125816472
1742861 0.501870624679607
1743233 0.43021572631221205
1743582 0.424092387657576
1743941 0.8225074640813267
1744301 0.6423014269852925
1744420 0.1839349059274228
1744657 0.2847725001292261
1745003 0.4337129884653621
1745366 0.38260933201204894
1745737 0.3484448492117226
1746097 0.5298680770601659
1746469 0.6263717574031321
1746861 0.5669283781969096
1747230 0.4684553519043078
1747380 -0.2469817528941851
1747594 0.5803093969316817
1747966 0.5313857510327754
1748344 0.6356442370287194
1748699 0.5025187722695492
1749068 0.49618367761671855
1749435 0.293533363509151
1749791 0.3978422526959652
1750138 0.5421013505063809
1750495 0.4069005618065349
1750864 0.4521514769235869
1751244 0.40741519915949564
1751471 -0.33984452738239734
1751622 0.5465081525607107
1751778 0.25166128587190995
1752013 0.4978445377784541
1752409 0.1828359077102556
1752792 0.37061480050664014
1753187 0.29073387631856856
1753461 0.07371757645247212
1753578 0.6241426959762171
1753950 0.4348661506559181
1754317 0.6380529927246082
1754675 0.5495819813555686
1755028 0.6762765322217554
1755363 0.5679106665134587
1755704 0.6301302000024316
1755817 0.7178599806432282
1756056 0.6100452218721044
1756798 0.5874778975679771
1757166 0.37347392257489226
1757554 0.47079013597996733
1757948 0.35525670275703247
1758322 0.3542665065779543
1758455 0.12813740313880762
1758686 0.3985472790014194
1759057 0.4699859786360012
1759430 0.3901811038045961
1759786 0.6835739410438437
1760137 0.4618688827547539
1760496 0.42184299755863364
1760860 0.49601703216316895
1761209 0.6215106593337587
1761557 0.5094186701110563
1761906 0.35258413737872074
1762262 0.04213815215240746
1762605 0.5315269108698396
1762962 0.3885103751947386
1763323 0.4805183950281048
1763680 0.3976529327592865
1764036 0.3155252127169206
1764280 0.17801188881043828
1764399 0.45465856550409817
1764764 0.28849667494165554
1765121 0.41030410539099915
1765476 0.40543287003589906
1765837 0.4338384381107112
1766203 0.6351440200033157
1766563 0.21711732377697734
1766919 0.3067443773250157
1767279 0.5343650214904541
1767636 0.4721833945871527
1767973 0.29031909532340844
1768320 0.4713187115802965
1768649 0.5815357624810676
1768990 0.37442940353448506
1769307 0.49185823468064904
1769655 0.566439419965502
1769997 0.4610666660865776
1770336 0.4358097982019644
1770674 0.5122566155390427
1771021 0.4503913361321096
1771379 0.46934562926558454
