3629515 -0.4033359925965131
3629820 -0.44261911907178
3630130 -0.5117152181576684
3630447 -0.5733616465115178
3630758 -0.5108150692186045
3631081 -0.45431892541352903
3631406 -0.5235455612616826
3631728 -0.5593765881719059
3632050 -0.6150341523273557
3632373 -0.5360569978060745
3632693 -0.556221282768028
3633015 -0.5469433104173447
3633330 -0.5708277858777572
3633647 -0.5051210767872897
3633955 -0.4699201087491741
3634268 -0.4994212218628671
3634575 -0.5344313873596751
3634888 -0.646589201393721
3635196 -0.5419776880840149
3635508 -0.5708300276744515
3635807 -0.46109471955228704
3636105 -0.3231003676992087
3636399 -0.5223334000934374
3636693 -0.4350458619385672
3636862 -0.2083441409885513
3637467 -0.3047623419894088
3637584 -0.48317332907424543
3637895 -0.5911084309952921
3638208 -0.5023168138024918
3638516 -0.5051170324362403
3638834 -0.7150537414059058
3639160 -0.4919976264533318
3639470 -0.4259209178757386
3639786 -0.5848319050990147
3640099 -0.5852254743743631
3640398 -0.41593950685068337
3640699 -0.5443726223881705
3640997 -0.5939877993218031
3641314 -0.3887972129063628
3641425 -0.7321270118567297
3641882 -0.622054069282954
3642177 -0.5558878848222677
3642474 -0.6274482360595968
3642768 -0.603179021600321
3643063 -0.6007255499819217
3643357 -0.3904235277138382
3643648 -0.3422816538602087
3643946 -0.46237119484464906
3644238 -0.499620851967523
3644532 -0.5453130370604766
3644823 -0.5891912286253782
3645120 -0.5371346231951544
3645410 -0.4679495464831802
3645704 -0.5212811269524106
3646000 -0.47761728970896156
3646295 -0.5804211116863425
3646584 -0.4479070689513988
3646877 -0.47690883800031625
3647170 -0.5511781211506754
3647464 -0.5058161644443209
3647755 -0.4795915225253412
3648044 -0.4269357089004796
3648336 -0.479544819523649
3648629 -0.491433212124032
3648917 -0.4501890693058149
3649207 -0.4927961595088265
3649496 -0.5920796239950084
3649780 -0.46730137727993054
3650068 -0.5202868280419809
3650353 -0.6360672866476382
3650634 -0.5782875898285318
3650909 -0.6102444559229949
3651184 -0.6758924725822253
3651462 -0.7329503752573023
3651741 -0.6002695682179296
3652027 -0.5221916267144466
3652314 -0.574074322511128
3652597 -0.40481004200815546
3652886 -0.42849147038390356
3653178 -0.6213535786828097
3653418 -0.6326754072194083
3653769 -0.8734077520379903
3654066 -0.8280509312923088
3654362 -0.5934809870299593
3654654 -0.5368361679989428
3654953 -0.5306112797033016
3655247 -0.5952544534966367
3655541 -0.7376816864647848
3655839 -0.5310119135091091
3656424 -0.6314942048982171
3656545 -0.1629823445070704
3657005 -0.4545650726787127
3657294 -0.5028023079972083
3657581 -0.4752365858248917
3657736 -0.37478412166039976
3657874 -0.5632327201641891
3658199 -0.6064140375302528
3658355 -0.3097893257016111
3658437 -0.6737903963641295
3658722 -0.4294184483988862
3659000 -0.4346867157586993
3659283 -0.454535567519766
