4827457 -0.3771357646700539
4827936 -0.3673425781720473
4828421 -0.35317638582926086
4828895 -0.35032185958775935
4829381 -0.3565258378229666
4829840 -0.347659877782146
4830269 -0.3526321677313561
4830737 -0.35771599126371945
4831205 -0.39066267133430305
4831672 -0.36251470065832814
4832126 -0.35875441023282145
4832552 -0.3804502981804044
4833030 -0.35632259086088885
4833503 -0.365287793296323
4833978 -0.37520899925481094
4834445 -0.35909334273774257
4834932 -0.3538589176116691
4835418 -0.3542798841530952
4835890 -0.37385055423223407
4836355 -0.37541674667764097
4836819 -0.3845310158701419
4837251 -0.41157897871592364
4837675 -0.3720155692115127
4838107 -0.3996751285055274
4838560 -0.39386182952357557
4838975 -0.3943547185290306
4839397 -0.4020122717394984
4839824 -0.40302273514446796
4840275 -0.3959253647550973
4840693 -0.3812149693098252
4841150 -0.39865728164721853
4841613 -0.39701755598003324
4842087 -0.3916706529613654
4842549 -0.362211332516956
4843021 -0.38945957070133314
4843500 -0.3857764380553178
4843980 -0.3876820329764265
4844426 -0.37182878732086644
4844909 -0.381664215486168
4845392 -0.3917559744401886
4845870 -0.3877295872694308
4846311 -0.3765195180218961
4846782 -0.4156827424097388
4847211 -0.358829623737545
4847622 -0.356738761471995
4848027 -0.34663932715081347
4848432 -0.35158699017634637
4848836 -0.3440675885617851
4849231 -0.3441583624073503
4849636 -0.35428763181748235
4849901 -2.6882764845998053
4850068 -0.3459714219943255
4850903 -0.3532197175537426
4851495 -0.4021573078975469
4851837 -0.3534204471289516
4852325 -0.3595255053828029
4852801 -0.3697369988051796
4853288 -0.38564402181867563
4853800 -0.36723440296546406
4854305 -0.3649171744874772
4854800 -0.3508920157859853
4855300 -0.35075452252547634
4855808 -0.3501545247914758
4856314 -0.36121637180939725
4856790 -0.3658090070816221
