214143 0.2328917597286305
214642 0.22242242174323545
215138 0.2522172319598569
215643 0.2582035945431221
216157 0.20851869251719007
216661 0.22052092595854927
217149 0.2575018804738948
217659 0.26583559207013935
218163 0.245910320435824
218659 0.22272257725401234
219139 0.2459935759250973
219638 0.24997558247377932
220149 0.25294295539593425
220660 0.2124669570252196
221146 0.24029004489024078
221644 0.25866958425605263
222142 0.24875339321716008
222643 0.21317470810079114
223122 0.21884282929694548
223614 0.2607779645306365
224117 0.2493189812536007
224624 0.22128200608491375
225108 0.21354494030037802
225591 0.24865803221573987
226098 0.24446268866394527
226609 0.2529249409394718
227115 0.22994073761078512
227591 0.2225920055157155
228078 0.2497274500463804
228570 0.25431313244863074
229057 0.22579056130669994
229519 0.20236787058822475
229990 0.254213888195564
230456 0.2665782630191204
230939 0.24002385627729877
231413 0.18190777830087645
231898 0.2719225944741357
232403 0.2719058268126372
232920 0.25836181390066626
233421 0.2248843323625529
233924 0.2625471574813836
234443 0.2588540967812578
234966 0.24238535142528242
235463 0.22232536613533854
235948 0.25359932563187926
236443 0.2549516468763102
236931 0.2314051735216574
237396 0.20637825101612095
237852 0.2516712550417842
238337 0.2595499288115577
238829 0.26602951672682007
239327 0.2371866381463679
239805 0.2218783667227393
240293 0.2545979959575251
240793 0.25296166392400987
241302 0.22342109343521352
241787 0.21609040654425637
242284 0.23810148979608844
242793 0.2616148571971436
243296 0.23284938663740867
