2939823 0.5576854805415477
2940285 0.49621843921623326
2940745 0.29659309966175557
2941188 0.40054320807949284
2941627 0.4836122024030421
2942053 0.3976794592279891
2942464 0.5060082339200177
2942861 0.5241963374581177
2943241 0.5042475484151382
2943608 0.44583461930018237
2943989 0.4844499882745866
2944391 0.565401601617973
2944819 0.4966917288390101
2945266 0.5574002147126433
2945730 0.5649886655449001
2946178 0.4885346793301746
2946627 0.40228096551310544
2947073 0.5487330762768521
2947468 0.5062809754820509
2947838 0.5030180528804383
2948224 0.503474265502981
2948621 0.4517091109892079
2949037 0.5136074014685452
2949446 0.5603289882145516
2949880 0.5135615871753743
2950327 0.5400620986657477
2950780 0.3577760224587708
2951235 0.5719021600077555
2951685 0.5777264278273083
2952138 0.5773641271570359
2952591 0.6957901714404056
2953031 0.45244459676629967
2953454 0.5121343797793904
2953877 0.5819201020242389
2954305 0.5756163760277222
2954737 0.5753009493187922
2955164 0.6552013294311777
2955609 0.41045652860428045
2956055 0.6303709329952961
2956506 0.5505879372129768
2956972 0.6382586106989407
2957430 0.5615019572237367
2957852 0.4714036767557978
2958277 0.5943622741249243
2958730 0.4947520913554423
2959173 0.5166311905291298
2959619 0.46111792081242786
2960038 0.45027473300526194
2960449 0.6028839577228179
2960861 0.6124008703889597
2961261 0.4560304446342377
2961659 0.5255016913480959
2962043 0.45562673799336245
2962463 0.4786076198112036
2962907 0.4365264124872526
2963353 0.5615680312325073
2963812 0.47286703903967076
2964278 0.5940134810475738
2964734 0.5750915697274901
2965169 0.5546396000350059
2965598 0.5719981310699112
2966032 0.5644517500958928
2966479 0.5863077820400273
2966934 0.5873154487566349
2967371 0.5994379335423276
2967767 0.5252369518732867
2968176 0.6555885104352944
2968618 0.5922657385093824
2969082 0.6070264215923377
2969564 0.5684142317235304
