1382187 0.14614771903043094
1382612 0.14451679137960993
1383043 0.15091002859837999
1383474 0.14543482464977192
1383895 0.11906501339796766
1384304 0.14405681772020706
1384721 0.1540094284502616
1385146 0.1620116467675014
1385582 0.1477410814493207
1386020 0.12810138173614466
1386442 0.12136368995202151
1386863 0.16027488064017004
1387286 0.15283161094242392
1387708 0.15279682575065537
1388139 0.13105008418696656
1388558 0.12906341025405305
1388973 0.1567515517907102
1389395 0.148032513548633
1389826 0.14957011021205385
1390267 0.15332446745556128
1390712 0.12547760232507382
1391141 0.13735398441585228
1391574 0.1458584232124519
1392009 0.15954585731135162
1392451 0.14855959470761315
1392883 0.13427122741278547
1393305 0.15470282783584322
1393744 0.15978056261599244
1394190 0.14968193319875928
1394647 0.1417419106947987
1395099 0.13390332381871967
1395534 0.13345363882840972
1395943 0.12515518125563801
1396353 0.1561467960462572
1396765 0.14910473115752798
1397181 0.13906008260758457
1397591 0.12076110669181028
1397987 0.14551538432194044
1398402 0.15406751426615944
1398823 0.1506705244256672
1399250 0.13491044215387277
1399662 0.12962061934844205
1400066 0.14552568152092915
1400488 0.14977759414410802
1400916 0.1450802191020482
1401348 0.13152613528435086
1401757 0.11166417416670188
1402164 0.15307350755583832
1402568 0.1479732937018085
1402971 0.14383465823403102
1403363 0.11542136926679503
1403748 0.1397733096448054
1404149 0.14365585598541508
1404555 0.15207448234467796
1404974 0.15422705878671
1405391 0.15065352914628355
1405795 0.13595369453461387
1406205 0.15318630973341632
1406620 0.1396991714747897
1407043 0.14932974491518589
1407475 0.15179529130473055
1407904 0.12264953843711907
1408321 0.13509819677888113
1408759 0.14477038436914183
1409205 0.14479894213471173
1409654 0.1523486949802373
1410110 0.13663423350881493
1410544 0.12904362640337946
1410981 0.15009974050967073
1411426 0.1466699990134569
