5126781 -0.35243785354120505
5127233 -0.34473797359260805
5127694 -0.3493689821549878
5128151 -0.34806236343739433
5128611 -0.35775892232870365
5129050 -0.34086900868474734
5129483 -0.32175455111447626
5129947 -0.3338101226199127
5130398 -0.34131638868987757
5130850 -0.35565940431378085
5131284 -0.35151714973054116
5131718 -0.34122635562710013
5132169 -0.3399267838307447
5132633 -0.3530151242338719
5133063 -0.34587288909731173
5133488 -0.3529088039782675
5133922 -0.33745265627915055
5134366 -0.3582034565611636
5134826 -0.35044595463357553
5135250 -0.27558902084926856
5135667 -0.2478063194184164
5136127 -0.32645913248820985
5136575 -0.3585223806704437
5137007 -0.29153461509391965
5137427 -0.24014945000295973
5137891 -0.2990197403323121
5138357 -0.3494068696668797
5138822 -0.34558408443452326
5139269 -0.2881909560209652
5139719 -0.27933358048891
5140189 -0.34160410703984495
5140666 -0.3551278110051931
5141151 -0.3661124749335687
5141627 -0.2891257246920633
5142088 -0.26094282160548954
5142569 -0.32632741377880603
5143056 -0.3599452126251533
5143544 -0.36167693646774546
5144017 -0.348024855778298
5144484 -0.33556570762333704
5144958 -0.36346489004205956
5145447 -0.35378466890314647
5145923 -0.3516154674705724
5146404 -0.3496800003826469
5146895 -0.3654520448643076
5147398 -0.37084356609848285
5147908 -0.36940068022884837
5148395 -0.36727131583486405
5148870 -0.36910394793371903
5149353 -0.3675525420885338
5149832 -0.3674180716557091
5150291 -0.36283099773574845
5150746 -0.3633394132627571
5151191 -0.37126572423992266
5151609 -0.36254228033341435
5151994 -0.3005097381171977
5152366 -0.24876043541054582
5152737 -0.2780716911817819
5153117 -0.30035664393971373
5153539 -0.33116084844009747
5153985 -0.2851266208469664
5154420 -0.24794001144469108
5154897 -0.278339530998399
5155432 -0.32097656278647774
5155979 -0.36101661506600935
5156518 -0.30433896308899056
