423511 -0.6024800941150623
423832 -0.6970984877266858
424144 -0.5424633647591295
424465 -0.9072599979447915
424787 -0.5521605662114115
425100 -0.4289648811953308
425425 -0.4498264523100274
425747 -0.36449577021376656
426077 -0.41090379267843224
426401 -0.3471792232263836
426727 -0.4241914032915144
427058 -0.4705845157073263
427385 -0.389360642795638
427708 -0.3987820932159569
428031 -0.4299054133063068
428353 -0.4169909871301186
428657 -0.41339456938898816
428985 -0.5362163894919452
429310 -0.4337395437873892
429634 -0.42886718125183626
429965 -0.39743731079122635
430277 -0.4017954417676514
430637 -0.5178186544314265
430966 -0.5307718112910553
431287 -0.4500132720410662
431602 -0.4964212964352499
431922 -0.5257453024448681
432242 -0.4736141430667611
432556 -0.430321266409999
432869 -0.44207752600450123
433181 -0.4759107688843958
433497 -0.4440064856907494
433805 -0.3680670947862592
434118 -0.4851218608265378
434438 -0.4367575560111393
434761 -0.34910754566984403
435080 -0.384956204411936
435392 -0.33016020443819405
435721 -0.26871331071919813
436043 -0.3548468357917647
436371 -0.39240264938677205
436691 -0.4043263065397062
437011 -0.6837764738855672
437333 -0.5505935940803778
437649 -0.40450237573515685
437962 -0.45761027413653665
438277 -0.38883134816063725
438598 -0.4691797205788083
438906 -0.38252883054817566
439219 -0.323093412872551
439538 -0.4876875766375962
439855 -0.447176082271906
440174 -0.49429601884872176
440490 -0.38907492794863985
440800 -0.3833855125777772
441112 -0.4452992415484277
441422 -0.48072801868713605
441727 -0.3162666148892518
442047 -0.44294958923321004
442333 -0.47433616867379524
442644 -0.45889609612747007
442955 -0.41274627463977487
443261 -0.40190702129595035
443569 -0.4783641189628164
443879 -0.47542603370317493
444187 -0.5448680493333359
444494 -0.407606498239945
444795 -0.36408066750380064
445102 -0.32421465924260584
445407 -0.45279864803105363
445714 -0.4068523832332086
446017 -0.29325496565201437
446321 -0.3464454063264615
446627 -0.46413747317625653
446934 -0.49245134645740274
447231 -0.48000211437795837
447534 -0.3652779258731681
447835 -0.4208906145087017
448139 -0.4150269662216236
448436 -0.3777109377279607
448734 -0.4132960697826253
449324 -0.7247440759420307
449621 -0.40500219764791184
449914 -0.35646547327775535
450209 -0.4037599342664052
450513 -0.4732325478488796
450821 -0.49673903867020586
451129 -0.3839492216896946
451439 -0.39691551760677923
451751 -0.39015924757635334
452066 -0.45975910860965463
452386 -0.4830393419345631
452536 -0.2241651129235423
452702 -0.48536619472500125
453015 -0.45575099689059356
453329 -0.4260250898433873
