1861444 -0.44653390993551345
1861755 -0.37839242830237674
1862077 -0.37886637668823697
1862401 -0.5170071366879443
1862810 -0.5118723455863325
1863024 -0.3602878128067832
1863335 -0.46177697989424377
1863652 -0.06828352750693195
1863976 -0.5250319071186105
1864299 -0.43201833809071316
1864619 -0.5199302505233814
1864948 -0.576961600439729
1865281 -0.5255866598349443
1865401 0.11608782062235601
1865484 -1.5717218332530996
1865618 -0.3199440160757115
1865948 -0.29445723028127546
1866272 -0.24978673287887387
1866940 -0.09143584494223161
1867277 -0.3301062042057316
1867617 -0.334549426065081
1867967 -0.3136923796863381
1868325 -0.3913630184657955
1868667 -0.27189770897553267
1869000 -0.2782269031858122
1869346 -0.307796248769785
1869686 -0.3070839206707512
1870014 -0.2752336542074716
1870343 -0.3257436352755136
1870686 -0.5185452431434872
1871041 -0.4443679084844402
1872096 -0.49312618557372284
1872464 -0.5044094170169584
1872820 -0.6014014114269408
1872969 -0.480331739733711
1873175 -1.0340161990774834
1873664 -0.45939709434135123
1873873 -0.40434314709149066
1874213 -0.5530729712917049
1874562 -0.18366174521074285
1874916 -0.4502023475231894
1875274 -0.7351850358455159
1875508 -0.3913477066577541
1875683 -0.5638456405861972
1875941 -0.3898403727033189
1876294 -0.3728144959686651
1876649 -0.6267260092166395
1876863 -0.8782928096931235
1877026 -0.31365125370356617
1877192 -0.5493393194347407
1877408 -0.6906052733073905
1877782 -0.45679415234405796
1878154 -0.3246539105290076
1878518 -0.9802911263875705
1879222 -0.3348931538222538
1879943 -0.5547876819973061
1880305 -0.289071382130782
1880689 -0.8521433270190997
1880802 -0.6882946675592703
1881376 -0.386616280952794
1881810 -0.7620067149170938
1881947 -0.5731888072823419
1882128 -0.7209148159087672
1882496 -0.4278835624581072
1882867 -0.5884464718663666
1882992 -0.39130428919888743
1883587 -0.567682756953844
1883955 -0.44168914153440464
1884322 -0.6722525706464172
1884676 -0.3389100363907245
1885030 -0.39951702988806204
1885378 -0.31130202556807685
1885717 -0.23665708553962245
1886053 -0.30782865723782443
1886398 -0.3785145080390002
1886738 -0.2885944833975491
1887088 -0.5034896364874966
1887446 -0.6188731683352744
1887621 -0.299320315880068
1887808 -0.712538964428531
1887961 -0.6939478635788843
1888167 -0.3741311168206146
1888525 -0.3658563740900188
1889004 -1.7990394437764259
1889246 -0.34020166421805337
1889594 -0.20462092794462539
1889947 -0.6707459926080221
1890225 0.6297225979815182
1890286 -0.18939552076253996
1890622 -0.5510134031466796
1890945 -0.5117872928380728
