1052869 0.40403574757095245
1053385 0.40599980753003717
1053903 0.40981054599664524
1054402 0.3344471895690579
1054891 0.38149745721826067
1055392 0.41432961620613934
1055902 0.4136739460711319
1056403 0.34720561965156216
1056903 0.38711897511062826
1057410 0.4000941389536026
1057927 0.40444261754184324
1058445 0.4072825510407535
1058944 0.34108316513263803
1059440 0.3929469398159736
1059930 0.4095031250334403
1060417 0.4063465386791428
1060891 0.38321966478837405
1061346 0.36414099600923633
1061813 0.4243267486995508
1062289 0.4211890671813863
1062769 0.42310564384945093
1063261 0.43125450974108065
1063758 0.42141704670150265
1064249 0.36398833444103196
1064737 0.3931128444492502
1065236 0.41608435196040683
1065743 0.4105292940359895
1066256 0.4000735689961775
1066749 0.3606113254426542
1067249 0.4063067038883518
1067727 0.41174885570128944
1068195 0.3952468659100757
1068649 0.35089120338248153
1069096 0.40248244909579145
1069565 0.4445176898618121
1070056 0.43735043918138017
1070566 0.430488633488429
1071073 0.3684931490763669
1071564 0.3406448543608785
1072065 0.40862917084061345
1072570 0.4192106854419443
1073073 0.41334355054935307
1073571 0.36061774990294504
1074049 0.3742618861512647
1074538 0.4075062907505378
1075029 0.41515341501576164
1075527 0.3818418494220177
1076008 0.3452087611216262
1076499 0.3996282573300177
1076986 0.4082627157521633
1077471 0.40798643790847045
1077943 0.39124483102486807
1078393 0.3320706798364582
1078844 0.4178029150578257
1079298 0.41660769306069034
1079757 0.42737971962676885
1080208 0.35382684044735757
1080647 0.37756641860059315
1081102 0.4010289480096512
1081559 0.40663097940262716
1082027 0.41470047772256236
