633456 -0.5253216101142881
633780 -0.5336691855492742
634111 -0.5378891474007819
634450 -0.46412568223246276
634778 -0.5163921458422662
635123 -0.5408335035227019
635468 -0.5484026151823931
635812 -0.5831076541604054
636166 -0.5802278520130573
636527 -0.47404507193673506
636873 -0.4568952992097328
637214 -0.49997573170762655
637559 -0.5633374896339216
637918 -0.5790070035798385
638292 -0.4843216924013501
638638 -0.5276198560899765
638987 -0.545328956031637
639341 -0.5503502629308301
639690 -0.5404248356456547
640037 -0.5348226267266851
640382 -0.5721419620498422
640717 -0.4957838840410047
641041 -0.46647764312501094
641371 -0.4763067313572339
641700 -0.5120254304125722
642021 -0.40253564220363436
642331 -0.3730728935009067
642646 -0.45598846624756206
642962 -0.5292328582389523
643286 -0.5159029729127855
643602 -0.44031791254799624
643910 -0.3585195619660808
644209 -0.3061583668447556
644517 -0.3300605274962408
644821 -0.284484548850596
645121 -0.4522723574590582
645413 -0.5112795541014439
645713 -0.32688517794503485
646013 -0.41599851839837765
646319 -0.43786345291941364
646474 -0.4378204104987421
646627 -0.5138298556303027
646931 -0.4483185637591703
647242 -0.4939027302453802
647562 -0.5209503934169061
647889 -0.7280703191986406
648214 -0.5490800876136386
648534 -0.4419292364129979
648856 -0.6210960421025081
649178 -0.715792817031237
649497 -0.5505262196895198
649809 -0.48213749764798386
650121 -0.430476286323876
650431 -0.4977851056887953
650747 -0.49155691114987465
651064 -0.411570934154323
651376 -0.41390057045439577
651691 -0.4955414114875638
652007 -0.44230322885891327
652323 -0.5109052870112915
652636 -0.5276903222709889
652948 -0.5317540459784404
653260 -0.5335451666709777
653571 -0.501361453863674
653876 -0.49136992777554406
654189 -0.5311836931786027
654498 -0.5827372297553606
654806 -0.4925926989115067
655109 -0.4627653965698505
655420 -0.5150843823750899
655733 -0.5263325503492615
656045 -0.45159378402234346
656349 -0.3856360682691026
656660 -0.5027305575882574
656968 -0.5487632987728657
657276 -0.5189453329588251
657577 -0.4262604495099705
657886 -0.5321304076772464
658195 -0.5355032728059768
658506 -0.47900504243582115
658807 -0.4125041646256291
659120 -0.5291360122781563
659430 -0.5494269068703699
659737 -0.4528968464889602
660036 -0.4274410694330235
660343 -0.520362005573016
660646 -0.5551521371824018
660950 -0.5229484695556927
661256 -0.506552173227905
661557 -0.3745722302651856
661864 -0.417599370466749
662171 -0.48727750410166815
662476 -0.5353362447379648
662777 -0.6151965495769123
663071 -0.4039440820873583
