5037076 0.4209939054476592
5037506 0.4216001161613062
5037957 0.4782991919508326
5038426 0.4776405091991057
5038899 0.4556791168890018
5039353 0.40367491728804633
5039814 0.4671864681044995
5040282 0.4751089574068602
5040754 0.47504592577574184
5041202 0.4099372871096273
5041649 0.4583162556155203
5042119 0.48400668409036957
5042608 0.4823702906680355
5043082 0.4312963816679373
5043528 0.420356699722146
5044008 0.465252147178366
5044477 0.4692542041700292
5044935 0.4462746327833457
5045364 0.40415602625634317
5045827 0.4756454380136974
5046297 0.47691828521408913
5046777 0.47540056296662764
5047255 0.41744296827217564
5047717 0.42689165837713333
5048190 0.46733166478167554
5048670 0.47730215599072345
5049155 0.41838217770623753
5049621 0.42110484748182625
5050098 0.46624917570422003
5050584 0.4704880759839343
5051054 0.45800570013967423
5051486 0.34966028421640627
5051920 0.39357412111510054
5052387 0.43588464410516026
5052853 0.42024079619102284
5053318 0.3817683596676784
5053772 0.36725810093073463
5054232 0.4308149412764799
5054701 0.4244744137920183
5055188 0.43019215782293024
5055660 0.3659888576587781
5056100 0.3915740243007243
5056581 0.42789515853186255
5057046 0.42645246709797224
5057524 0.4121010590748333
5057987 0.36562392790158893
5058455 0.43318499183750336
5058932 0.45007729840073907
5059428 0.4435888399100096
5059926 0.3996762970509837
5060391 0.37182186506910475
5060871 0.4213440430664611
5061347 0.4315350525111408
5061836 0.42493322060082983
5062294 0.36282054341107883
5062765 0.4173524837482636
5063236 0.43341816914167486
5063720 0.4432840667022971
5064194 0.4089845803519206
5064629 0.371423082213617
5065101 0.43240810328524454
5065554 0.42775806485054935
5066005 0.3927852527580551
5066447 0.3672255259840377
