2520967 -0.5505471822942498
2521268 -0.4565349481145268
2521562 -0.42771513697262903
2521857 -0.529447161668726
2522149 -0.5241698000987711
2522443 -0.544796137664417
2522733 -0.5233231530764608
2523025 -0.4676498332655403
2523318 -0.4790471765004664
2523612 -0.6180428081716103
2523910 -0.629770090981527
2524204 -0.48762469456199675
2524497 -0.4525587836734556
2524796 -0.6687307822235635
2525095 -0.6242569531774277
2525402 -0.532429343246788
2525701 -0.44290956149583605
2526001 -0.47778855623000216
2526305 -0.4848652302825275
2526608 -0.5254299345889802
2527206 -0.4130946766549404
2527509 -0.45530835427443606
2527812 -0.4741080931466012
2528119 -0.5346032151701167
2528429 -0.46180967649565063
2528729 -0.538112567483569
2529028 -0.5500745952816544
2529329 -0.5338008995852701
2529634 -0.6484136976806076
2529941 -0.5335558256759044
2530244 -0.607747294499382
2530555 -0.6447383420053717
2530885 -0.6283493013359491
2531220 -0.4266663679347779
2531546 -0.5305160526286874
2531879 -0.5939012007992608
2532210 -0.6097175663500776
2532528 -0.598329478045535
2532852 -0.6002292329073622
2533167 -0.5342509779574274
2533488 -0.6580428026849279
2533807 -0.5198011605554949
2534123 -0.49413458575509855
2534433 -0.5263476802813354
2534751 -0.5623026821506176
2535076 -0.4545442143659004
2535383 -0.5436120351741429
2535707 -0.5008747811029062
2536039 -0.5663122719089979
2536359 -0.5648999321629377
2536971 -0.38916842781097283
2537282 -0.4904807792451244
2537892 -0.40907531678518455
2538202 -0.5393405562856828
2538504 -0.6165704627001007
2538808 -0.7947818177022006
2539109 -0.47644762129219803
2539402 -0.42229770234017466
2539706 -0.5361689108467254
2540008 -0.5633357396306329
2540301 -0.4380596062678316
2540606 -0.5067816670441748
2540909 -0.4906676505728995
2541210 -0.45813211267295095
2541509 -0.41582275738367314
2541812 -0.5071170069205289
2542429 -0.5205755061979616
2542743 -0.5657938446948251
2543086 -0.5047980103694953
2543347 -0.4518778478327699
2543688 -0.5299007062320555
2543965 -0.4449095170874676
2544579 -0.4996949214188763
2544878 -0.6343936589532827
2545186 -0.5626746913060614
2545486 -0.4765140198273974
2545785 -0.3901371273495131
2546087 -0.4795081294915732
2546392 -0.38983509195094823
2546696 -0.46735970459720216
2546999 -0.4406570071058292
2547316 -0.425297179417054
2547638 -0.3540396547376079
2547960 -0.42671390799648273
2548269 -0.41761558250768105
2548591 -0.4280119548744153
2549049 -0.06512693492341429
2549189 -0.41312969044515285
2549362 -0.21229780114134528
2549837 -0.475450501952153
2549960 -0.1592572785798297
2550135 -0.5528325302469855
2550427 -0.5444341404951399
2550725 -0.4717341306627209
