4797176 -0.4117900447040572
4797599 -0.3397293083441454
4798046 -0.3327576303706037
4798493 -0.2354443609355883
4798912 -0.3478328960149381
4799358 -0.35249639628913815
4799811 -0.33614608259147133
4800242 -0.26609507261209725
4800684 -0.4269969891277599
4801125 -0.3335568924391098
4801535 -0.4520140149598803
4801957 -0.2823869136542876
4802388 -0.3534767986137631
4802835 -0.3367195641580426
4803269 -0.30904150776318395
4803703 -0.33618804017960885
4804137 -0.3819552071998035
4804569 -0.31812893348588445
4804985 -0.344335918560233
4805401 -0.36503036728102106
4805831 -0.3679059813157275
4806257 -0.3617352864810966
4806664 -0.35527293535543847
4807092 -0.3555556649509507
4807522 -0.3621336622310882
4807926 -0.33526671362530625
4808329 -0.37319298808170653
4808737 -0.2638720625765039
4809145 -0.38500812587224587
4809534 -0.32142398300839015
4809926 -0.390872888307303
4810306 -0.3875367046393223
4810662 -0.3401115150689879
4811021 -0.35635690419534327
4811415 -0.3504608742837724
4811835 -0.36917207669597163
4812240 -0.31683618112523976
4812649 -0.38124328382814787
4813067 -0.4241531247288082
4813485 -0.41138270132915083
4813878 -0.2887941382808127
4814278 -0.3312184595420794
4814668 -0.403072796223078
4815058 -0.33992428614361314
4815435 -0.45045064191396705
4815815 -0.38771544308658384
4816197 -0.29287161794370764
4816579 -0.2857031623461211
4816964 -0.3718193452371941
4817335 -0.40368938147943445
4817717 -0.5421304663274373
4818096 -0.47967657885442083
4818467 -0.4155211961928159
4818841 -0.400412092099742
4819207 -0.2791489308449906
4819582 -0.44653844655825115
4819971 -0.3296386646644571
4820357 -0.37798848999020207
4820721 -0.39309253705640745
4821093 -0.40344136007908116
4821483 -0.4230221143420395
4821864 -0.3823821601092301
4822224 -0.4199576735754807
4822592 -0.4063601285468519
4822983 -0.4486906501200808
4823391 -0.3482375095606924
4823786 -0.3924654606190595
4824189 -0.4226460753479218
4824592 -0.39265384875069637
4824981 -0.39979225712057154
4825365 -0.42284997180347034
4825757 -0.4042550494645456
4826152 -0.38992385404033575
4826537 -0.41819830852266904
4826934 -0.4289452045901081
