573253 0.10491764148921806
573761 0.12351274403778945
574270 0.12017878268853527
574780 0.10791330758534551
575269 0.09788450135598503
575747 0.11980752397721717
576230 0.11814388137454979
576714 0.12531735829955531
577197 0.09570687452483251
577662 0.10218204934442593
578139 0.12288653756180706
578631 0.12427313051388006
579135 0.11617847400034836
579635 0.10052270441642508
580121 0.11292114521873003
580627 0.11743783935624924
581140 0.11945480981368367
581660 0.11636474172905215
582165 0.10449112398243265
582661 0.11972865189922993
583168 0.12085552516364928
583682 0.11826019312144254
584179 0.09833367383965363
584658 0.1131417010020726
585150 0.12000816919860824
585650 0.11657237452784974
586158 0.10267447321586126
586646 0.10836300414568278
587152 0.12044461435568793
587666 0.12256814986059983
588170 0.1184039659445345
588655 0.0940818978904705
589121 0.1186088059678414
589601 0.12011324774565224
590090 0.11950970742454797
590587 0.10491830991835233
591065 0.09811103391447268
591559 0.12238022602719256
592068 0.11884548702431352
592579 0.11287551476268143
593086 0.10317556251011728
593569 0.10743672243059071
594068 0.12276257819272912
594570 0.11616666518842544
595069 0.10082082702846712
595545 0.09915274967470666
596029 0.12628657460493098
596519 0.12178466810157235
597025 0.11467961799545223
597503 0.0912089900534383
597969 0.11681571214905961
598453 0.12737883034445568
598951 0.12128955496363686
599455 0.11031666290406433
599938 0.09391698462766745
600435 0.12084910862076337
600958 0.11468762750038192
601495 0.09764174583465507
602017 0.09427630561375433
602534 0.1199267439511672
603056 0.11428708405736532
