1382573 -0.5188466506373761
1382882 -0.3606879329103594
1383193 -0.3865080824698339
1383343 -0.2380041245657329
1383500 -0.39963395598055357
1383811 -0.5941262315409261
1384124 -0.41504864560408117
1384432 -0.3623707137566825
1384746 -0.3917585936681983
1385060 -0.4409596833041223
1385378 -0.5215964316686076
1385694 -0.439660596016358
1386006 -0.4182738366189557
1386324 -0.5535662737758436
1386644 -0.49658103210569404
1386963 -0.43458095616531645
1387271 -0.3771920973730336
1387588 -0.43634358685125585
1387911 -0.46126571329718186
1388240 -0.47222833477109827
1388565 -0.4471969916199995
1388888 -0.3637719057019151
1389219 -0.6396501001372173
1389375 -0.23316198862200088
1389546 -0.4738432491601738
1389877 -0.46868542474844344
1390193 -0.4210196753658615
1390520 -0.6007719351540194
1390846 -0.5657532254762753
1391174 -0.4715620678831691
1391499 -0.5408473750595142
1391624 -0.2015780687172219
1391823 -0.6409578847979187
1392145 -0.5028389721291529
1392458 -0.46565441734657453
1392772 -0.5098199281411905
1393087 -0.5914919040858182
1393397 -0.44740462709660317
1393713 -0.3488086082674484
1394034 -0.39323417819926487
1394358 -0.41378990226041573
1394676 -0.4712573707012794
1394998 -0.4402012746331623
1395325 -0.6531373454783693
1395652 -0.5080251338930674
1395979 -0.5118090826962727
1396301 -0.41158929526406585
1396625 -0.49180034461729016
1396947 -0.5739922723786008
1397264 -0.625956283411441
1397576 -0.4181557306390552
1397893 -0.4518527701515854
1398207 -0.4612400657554123
1398522 -0.49154687520233764
1398832 -0.44736659899126985
1399152 -0.5325243361063494
1399463 -0.4753209181944471
1399768 -0.3996963650991172
1400072 -0.3790376429265402
1400383 -0.43105942418832943
1400695 -0.34696892469121476
1401000 -0.4797409831189515
1401303 -0.3872553867817601
1401613 -0.43371968766857716
1401926 -0.5971390522015093
1402237 -0.46792350724265697
1402543 -0.35509570648931277
1402849 -0.4732486279356566
1403161 -0.4940348407670849
1403471 -0.49633031517049975
1403773 -0.4363384373451432
1404079 -0.408331289900488
1404387 -0.4726826688134533
1404695 -0.48384328195622334
1404998 -0.4886105758737192
1405301 -0.49663360350324814
1405607 -0.5065600190046032
1405912 -0.38974012568040245
1406220 -0.4847599722295747
1406521 -0.4894906386724497
1406828 -0.5022836916729768
1407137 -0.5332489619798592
1407447 -0.3939229908942411
1407753 -0.4526249192711016
1408063 -0.40258613676318167
1408376 -0.4789979501232662
1408689 -0.4966040379176575
1409001 -0.4419468906635484
1409305 -0.42971708077218673
1409613 -0.4389901568035165
1409923 -0.4931683442646808
1410045 -0.23872746959885727
1410235 -0.49648081170305913
1410540 -0.5005605043189736
1410840 -0.5410789924982773
1411138 -0.5575302833438414
1411437 -0.403908105917246
1411738 -0.4847432350547907
1412043 -0.480700913695474
