4528659 -0.5205500169550876
4528942 -0.6298236712159919
4529222 -0.4337450783078193
4529500 -0.5114731572842401
4529775 -0.5034667569443334
4530050 -0.4611840628592381
4530327 -0.5430703383898656
4530609 -0.47419336099149656
4530894 -0.4388855780118603
4531177 -0.456734597728913
4531462 -0.431895221838672
4531745 -0.44940071587457603
4532029 -0.5146536199422764
4532318 -0.576877407985502
4532606 -0.5747778063835003
4532890 -0.48038532401039724
4533171 -0.43699947710086756
4533453 -0.45240206782586195
4533733 -0.4593138456486205
4534013 -0.5423068207947355
4534301 -0.5328765291728133
4534589 -0.4867440469867384
4534875 -0.4477798212479791
4535162 -0.4961915545898278
4535448 -0.4548770581385973
4535731 -0.5096258585442426
4536307 -0.5770538546547546
4536591 -0.4301423561627347
4536875 -0.47915545191815284
4537155 -0.505375958212705
4537436 -0.5252763757471288
4537705 -0.38473557395660885
4537982 -0.45032929015628526
4538262 -0.4965505009972391
4538548 -0.4918226521724087
4538845 -0.5135336310234827
4539149 -0.5136182775762231
4539457 -0.7036388421249978
4539762 -0.6273286851562541
4540065 -0.6271307505954469
4540376 -0.6074600702743278
4540687 -0.6662285247397819
4541002 -0.5262018593410653
4541308 -0.4531509807686293
4541616 -0.5607592160342811
4541924 -0.557026710232513
4542243 -0.59753894112435
4542562 -0.5559934230321202
4542877 -0.5297043813431221
4543189 -0.7147490235582918
4543500 -0.48224384469061243
4543800 -0.6253573780245151
4544099 -0.4951160062017379
4544398 -0.5048528632438022
4544696 -0.6247689842085771
4544999 -0.5624913017902229
4545309 -0.4874458854848227
4545619 -0.4720148354856998
4545924 -0.5672861449369963
4546226 -0.4808947320500123
4546526 -0.5990904978052956
4546829 -0.5842928361376677
4547132 -0.3217600988395326
4547438 -0.5253244547958368
4547765 -0.5446507405328322
4548100 -0.4475393181262166
4548438 -0.5119608567817314
4548793 -0.5810330408661539
4549145 -0.4654663415891789
4549486 -0.5177634773137977
4549845 -0.5569683496937106
4550215 -0.5712609948719878
4550582 -0.4792101700905417
4550948 -0.5916034678118371
4551327 -0.5696736911998953
4551699 -0.4731020840904372
4552055 -0.5149038067652257
4552415 -0.5155035889372513
4552782 -0.5275482066157261
4553153 -0.5907679185160228
4553517 -0.6252461283629536
4553878 -0.6045493083118367
4554229 -0.5642458533919741
4554566 -0.6197905604856748
4554905 -0.5944192606241381
4555231 -0.5505602787866132
4555551 -0.5216616538141935
4555883 -0.4782849052015209
4556218 -0.5109798360812359
4556557 -0.5496710637462621
4556885 -0.5618039381548328
4557225 -0.537286071347704
4557568 -0.5693282974252085
4557924 -0.5761861304830691
4558264 -0.5349016777821545
