1861479 -0.20984680655469723
1861992 -0.2126311581538105
1862482 -0.1868609019956755
1862990 -0.21333818948411626
1863517 -0.21840805379054123
1864046 -0.2100196368737427
1864556 -0.1828755058556808
1865076 -0.21785082533222216
1865596 -0.21745135674353738
1866106 -0.22530451970538895
1866598 -0.20118749378682538
1867109 -0.22421485911179073
1867621 -0.21407124126850013
1868135 -0.23302613239791137
1868629 -0.19042301099353803
1869128 -0.21991399876822482
1869640 -0.2324838321143694
1870158 -0.23718423121352494
1870652 -0.1850621971042502
1871157 -0.20560424020738888
1871665 -0.22929309252546276
1872161 -0.2130870722481007
1872639 -0.19457689831525132
1873124 -0.20560639711574474
1873612 -0.22491443730136046
1874106 -0.23711622024009193
1874583 -0.20999392386839388
1875077 -0.188138041633495
1875591 -0.2114345809068544
1876115 -0.2171287532864108
1876624 -0.19901980781561268
1877137 -0.19248675238223178
1877660 -0.2140456730410084
1878192 -0.22120315097838694
1878705 -0.20687018155680809
1879211 -0.20049096778077008
1879737 -0.22508520000718718
1880261 -0.23209911201503725
1880775 -0.20111462297697585
1881278 -0.1895428223518174
1881797 -0.21538603771350595
1882319 -0.23335581921625093
1882827 -0.21524031523845671
1883319 -0.19428674681435004
1883822 -0.2306637928155938
1884320 -0.25627630046047845
1884821 -0.21447271334715623
1885302 -0.1820161351319699
1885797 -0.21267983193053064
1886298 -0.2139762829230092
1886806 -0.21714594902791584
1887289 -0.18184451510144595
1887778 -0.23713318281101892
1888279 -0.21350711988205606
1888779 -0.23252478039573943
1889263 -0.19729444754130732
1889758 -0.22159801069361468
1890261 -0.22437702554855893
1890763 -0.22792984766100266
