1651753 0.31199435390839986
1652270 0.27312438414670126
1652774 0.3172998882986564
1653296 0.3056770438131282
1653792 0.30795431846021226
1654271 0.2769115878201462
1654747 0.3058109608380619
1655256 0.3252042519584283
1655789 0.31794571666936056
1656318 0.27943278056630877
1656834 0.2956932547989212
1657378 0.3170962974094946
1657909 0.32282546774237286
1658440 0.2782849685679326
1658948 0.3083027430768034
1659482 0.3195408687209248
1660011 0.3178069222001923
1660528 0.27758125252383825
1661045 0.3183947466917138
1661587 0.31461413247144765
1662129 0.31713739019232334
1662657 0.2791563813599306
1663172 0.3064450261493668
1663704 0.31207746029713623
1664224 0.30955295648336795
1664732 0.27722208379402874
1665228 0.3047270947853161
1665739 0.31899051628749353
1666255 0.33026657318004987
1666760 0.2859617723518266
1667250 0.31657185846135893
1667762 0.3311319030798744
1668277 0.3278096319781905
1668777 0.28514335741335833
1669273 0.3249288839318405
1669775 0.32518032329992064
1670273 0.331514270047057
1670775 0.284417101726238
1671262 0.311194697789421
1671777 0.3225628126416442
1672297 0.3262500684398917
1672826 0.30242370885508474
1673337 0.29882822644300056
1673871 0.32817307232980647
1674402 0.3301447277934674
1674931 0.302698694027064
1675439 0.3055391977429629
1675960 0.3304264839207901
1676461 0.33546182793724244
1676968 0.29757556305561805
1677455 0.30467048739862207
1677971 0.34633946642688135
1678497 0.3351960910466716
1679014 0.2894736746823335
1679521 0.3136366560342495
1680057 0.3299836944642953
1680575 0.327252101877762
1681091 0.2895055014527043
