5785362 0.5320038413729488
5785650 0.488016494742564
5785937 0.45934456068991125
5786228 0.47878737814041417
5786518 0.39200429989311
5786808 0.5413638583314175
5787103 0.4308117330558552
5787398 0.5046047273978398
5787689 0.5422092169413362
5788562 0.44258438635292113
5788860 0.37137147726524383
5789163 0.37324806638269886
5789455 0.17241275346135648
5789750 0.3849496652020035
5790049 0.2965029476939856
5790350 0.5638945310981036
5790652 0.4567464723635782
5790950 0.5106738179585103
5791249 0.41584884839369785
5791553 0.5996586886892248
5791861 0.40022882597194154
5792164 0.43761818329304447
5792459 0.3212234268448112
5792750 0.28140577098443254
5793047 0.39188337862400946
5793356 0.4216290572500705
5793674 0.4684412156732961
5794003 0.4352876066168767
5794340 0.39017429209638266
5794674 0.37769522706476
5795645 0.5674128968509449
5796283 0.3137511251973151
5796602 0.46076294702798726
5797231 0.518084160825873
5797556 0.5201678479733233
5797891 0.39734097946587293
5798225 0.47042006512640205
5798552 0.5015119940834647
5798877 0.3948676443822503
5799205 0.4734890429353569
5799530 0.4887983672689336
5799855 0.4212770039209825
5800171 0.33691570334298615
5800483 0.38917529696115105
5800798 0.5126427489480978
5801122 0.448630567306982
5801440 0.4578847313889943
5801753 0.3981873663173645
5802056 0.39132372080704414
5802361 0.4695257182954219
5802470 0.40074168756375794
5802664 0.5481610058133448
5802971 0.5422054629364735
5803269 0.4448265159914363
5803573 0.6129816422324382
5803882 0.525117516792633
5804189 0.5732625891218017
5804504 0.6145050629241092
5804825 0.6661680760573231
5805148 0.6192887587755374
5805459 0.5573659009503569
5805778 0.6092026831476125
5806098 0.6381597654354356
5806416 0.583425680745177
5806721 0.5088694766279415
5807031 0.5925347978265507
5807341 0.6261987146191245
5807650 0.6220369741349675
5807956 0.5139356955490039
5808258 0.4928179241683438
5808565 0.6227008203739928
5808874 0.6069003865819222
5809184 0.5970500764473835
5809498 0.5648650312093717
5809803 0.5076217544719014
5810115 0.677682342942031
5810431 0.6402015921464799
5810749 0.6516003175483587
5811057 0.4732523964255229
5811366 0.553768456262668
5811681 0.62572364421501
5812000 0.6510899271441867
5812310 0.5108242601122465
5812614 0.5341410188886783
5812922 0.6066208378345512
5813232 0.618077801286626
5813544 0.6269708358417629
5813847 0.5016439498886831
5814156 0.5852292693502491
5814466 0.6361749819020184
5814780 0.6487902937107979
