1052468 -0.37488134530867934
1052913 -0.3793501955084923
1053351 -0.35236042202354423
1053786 -0.3866380901163176
1054223 -0.39031607555477793
1054649 -0.36588249938884265
1055070 -0.3701619670482761
1055498 -0.3869268425243822
1055929 -0.39043410616641633
1056359 -0.39972200001358177
1056790 -0.39656256503246456
1057217 -0.3565723783023087
1057638 -0.35917072851276255
1058063 -0.38501230138852494
1058486 -0.3998055245055106
1058909 -0.3901449256656231
1059335 -0.3850612099063772
1059763 -0.38765635275751553
1060185 -0.3552499766975623
1060601 -0.3356218656613664
1061022 -0.3863058385737806
1061448 -0.38705746731066204
1061885 -0.3929619986249669
1062319 -0.35773607982550226
1062745 -0.3327561786572908
1063179 -0.37467804460655413
1063618 -0.3794634576731301
1064058 -0.3832576286488227
1064497 -0.37406484926385597
1064939 -0.38990754996132443
1065382 -0.3751204712642168
1065817 -0.3836976006202443
1066248 -0.38635703423381096
1066673 -0.34083045127404643
1067097 -0.3758448430058098
1067519 -0.3950990760538464
1067938 -0.37104218099044806
1068352 -0.3185470628508651
1068779 -0.36931409756423766
1069212 -0.3873915753594357
1069651 -0.37811231935208567
1070086 -0.33953114911485105
1070523 -0.3683210822543149
1070969 -0.3790675306271341
1071408 -0.3886248042669628
1071841 -0.34638686647986705
1072261 -0.32706579567493144
1072686 -0.3924096968325
1073113 -0.3829770270446284
1073541 -0.37385744673214866
1073957 -0.3305157893164926
1074381 -0.362956294852806
1074811 -0.3820076707761858
1075254 -0.3850248802295887
1075690 -0.3559499904123289
1076117 -0.3269758488758806
1076566 -0.3816309483504218
1077011 -0.37458509381738525
1077451 -0.36094548393088177
1077878 -0.3067688828862667
1078312 -0.3765560563151043
1078745 -0.3750823382604674
1079181 -0.3933313719045362
1079614 -0.33735019590306614
1080040 -0.34962646227546457
1080478 -0.3873529725406543
1080916 -0.38766306968070186
1081341 -0.3486272115175152
1081766 -0.3689424099575307
1082191 -0.39082437194066616
