4378003 0.17880446599238517
4378486 0.1439640914047472
4378968 0.22105171537890062
4379481 0.21125591098123986
4380012 0.1785940140408243
4380520 0.15476960821701746
4381037 0.21522967459407277
4381555 0.21217759770339156
4382078 0.20125680714012348
4382577 0.14814401405769567
4383088 0.2160983441745331
4383602 0.19442169854289176
4384125 0.20578401144913805
4384621 0.14247038308690285
4385121 0.213617940251963
4385621 0.20290834417785047
4386128 0.20116651580391653
4386619 0.14596330303869182
4387099 0.19417504792979629
4387590 0.20173257217643564
4388074 0.19977733017907556
4388552 0.1525567904907506
4389015 0.17896085028811815
4389495 0.21269659769099902
4389982 0.2071561935084774
4390463 0.15960106102489463
4390930 0.19005446901150874
4391409 0.22007821090504726
4391906 0.20021420183716274
4392389 0.15289342961117824
4392865 0.18664116694099386
4393364 0.2050874812811888
4393876 0.1972142139678893
4394374 0.1433395739819156
4394865 0.20321206867561048
4395379 0.20101319201058832
4395902 0.16009357716735395
4396403 0.15875125589771116
4396912 0.2084864966032094
4397402 0.21514749750887216
4397895 0.15295577658262208
4398365 0.16243344669803167
4398859 0.1916708281417957
4399352 0.17113063729660283
4399842 0.169052414097288
4400298 0.1996778052343149
4400781 0.2057484035007306
4401267 0.20833220064252944
4401755 0.17226632229411676
4402235 0.1821261201261285
4402729 0.21439483799224934
4403256 0.21430593841520157
4403793 0.17416039584986182
4404299 0.16746905163167647
4404795 0.20580092063787525
4405315 0.20074090384369303
4405840 0.19111788416697967
4406355 0.14756363308998593
4406866 0.20267395194251664
4407382 0.19210261207323173
