843009 0.39147210228079937
843343 0.5345018715974139
843673 0.5393968802875396
843995 0.36579604039000413
844316 0.44575409674405564
844639 0.6266075728160033
844968 0.4132077438282791
845298 0.39387925811533053
845620 0.37799384054426277
845949 0.4520207081570909
846283 0.5169075180983448
846612 0.40375093198909856
846933 0.3627918488821343
847255 0.44270787133368494
847577 0.45962472211651667
847892 0.415613360392391
848209 0.38772373446265695
848528 0.47566259106297726
848852 0.5404032287182492
849167 0.3455756595475954
849480 0.4333145663689134
849800 0.4532241184954502
850119 0.488538185520454
850429 0.3300171694748396
850744 0.4969421910565901
851060 0.42392103669422765
851380 0.3770448777068203
851691 0.38512304132292086
852002 0.46337525094831644
852323 0.3644880380603682
852643 0.4361953475528425
852963 0.37892577018453477
853279 0.40938390179352985
853601 0.4907554066520897
853923 0.46727069180531744
854033 0.33231285940529015
854243 0.36847152193947846
854555 0.3692272147479918
854870 0.4483988723395096
855189 0.4903719677316932
855508 0.5664091547076033
855822 0.36289508547747956
856140 0.3934034478373484
856466 0.46209437046079105
856792 0.46074761404686937
857111 0.39425777810288987
857428 0.4636635016338079
857749 0.40837173963810686
858073 0.4885385343072671
858389 0.38889710803391614
858703 0.4461215988418927
859019 0.3768935809081346
859339 0.49628164653921975
859659 0.4383657515714677
859968 0.3367199847577503
860277 0.3493589234061227
860596 0.4012824081922341
860916 0.5178841920521994
861236 0.45405040166385635
861547 0.4282827172852548
861863 0.4189813535940091
862174 0.4080979261517694
862481 0.4703713614369849
862789 0.3488895094473341
863099 0.33611555489142597
863412 0.3943276592674495
863729 0.47803244788347954
864041 0.3173212517033399
864354 0.4919910803789016
864676 0.5443095425717749
864995 0.5534879523657883
865314 0.418939222997608
865633 0.466931997420638
865960 0.49619096259974343
866289 0.4274216291170003
866607 0.34641155326658735
866930 0.4053893895405383
867252 0.5144300420202967
867566 0.48034068389297324
867878 0.44521480166614336
868193 0.4039824304289246
868508 0.48044234311651807
868822 0.5026992569881342
869128 0.37602761779776506
869442 0.4507267912917184
869755 0.4139605325541642
870074 0.4887862176478099
870381 0.42195555936128737
870693 0.4535228595315308
871007 0.38453389180650205
871323 0.4463359718837421
871635 0.4056085746394574
871949 0.4121854805230538
872264 0.5360244915290947
872579 0.5130345050053855
872894 0.5013092931187969
