113 0.4162346824359746
481 0.601818359656991
851 0.6152604101876191
1215 0.6555851124324733
1568 0.4437318915829376
1921 0.4665829999353956
2267 0.44122754634407463
2602 0.3331532498931078
2937 0.3521040699544064
3270 0.2531845081570995
3588 0.35804988503169843
3924 0.18347038316406733
4259 0.370942318497494
4372 0.5180083090001305
4588 0.4129600899989895
4907 0.4265541744651771
5252 0.7495103796711633
5595 0.6735654685293337
5938 0.44584800604967545
6263 0.38352356996667325
6612 0.3767975927785114
6969 0.38714906155487355
7092 0.4483576238890119
7304 0.2842844851607604
7645 0.36817050964628834
8004 0.3614383282805902
8356 0.3745793032175718
8710 0.4368647583186494
9072 0.4416389108647979
9427 0.38101000577154964
9786 0.500658037199001
10151 0.4019025811230177
10524 0.4733392472751282
10898 0.4334375990298964
11248 0.4081804551475852
11610 0.45641858357723486
11974 0.3662765507355772
12348 0.4903725142863602
12700 0.45367216812802447
13068 0.7671381193474232
13423 0.5477931516869213
13780 0.4593963351033403
14109 0.3250809933082158
14453 0.5340579786606724
14799 0.5869635112136364
15153 0.4774337401840654
15507 0.44844417602096465
15851 0.45752846995959234
16180 0.47490681589795675
16536 0.48023175697136655
16889 0.49050192485744015
17243 0.49691013108096826
17584 0.47515139693881425
17934 0.5382888395357833
18284 0.5983129429608078
18619 0.5822521886960402
18934 0.3673550870716662
19248 0.29481445959654007
19568 0.3022638882270733
19888 0.3872068296947749
20196 0.41228225362547694
20499 0.5468337386306145
20796 0.5466061674590701
21099 0.5549973583550432
21430 0.5414212359304363
21775 0.5860542567160159
22135 0.29385521655461044
22505 0.47245241020658313
22884 0.5216484551590842
23267 0.543806555483711
23664 0.4704476338874404
24067 0.536258436020957
24461 0.5230547577661697
24861 0.5190726107666829
25263 0.5206008381939854
25654 0.3539249764069449
26032 0.43698876972456174
26416 0.4712569335010653
26812 0.35859833264675
27231 0.4156413063192064
27651 0.4123781974775186
28072 0.4180012083637159
28467 0.2890096287650717
28859 0.3564708880499313
29246 0.4224271433170245
29629 0.561457981092041
30002 0.43111613413172767
30374 0.638114940020913
30743 0.7371284857154259
31112 0.708956735891551
31466 0.5752940231949695
31824 0.5996093459793471
32178 0.6187373082836389
32531 0.6125795521826038
32871 0.48626858617869184
33216 0.5495240632601065
33551 0.5318204477056999
33874 0.45027959330175493
