393520 0.46716897576417293
393961 0.4928270433165479
394411 0.4438599009070288
394841 0.538205192941834
395264 0.5690108930898777
395689 0.41088052816432175
396120 0.496186444559987
396530 0.49516317296302814
396952 0.5102224067739242
397383 0.5061135885693244
397824 0.4669533621415441
398244 0.49382133660969835
398678 0.5167372257327749
399115 0.47004417970558576
399531 0.48520601785890183
399955 0.4932165927998209
400388 0.5060986238352502
400823 0.4826054102080215
401237 0.48523873001449036
401666 0.4974831550632196
402100 0.5058393785248343
402540 0.47618353392783563
402960 0.4650121801253378
403385 0.4902656991516468
403808 0.5035730627804467
404225 0.46095706031319944
404619 0.4897045844177689
405021 0.4974097424614861
405420 0.5061232636867131
405819 0.4914923775730903
406203 0.5017921872629424
406612 0.5196460741470861
407035 0.5271400871036607
407468 0.43132670878483137
407887 -0.05521131438147997
408297 0.5081441350035169
408698 0.4420783452632226
408894 -0.07743831689479913
409075 0.40444348916396483
409466 0.5052262557656251
409858 0.5881235358151777
410222 0.4469626403366009
410594 -0.032986531908995476
410730 0.22842689071803646
410966 0.3977642901981898
411348 0.020813857035949207
411716 0.32614077247007756
412092 0.2938590560407509
412470 0.43053902652699183
412839 0.46649392329985034
413204 0.22569286427543211
413634 -0.0655869709195126
413967 0.6230506822734887
414345 0.5209206771173119
414729 0.5522730643690923
415115 0.4227714800201028
415503 0.4966462527004036
415893 -0.10042280875756493
416273 0.4168679851161293
416644 0.37994059541123415
417011 0.3374234320847485
418087 0.3445829774873306
418318 -0.04056570781536495
418442 0.4653311646577446
418794 0.2848153902946719
419116 0.824718314361742
419495 0.4762644063932638
419844 -0.1882528893438969
420194 0.46166589689825516
420545 0.4986436732794258
420905 0.60514573467841
421264 0.5044748270334938
421610 0.621546689133542
421967 0.4404869081520625
422333 0.2617209570302496
422703 0.5921256033124047
423071 0.6422099409728732
