4768229 -0.5966768395703254
4768525 -0.5901404963980951
4768820 -0.5608484781452446
4769108 -0.4900929986453046
4769391 -0.4522663181364497
4769672 -0.5609146777350161
4769955 -0.5521358466162544
4770239 -0.4707989616038975
4770527 -0.42634906382283
4770814 -0.48269856129281413
4771103 -0.5581934098285168
4771398 -0.5705343552144116
4771691 -0.5857292220672212
4771984 -0.711809490993063
4772272 -0.5254757203961331
4772557 -0.4857420552118751
4772837 -0.47066456630561265
4772992 -0.4893412997956854
4773405 -0.5878855159735821
4773691 -0.5051932670781015
4773976 -0.5054062301263494
4774259 -0.5810496310985993
4774538 -0.5206533074645492
4774814 -0.5971521280892919
4775090 -0.633130258911639
4775364 -0.5998826958822682
4775637 -0.585754370149391
4775907 -0.5531847647096579
4776174 -0.49793728516729074
4776441 -0.6039786298594738
4776711 -0.5314273995357377
4776982 -0.5653647250254189
4777252 -0.5341080179716202
4777522 -0.5296235199334783
4777795 -0.5845161785980246
4778069 -0.5661383847017131
4778341 -0.5774917928957024
4778617 -0.6826404654251719
4778894 -0.5707416473692198
4779168 -0.5053312221141368
4779445 -0.55939197120452
4779722 -0.5905776931905783
4779996 -0.47257549479951655
4780271 -0.4908775508223573
4780549 -0.5047646942469781
4780827 -0.5274769765577725
4781102 -0.5321407098423085
4781381 -0.4858222034692971
4781659 -0.5065466942700074
4781932 -0.49815622866409354
4782208 -0.5429218293921866
4782483 -0.5703086726756391
4782759 -0.6057806613281623
4783032 -0.5412499913835075
4783310 -0.5508289753871956
4783585 -0.45483198584643725
4783864 -0.5243778765497975
4784140 -0.5102123892586775
4784414 -0.45704622648969007
4784691 -0.48623484529451805
4784973 -0.5175887207918862
4785259 -0.4527998549570664
4785544 -0.5033860354601596
4785828 -0.5283065597061556
4786108 -0.47272235573279286
4786389 -0.5368925923012547
4786671 -0.5778632887992085
4786954 -0.5424036681994888
4787239 -0.8613152043120327
4787515 -0.5125744462534138
4787795 -0.6884129570923243
4788074 -0.6564481711596062
4788353 -0.5405321204237331
4788633 -0.5074846514036161
4789189 -0.284356248381129
4789482 -0.42888250685152396
4789758 -0.48706323021220754
4790039 -0.4810830016963473
4790323 -0.5209987515296719
4790607 -0.7557242090722306
4791010 -0.6290083934495083
4791167 -0.5637901308757288
4791441 -0.545568925152318
4791712 -0.5314143122308064
4791983 -0.6124540780958665
4792251 -0.5645938205580198
4792521 -0.5573522627094913
4792792 -0.5545763173872553
4793061 -0.46203635481491395
4793331 -0.5091974027231276
4793601 -0.6173249984644256
4793871 -0.5232599500888934
4794138 -0.4742156980137344
4794407 -0.558576846034671
4794677 -0.5061981997970699
4794944 -0.465668503366929
4795210 -0.42660566807690925
4795482 -0.4818529586585999
4795750 -0.40908901438837664
4796020 -0.4336445712585632
4796292 -0.4459642827260593
4796566 -0.4823853029195197
4796837 -0.49921491791515665
4797111 -0.8694837128029971
4797385 -0.6060064836768748
4797657 -0.533119440154899
4797969 -0.6897561692176322
