1861370 -0.3508870465786702
1861833 -0.33445915322866276
1862281 -0.2912087290094278
1862733 -0.35168194006498604
1863200 -0.3371152477359326
1863663 -0.31499602603764615
1864110 -0.30191604828372787
1864566 -0.32703668785782286
1865022 -0.3402686285588081
1865472 -0.3032757800807551
1865904 -0.3394213453107311
1866342 -0.3549476157376747
1866788 -0.3443655287558669
1867234 -0.2949833279429046
1867673 -0.34260859692998685
1868127 -0.3413330879750327
1868593 -0.3453244627126133
1869053 -0.29606947414798734
1869505 -0.332771722294811
1869969 -0.33778942954105984
1870436 -0.33051351018364505
1870890 -0.2921304270561187
1871336 -0.3196731589608522
1871783 -0.3367688014125354
1872233 -0.3172438004966198
1872654 -0.29987893458969744
1873078 -0.34593150670363165
1873508 -0.3396635414628365
1873945 -0.3289108121232145
1874376 -0.29497182209917033
1874808 -0.3389384146242005
1875248 -0.34135403448230295
1875691 -0.3314469474587648
1876130 -0.2963333300720089
1876549 -0.3274051958460185
1876982 -0.3482331482395392
1877425 -0.3230448280262238
1877850 -0.29144093158899387
1878257 -0.2725510700427445
1878674 -0.3422242992919352
1879097 -0.3579536762775847
1879530 -0.32548326551088924
1879949 -0.2876105734075356
1880413 -0.29661256887438187
1880789 -0.3331275922187336
1881217 -0.3443777125818033
1881658 -0.33323179860417423
1882089 -0.3172512382702563
1882536 -0.3552464262403847
1882988 -0.3432454655539777
1883425 -0.3405362530933502
1883819 -0.3480628036784795
1884557 -0.15975815573223467
1884919 -0.24742613283187181
1885270 -0.26803266372185186
1885612 -0.2234121750859207
1885932 -0.21678200543359638
1886274 -0.15211010803028857
1886598 -0.25142145207035754
1886922 -0.24598883813151518
1887241 -0.19053620155266904
1887556 -0.2684137541978946
1887870 -0.4764748084348074
1888179 -0.4366233461357747
1888498 -0.45907604173871863
1888861 -0.36163951889224266
1889249 -0.37820915183701387
1889653 -0.339438618119806
1890046 -0.37248917661819536
1890466 -0.36246554013489285
1890882 -0.28927470964072766
1891255 -0.2911212257732884
