94317 0.5820928366604439
94425 -0.6832776194876538
94661 0.5989472664130454
94962 0.7848622284416813
95360 0.36678269462139645
95786 0.2678645449585275
96025 0.3727902372504217
96265 0.3618362412205796
96365 0.4486176775246623
97047 0.42257643897844444
97179 0.09938784061078071
97375 0.48939793431406625
97807 -0.40730198861145106
98156 2.3887215212219814
98271 -0.017836920986493476
98501 0.4247241410268525
98707 0.9289041444663193
98883 0.020162957992919783
99038 0.4031391071654075
99932 -0.7310961147073074
100677 0.5880802737969826
101347 0.3998004220378255
101670 0.943740118820884
101848 0.4110482987113856
101996 0.02059664427225516
102749 0.987111616640504
102959 0.5448260697301142
103385 -0.12001017199857666
103485 0.4897442125989786
103898 0.9490903566281335
104215 0.4645308778502748
104539 0.46363466879763315
104864 0.7146319007180896
105173 0.4287839035055364
105498 0.3356491805647434
105826 0.4335444383646358
106160 0.09934409188957649
106835 0.5794189126003401
107174 0.9849445961931438
107519 0.5421419683915107
107860 0.7096485787429218
108187 0.6189843890094595
108518 0.29579738404773415
108710 -0.10631002456125088
108849 0.5989573063653801
109287 0.2087881247844126
109424 0.14203482070098272
109816 0.4293327345275848
110137 0.46261590778658196
110460 0.6086988744165573
110775 0.2192658514138346
111066 -0.18523140721744447
111292 0.8831727574732648
111411 0.07828170214457483
111729 0.5141120038424196
111904 -0.006300748282022539
112353 0.3325286146423041
112667 0.1502062983107164
112974 0.6685796325964508
113593 1.629363009834479
113903 0.3305260776336062
114079 0.0034315205046890895
114526 0.40914413078025735
114838 0.817898555707215
115155 0.09886611891835045
115471 0.4383480092274228
115785 0.5332934607507709
116106 0.49046666429894825
116420 0.18276635536525437
116726 0.13043244957440736
117035 0.5579007648794148
117348 0.6544834442681882
117662 0.4958812580012163
117978 0.4678485402368463
118308 0.7060133371870577
118652 0.6069706230131736
118941 -0.0644494982839367
119338 0.5047799130286017
119685 0.5311666972326933
120035 0.7407801976587594
120387 0.46430239224525616
120840 0.5977809085545134
121064 0.5055632026324681
121409 0.37312690387748004
121522 0.43255404606833586
121759 0.27073990078796417
122097 0.773336613653116
122469 0.5377638871938333
122789 0.6148287956146842
123153 0.4823510889575524
123506 0.14451213174947602
