4916877 0.2386218021368839
4917360 0.21651651149079645
4917842 0.19883338762562913
4918303 0.19777151155163802
4918752 0.23936061271071335
4919220 0.23608564313995098
4919693 0.23309091546250962
4920153 0.19428742897308549
4920599 0.20340246274339352
4921041 0.24246781027968792
4921493 0.23690257618952157
4921950 0.23382514451357303
4922405 0.21429183054576897
4922855 0.21314107470846283
4923292 0.24102107953997026
4923746 0.23138687614220763
4924197 0.22407817509586841
4924643 0.1887597673353048
4925079 0.20720096691980977
4925520 0.25195434395234534
4925979 0.23825776248174949
4926447 0.2049284280668263
4926900 0.20670303829112258
4927342 0.2181905532037477
4927801 0.2593624414717625
4928257 0.23744673747654915
4928716 0.21677633892953696
4929160 0.20676916013814445
4929596 0.21760705653270235
4930047 0.2577991577731863
4930502 0.23901360458791565
4930964 0.20955934310038915
4931407 0.19261149442533626
4931830 0.2046336087998632
4932298 0.2468806062756969
4932755 0.22898547354392532
4933221 0.19916621430152304
4933680 0.19927126255561028
4934134 0.24354957781567155
4934603 0.22638725412675081
4935073 0.21081925108138505
4935526 0.2028394936764336
4935971 0.21139151353463048
4936427 0.24604133991437172
4936881 0.2239753059354561
4937337 0.199466319729722
4937772 0.20305465914950888
4938204 0.2499563623967558
4938651 0.23850864559491317
4939097 0.2342328241105824
4939544 0.20971965548944826
4939974 0.20731148059068966
4940387 0.24624286949344257
4940834 0.2395176574969132
4941269 0.22556967550691367
4941706 0.21287642588337247
4942127 0.19446998347879568
4942529 0.21916244552429043
4942976 0.24663788871274892
4943418 0.23649982552410448
4943874 0.20690454083963045
4944312 0.20257959164833705
4944747 0.2310567386410876
4945207 0.2418015960484193
4945681 0.23274069216201268
4946164 0.19971027217327453
4946630 0.20658575597475537
