3778532 -0.5755900031680992
3778779 -0.5011220963516112
3779024 -0.8805133238971586
3779153 -0.24135709690268062
3779278 -0.3792407839862212
3779774 -0.4942026496117735
3779911 -0.2963307617661189
3780024 -0.5667195765463847
3780275 -0.7864584259567438
3780521 -0.5718348934171071
3780645 -0.3004233924006152
3780776 -0.3690398787166158
3781021 -0.5270897824313581
3781270 -0.5476588142143519
3781518 -0.563780879461725
3781765 -0.5239374225072065
3782013 -0.490717805942984
3782261 -0.4898092678749283
3782510 -0.5512984668409653
3782756 -0.4235337979746432
3783006 -0.4755307375602017
3783257 -0.603469632912457
3783509 -0.6306624774095797
3783758 -0.4386876961030622
3784005 -0.45056472359579713
3784254 -0.4808146096329837
3784503 -0.6075381013146417
3784752 -0.5104826532058067
3785001 -0.49104168164565765
3785250 -0.5242727406771581
3785502 -0.6535422813092983
3785751 -0.45050629799635233
3785891 -0.07623925302555767
3786000 -0.506063961538623
3786248 -0.8235878804298097
3786498 -0.5714576614619152
3786747 -0.6393595718121236
3787000 -0.54845369237554
3787247 -0.5449074848758108
3787745 -0.4704241440228204
3787992 -0.48380784357403617
3788494 -0.49380533696001716
3788742 -0.587444404878564
3788990 -0.3787739017379822
3789238 -0.45870846415279654
3789486 -0.8465854841519209
3789735 -0.5708538512435932
3789982 -0.463554704940028
3790475 -0.5918607516751865
3790724 -0.6505707672477923
3791213 -0.46555102729042647
3791458 -0.9799038575634978
3791706 -0.5911357810833756
3791951 -0.5700638841820758
3792198 -0.5387917637236437
3792443 -0.44228007951860737
3792689 -0.48095326968531726
3792937 -0.5777972856708193
3793197 -0.5750773248204707
3793455 -0.7056365588275089
3793692 -0.4588870273647947
3793945 -0.5495861498147858
3794201 -0.5341170973400317
3794459 -0.5535018590251064
3794719 -0.5141305585325538
3795005 -0.4970336547275689
3795230 -0.5572152670506568
3795489 -0.5357149745179574
3795750 -0.5014766899695172
3796009 -0.501410965620648
3796269 -0.47626312034645213
3796531 -0.6357769941956344
3796792 -0.5321016987545459
3797303 -0.48322551223985044
3797558 -0.5922593099128316
3797814 -0.3300876849356025
3798065 -0.3069890779891631
3798318 -0.44269726483980243
3798571 -0.46724610726702875
3798825 -0.6483822757410242
3798959 -0.22865935282544708
3799075 -0.5547236788534418
3799326 -0.45340230034835244
3799579 -0.5319023735117935
3799828 -0.40849285404069746
3800080 -0.5303880430878196
3800332 -0.5766347748792466
3800581 -0.386860111652904
3800832 -0.5103846757421066
3801085 -0.5768794720620556
3801334 -0.5795384558126978
3801587 -0.5387005219730551
3801839 -0.3809030936638871
3802091 -0.46556919717424783
3802345 -0.5330023139506924
3802599 -0.5068497186844427
3802852 -0.4725179606605514
3803105 -0.46390976229796554
3803358 -0.4597453580247004
3803613 -0.5427297413870122
3803870 -0.5000151983996419
3804125 -0.4770635441060303
3804381 -0.4764668546955902
3804637 -0.5380085627506113
3804896 -0.5059716716896114
3805154 -0.5572453454583323
3805415 -0.5551390212488087
3805669 -0.45891879851235196
3806183 -0.5226055081218712
3806702 -0.7954650561009815
3806948 -0.7108632111645836
3807202 -0.5668563698959795
3807457 -0.596201719542716
3807711 -0.4734601071468978
3807965 -0.42993783241411543
3808220 -0.5190110569315499
3808475 -0.4955631258917494
