543350 -0.4697301762442395
543748 -0.49489024079417787
544164 -0.4857485932727661
544578 -0.3355184583369204
544985 -0.48515248250281956
545387 -0.5181072703886872
545774 -0.572655713948372
546154 -0.5772199711234423
546542 -0.5400363162556078
546928 -0.48905212334491444
547312 -0.6306471677568403
547702 -0.4918090697842451
548072 -0.41989579910317343
548463 -0.4497143441060345
548866 -0.509189522732337
549285 -0.4603602929687739
549699 -0.32503540554405896
550099 -0.511835584345883
550490 -0.47005739629743737
550876 -0.45544937343086134
551254 -0.5046307160468931
551636 -0.4646791950712674
552007 -0.44433880442632523
552397 -0.5244816072280459
552790 -0.5177698306663077
553195 -0.4846422508291367
553597 -0.4494728139294273
554025 -0.4466073577321681
554462 -0.49963253099677085
554903 -0.46946834959967443
555313 -0.44583177070424196
555723 -0.42320449097704504
556135 -0.4863032769424498
556539 -0.45940721094937387
556947 -0.48234808510258
557349 -0.45891749720833097
557727 -0.40644733140905864
558125 -0.44886516769030094
558516 -0.4901365256951743
558920 -0.3690646595516035
559313 -0.4398271248791077
559692 -0.37958461337358707
560089 -0.4130166915026974
560483 -0.403049891806751
560874 -0.4642422355393193
561263 -0.41270514440935635
561648 -0.4815796914514239
562030 -0.4750715462057926
562408 -0.4855262211187584
562774 -0.37558636445818894
563142 -0.43603853226936995
563513 -0.44393098641550555
563890 -0.4586757455575826
564260 -0.43098495801859227
564602 -0.4264593347848883
564940 -0.37279938455011274
565288 -0.41515439493071393
565637 -0.4211937655441197
566008 -0.39773679971291986
566396 -0.26146903679213107
566801 -0.4562290730466385
567214 -0.44401131795330917
567617 -0.39432093121258593
568004 -0.4603073872390695
568397 -0.4573295018298178
568788 -0.4440525512979909
569177 -0.4010778122335391
569552 -0.4094446634622204
569947 -0.4166813306821697
570346 -0.4271411115077308
570756 -0.4242522413208053
571157 -0.3673928330713019
571559 -0.44529447549449586
571965 -0.48426601906379385
572374 -0.4063570453527907
572755 -0.369576613124155
