6803776 -0.45636795629383964
6804158 -0.4341928603441011
6804548 -0.4545079969272543
6804917 -0.39465057253911906
6805285 -0.46876521971881646
6805656 -0.45979032544322884
6806034 -0.4893285086691608
6806397 -0.4047748757888886
6806750 -0.4156069830624948
6807112 -0.4632751708951952
6807483 -0.48638890441684324
6807866 -0.4021626354501393
6808223 -0.3773158482086034
6808591 -0.4676548614048557
6808948 -0.43714208491881346
6809282 -0.5087412351780654
6809603 -0.4645426642718714
6809927 -0.47719172572743934
6810257 -0.40782682934972264
6810589 -0.39854891418158395
6810942 -0.4674586752632487
6811324 -0.43082858889645514
6811690 -0.38359053546473987
6812036 -0.4272205736024383
6812402 -0.39695754227816266
6812779 -0.5504570055489445
6813147 -0.5408704022665506
6813507 -0.6263318653032894
6813876 -0.5607407908880414
6814234 -0.4227613786987534
6814593 -0.5093324923400461
6814953 -0.5259724003596545
6815303 -0.4030330087129488
6815669 -0.5213415506285564
6816056 -0.5257458237107007
6816461 -0.5178365987776575
6816871 -0.4491907904177769
6817257 -0.5346011489043803
6817647 -0.5154887063943621
6818039 -0.5097677889495139
6818421 -0.4738760694100911
6818774 -0.5213016416960522
6819136 -0.5183338389158175
6819505 -0.5083054316292479
6819886 -0.477378084194656
6820240 -0.4320262194646556
6820618 -0.48156475403728416
6820999 -0.502242308196149
6821372 -0.419229137133765
6821748 -0.5316414754533504
6822137 -0.5933300933990889
6822526 -0.4723641722725608
6822892 -0.48512587925911876
6823271 -0.4776395598257298
6823656 -0.5065123629236649
6824043 -0.443041236860817
6824405 -0.469794512393811
6824778 -0.4743202770352558
6825154 -0.4944607730882906
6825541 -0.49571451068753036
6825911 -0.47294664899788463
6826300 -0.5147716325197333
6826699 -0.5013309732071509
6827096 -0.45601262496625383
6827480 -0.5023453195059937
6827879 -0.47064358420531927
6828275 -0.46004819678536013
6828642 -0.4291846459711004
6828992 -0.5164386279351896
6829360 -0.5130376057881813
6829719 -0.4996881606711451
6830084 -0.50788953380632
6830433 -0.42980706778744204
6830796 -0.5100112357390946
6831171 -0.49597732522625115
6831548 -0.4592827470608235
6831904 -0.4443037396631344
6832277 -0.4909008645810018
6832655 -0.49058249946451404
6833030 -0.4764415608445408
6833390 -0.45845047784309867
