3538485 -0.45467407129949367
3538920 -0.42861228782221106
3539354 -0.4514770221298027
3539802 -0.4488402080698678
3540261 -0.4516624628843567
3540712 -0.43271650022578545
3541151 -0.44809645381574176
3541600 -0.44152044362545956
3542042 -0.457232964198569
3542459 -0.42876143314756043
3542887 -0.44947566620792645
3543345 -0.4420963174828881
3543794 -0.44493123215933683
3544244 -0.4523603125258064
3544667 -0.44443337331971755
3545115 -0.44321571543085464
3545554 -0.45550862562194044
3545995 -0.44834522434353197
3546409 -0.42884355127678475
3546832 -0.4467722359679054
3547281 -0.44423469132593374
3547721 -0.43658591282769693
3548157 -0.44507078934446587
3548561 -0.4336037987061301
3549002 -0.4528332857452822
3549442 -0.43764076919812106
3549891 -0.44828576647841156
3550326 -0.4146192827126068
3550764 -0.4691365663770973
3551207 -0.5126901499602086
3551629 -0.451657337577873
3552025 -0.47138180277103237
3552422 -0.4544247827249834
3552830 -0.47199401008954717
3553252 -0.42446289447143365
3553648 -0.4665925772649423
3554044 -0.44506778583045464
3554447 -0.45075863999241694
3554866 -0.4488619496443635
3555276 -0.4582171286952269
3555671 -0.44417841070689107
3556079 -0.46728263390688346
3556505 -0.45647039276283385
3556934 -0.4568394857044202
3557350 -0.4532970294497748
3557769 -0.4642154256305469
3558199 -0.44995847840853104
3558644 -0.4446761644771532
3559077 -0.4574364677237935
3559495 -0.4640917447976323
3559938 -0.4269474630955077
3560360 -0.4689666609368788
3560750 -0.44145569795299483
3561126 -0.43028861042231603
3561504 -0.4677772118965747
3561884 -0.4670214149417998
3562254 -0.4644385311368586
3562618 -0.43161147169780445
3562994 -0.4891492522759794
3563375 -0.4513760666347447
3563772 -0.45852707548826865
3564179 -0.4518234551940372
3564564 -0.42012638621692033
3564962 -0.445369413674782
3565363 -0.4629556252275939
3565768 -0.4504709524906272
3566174 -0.4544409251369973
3566569 -0.4451632734298565
3566967 -0.44563644540271197
3567374 -0.4575238133314321
3567798 -0.44735170341927016
3568216 -0.4523207100526317
