1322233 0.44216137918501086
1322621 0.4369227593268551
1322994 0.40125730190547887
1323378 0.5151556863749125
1323759 0.5737271655416202
1324140 0.5840993866021187
1324505 0.39587238402252234
1324876 0.47235356019857405
1325253 0.49406352189446434
1325637 0.5384969640689367
1326014 0.4529404503609882
1326383 0.46211873938550724
1326760 0.5237494755998267
1327136 0.4831320149453015
1327509 0.19062287069355832
1327877 0.48168222266825256
1328261 0.27275189461778104
1328659 0.5703401999811564
1329052 0.30080505231464
1329428 0.5436042941725208
1329821 0.3909773795631987
1330215 0.4569803170018854
1330596 0.5261776425538187
1330793 -0.10220644360669051
1330954 0.4796303579184771
1331314 0.402595182612955
1331679 0.5604198651041961
1332049 0.5404133393167063
1332414 0.5621079896270339
1332790 0.6428892978803756
1333174 0.48390462058557676
1333570 0.6705094222865751
1333944 0.6796358670421727
1334332 0.5727412630047839
1334722 0.5511245313973274
1335115 0.47975173024336215
1335491 0.4826673507752393
1335884 0.5214420069018665
1336283 0.5329901206704815
1336691 0.5176534674556467
1337080 0.4183682155892253
1337482 0.5238696995445623
1337880 0.5560191151963099
1338280 0.5127265948364923
1338653 0.445799651156195
1339041 0.5321650625793056
1339425 0.5515578377819131
1339806 0.5052462627981342
1340166 0.5121619974350713
1340540 0.569812622442313
1340917 0.5594771946004541
1341303 0.5021884604483715
1341670 0.40410303561817396
1342051 0.3918352406818925
1342437 0.4161755480512923
1342828 0.4432308871048703
1343198 0.4969621971191005
1343581 0.4812913190233196
1343963 0.487305633952848
1344337 0.39163385311987753
1344695 0.4369269018109576
1345060 0.5181434946952644
1345428 0.48561728364405904
1345789 0.5913998535152585
1346140 0.4008066351716324
1346502 0.4794990885515492
1346866 0.4464115597372617
1347233 0.4242265930385605
1347585 0.39249087189679444
1347934 0.44122924700502236
1348289 0.3524180522836905
1348636 0.2855404879870483
1348971 0.33408740821406546
1349321 0.3698183919394543
1349685 0.37352885732505214
1350077 0.36624023553214735
1350465 0.31720419267260264
1350880 0.34833271908460395
1351307 0.3416359626447607
1351731 0.3101354587333357
