1591731 -0.24567204691589228
1592259 -0.2428700113006368
1592724 -0.2519063314990138
1593166 -0.232404197637342
1593615 -0.23767229096239562
1594059 -0.23870200259841307
1594516 -0.2698996198737759
1594938 -0.26542104336518535
1595333 -0.23512726591707322
1595738 -0.19970534627654635
1596126 -0.1973323444392448
1596502 -0.21674173150814238
1596872 -0.2337465134898501
1597230 -0.18571847358692217
1597586 -0.18743162772441258
1597940 -0.2033387437330081
1598275 -0.14817168940910896
1598605 -0.1538388617723634
1598941 -0.18349300655925505
1599270 -0.161785047314439
1599600 -0.15799068976615327
1599926 -0.1768908463559219
1600251 -0.19912990062822722
1600573 -0.22366596592670707
1600892 -0.27831106792146487
1601209 -0.2672352466034529
1601525 -0.26186325897280405
1601841 -0.23831306904026905
1602154 -0.2582691218743227
1602469 -0.24812931537378313
1602788 -0.23819583426028634
1603116 -0.24214052116126394
1603460 -0.2793943482032899
1603836 -0.2842668268271056
1604219 -0.2607609131664401
1604626 -0.26864004899152094
1605039 -0.2841238886072741
1605458 -0.2583881009976666
1605840 -0.24461507817777006
1606220 -0.23326973018645347
1606592 -0.27987021227832876
1606978 -0.2949501496719469
1607355 -0.2442135287208116
1607748 -0.23452814896405905
1608159 -0.25810059824554255
1608596 -0.28372862463104853
1609071 -0.28275196139154823
1609531 -0.23314211752196856
1610039 -0.2656629695568159
1610570 -0.31340381543493245
1611096 -0.339869939137335
1611620 -0.29756578511143983
1612151 -0.3186252947167749
1612671 -0.316706889224061
1613181 -0.2422099927670096
1613710 -0.2518696150903186
1614248 -0.2582731987898202
1614789 -0.25723407641582025
1615320 -0.2562214687833113
1615823 -0.2371440631301453
1616344 -0.24403092069626997
1616840 -0.262409926000755
1617301 -0.30677149331890935
1617743 -0.24798241412402194
1618175 -0.24350573467612657
1618617 -0.29037357711311396
1619112 -0.3322802759462028
1619630 -0.2920789786794957
1620151 -0.25639275439524495
1620724 -0.27517841325453457
1621261 -0.29572155539293443
