1322267 1.2753013275713696
1322375 0.1663697559379126
1322548 0.31988517256230714
1322901 0.22132614719838467
1323238 0.15530463104436654
1323570 0.16501524025608605
1323898 0.12023121451870944
1324227 0.17027943888153185
1324558 0.16434115311240927
1324887 0.15456041954883437
1325224 0.18101243627080388
1325561 0.1800207845608195
1325915 0.17297580933704726
1326278 0.1784031455375925
1326629 0.16347417225248717
1326986 0.14528031382468576
1327364 0.16142017184726642
1327739 0.15951278182782513
1328123 0.15840160779991797
1328520 0.16093199411897252
1328923 0.1256343613220955
1329308 0.13388293342069424
1329703 0.16667532931267293
1330104 0.15330434962002548
1330508 0.15344627050564308
1330918 0.12631053837724382
1331306 0.12039487199442755
1331709 0.17035891789724078
1332122 0.156088549051571
1332547 0.1483237643861267
1332969 0.12596826139291306
1333365 0.1332710985311445
1333772 0.1546172109447429
1334181 0.16271514704398893
1334610 0.15434061591457227
1335052 0.12569915419618127
1335472 0.12082799275429257
1335898 0.1581136406797765
1336326 0.1680083188250835
1336757 0.16438581847777534
1337189 0.15413736866118355
1337592 0.1352286655030316
1337998 0.15963603600949383
1338399 0.14335111470699757
1338799 0.15817954816462532
1339200 0.1308928772829835
1339595 0.12106017692960946
1339994 0.15443276881109447
1340409 0.1621691971205318
1340830 0.14709911443597745
1341256 0.139160487168976
1341675 0.12794249196002827
1342084 0.16071179363079802
1342501 0.15678306532699093
1342922 0.15395017556929758
1343344 0.15380588986314037
1343747 0.12253583885504349
1344142 0.15003117564256718
1344545 0.16370285801235662
1344953 0.15162457313939803
1345363 0.1409349763962009
1345753 0.12700149812995232
1346142 0.15437566236383204
1346535 0.15855932085832303
1346940 0.1629840038377519
1347349 0.17861577247945737
1347755 0.1409977202339865
1348150 0.1283505019888843
1348559 0.15931945273478143
1348969 0.14837154184743812
1349382 0.1553136817800806
1349799 0.1352862961874426
1350201 0.12012626486365963
1350612 0.15965715947358128
1351027 0.15839030467418713
1351453 0.15661447463835443
