3120124 0.5659151266150373
3120436 0.4221147370009816
3120745 0.5383900257418637
3121058 0.5676467902746488
3121369 0.757699732015997
3121676 0.44955595183289215
3121985 0.6587350150828692
3122296 0.4242388455321179
3122602 0.5941202388359089
3123210 0.5473639390520265
3123514 0.6947093554024852
3123815 0.5399602355541823
3124119 0.5703874952350071
3124418 0.8249409162199673
3124725 0.940225600567276
3125034 0.8777066649778085
3125341 0.9012480207994091
3125649 0.6987708770407317
3126266 0.8661880622070413
3126573 0.7458606650054779
3126878 0.7087239920326286
3127186 0.639532638716214
3127493 0.7151549928813583
3127800 0.9011996004546498
3128103 0.8873814100260184
3128405 0.8511690415417716
3128702 0.7190422221652886
3128999 0.7080601961657188
3129297 0.6540990993127986
3129593 0.7633723478390709
3129884 0.7830538770994337
3130171 0.48777264642254525
3130458 0.3198051448417939
3130743 0.37531586319396093
3131037 0.5569712240187386
3131331 0.66717257163939
3131620 0.6756810883844461
3131909 0.5336081390225708
3132202 0.38716385137682807
3132493 0.4834945835256178
3132782 0.5023042848916064
3133076 0.5363142980102276
3133367 0.6144804246167259
3133651 0.39512555882699324
3133938 0.38302989391154474
3134226 0.6574468583715881
3134350 0.3147828496596802
3134509 0.36154453560342803
3134795 0.6535690056803525
3135083 0.544524134498588
3135376 0.5463842629173488
3135667 0.6762622028336756
3135962 0.4644168205725656
3136258 0.522196121602612
3136565 0.567810529760487
3136874 0.5099533599435956
3137173 0.3667710491832375
3137484 0.5472055604122542
3137801 0.6174678003644376
3138112 0.5550143162897094
3138416 0.5487480912790266
3138723 0.6500039766579283
3139029 0.6749306605526181
3139331 0.6968865513752129
3139642 0.722691820723806
3139952 0.6581202768801377
3140271 0.7360555750652371
3140587 0.6273086056514148
3140908 0.4029472258899308
3141219 0.5049530782009546
3141543 0.5471166319005955
3141859 0.6234881536359028
3142168 0.5015608969770091
3142475 0.6293908396412059
3142790 0.6441458239807921
3143088 0.44281185617110963
3143393 0.5313297556109466
3143704 0.539926535782157
3144010 0.5754884566194333
3144317 0.46878343408133405
3144622 0.5073458733186509
3144931 0.4296014057641609
3145242 0.6990530339402264
3145550 0.36107766624431326
3145856 0.5466863423405698
3146166 0.620117937608104
3146474 0.5761280382692219
3146787 0.5820294589580537
3147091 0.649619371769924
3147401 0.6387443227828999
3147710 0.5924623425366228
3148020 0.6001696223057942
3148325 0.5792955952637817
3148507 0.2291793455901141
3148632 0.6176606505716167
3148935 0.5378435589921182
3149243 0.5062047434430103
3149550 0.5167377932209734
3149866 0.5399103227654384
