2220585 0.294250435309469
2221091 0.26214973047386125
2221571 0.26691624686310317
2222058 0.3039086037152554
2222550 0.3113501081598238
2223045 0.2640822166127405
2223528 0.2662798471874641
2224020 0.3031900129271332
2224522 0.30056035556941824
2225031 0.29741200819079994
2225529 0.24493315988701184
2226027 0.2955927403915259
2226537 0.2939772524014804
2227048 0.2899402109251981
2227556 0.28069909464751
2228049 0.2704670982914831
2228546 0.3100130498286134
2229045 0.29393345463577
2229542 0.28388896918028994
2230035 0.28601881403961227
2230539 0.300614552323547
2231037 0.3032329610214002
2231534 0.2969862509467468
2232042 0.2712857672004668
2232536 0.26630562586825457
2233046 0.30415152055440975
2233564 0.31113786520942677
2234086 0.31143631072448164
2234613 0.2990821961794395
2235137 0.3126141024786218
2235668 0.3172489894227357
2236196 0.31359552846475525
2236715 0.30881687520453815
2237229 0.30666961753320476
2237745 0.30172039220035474
2238253 0.3075565548506234
2238758 0.3128187231751939
2239260 0.32178835810502593
2239764 0.3182584496044848
2240254 0.29964920350614965
2240747 0.3078604674686757
2241241 0.31011843133871597
2241733 0.30834081006345576
2242224 0.285958856524857
2242722 0.32365264585570497
2243227 0.32232152016524823
2243739 0.31216454319787457
2244247 0.26868107936718044
2244759 0.3194857247539592
2245280 0.31295725790219375
2245805 0.29280157990781747
2246319 0.2559520559496787
2246812 0.31073221011171626
2247314 0.30811349992084813
2247817 0.3030506421810337
2248324 0.28280255461392945
2248818 0.2717530330465215
2249320 0.3075193587747855
2249838 0.3141362952249107
2250364 0.3016444570726771
