1472233 -0.5427602128983018
1472519 -0.5930422599118104
1472819 -0.671452746194846
1473115 -0.4364040848289046
1473410 -0.5568454946627545
1473707 -0.5205484160835717
1474000 -0.6043290103361039
1474292 -0.6029893094325655
1474584 -0.45724912376324856
1474870 -0.5829744049730974
1475158 -0.4588706851551927
1475442 -0.4814270947436928
1475731 -0.505670827657256
1476015 -0.44680319206375047
1476307 -0.5352951332841078
1476600 -0.648305798827265
1476892 -0.53083689726234
1477180 -0.7786635057191207
1477479 -0.5903535536181678
1477778 -0.580067538501749
1478072 -0.5446031277519124
1478364 -0.61807336721259
1478795 -0.4740142746203022
1478962 -0.6282334366493112
1479243 -0.41797006659467484
1479534 -0.7328092610314169
1479819 -0.5733036771431088
1480110 -0.627166022833752
1480398 -0.5640733081289075
1480682 -0.3875020536661161
1480970 -0.854179351799515
1481257 -0.5722772873486495
1481539 -0.5397110874747894
1481826 -0.5679469286227626
1482116 -0.6109982335048525
1482402 -0.5680761615967647
1482692 -0.5127393027132723
1482986 -0.6455273298075201
1483276 -0.5948666203711621
1483571 -0.654528506186993
1483729 -0.21520449150410131
1483864 -0.4157554005840403
1484181 -0.6641764633024891
1484455 -0.737071660619615
1484748 -0.5992504156100701
1485038 -0.5851103542843923
1485321 -0.579485771158849
1485608 -0.499168021193634
1485887 -0.42810830132738276
1486167 -0.40940000050722336
1486450 -0.5521942241391196
1486735 -0.5319259343426925
1487016 -0.5584239162702833
1487294 -0.6479670321355465
1487574 -0.6407939096242801
1487853 -0.44224516343752984
1488077 -0.17911685747375772
1488408 -0.6354809436442338
1488691 -0.5753094952647663
1488965 -0.47580616153580435
1489246 -0.449858780011839
1489529 -0.7302118420892518
1489805 -0.6945969257130311
1490084 -0.697118797792051
1490361 -0.5453347178192731
1490643 -0.6613448690910964
1490920 -0.5619563284412221
1491198 -0.45836577194251354
1491474 -0.4589015851302086
1491760 -0.5794907386423901
1492046 -0.4797397209238411
1492330 -0.41105119553004205
1492618 -0.499640915530285
1492914 -0.5866256970267838
1493202 -0.5261519561448961
1493488 -0.4891448489426552
1493781 -0.49687941541130776
1494075 -0.5319207765249709
1494363 -0.4208031981036193
1494654 -0.5551198695913309
1494948 -0.5697017427857539
1495241 -0.4636105523663657
1495529 -0.3866313194094739
1495825 -0.5957923755290784
1496128 -0.5662340235698332
1496426 -0.4470742368010888
1496724 -0.5275330442121797
1497028 -0.5832037624596669
1497336 -0.49184206524414475
1497636 -0.4468327436675006
1497937 -0.5991738088689641
1498244 -0.5668635377426826
1498551 -0.4551176049522704
1498848 -0.48345119654805335
1499154 -0.5361176226976488
1499452 -0.44407792204823027
1499745 -0.4111864340474978
1500047 -0.6067093710582601
1500350 -0.601734369606854
1500646 -0.6273377265016536
1500950 -0.48209301039807395
1501252 -0.46870001001255734
1501543 -0.30442780706102024
1501841 -0.5708149700288163
1502139 -0.5320524656923544
