4407959 -0.22430332771702388
4408481 -0.23404104972562667
4408979 -0.23947611154123705
4409487 -0.23127377882286948
4410002 -0.2097342729880789
4410524 -0.22226726571230404
4411028 -0.21547571285718004
4411531 -0.22053382544266553
4412044 -0.2169002612502567
4412550 -0.2303129465407816
4413055 -0.22825940511273912
4413534 -0.20516152418354228
4414024 -0.22609616624422635
4414521 -0.2258191713183419
4415022 -0.22709340503529546
4415514 -0.226883694886041
4415993 -0.20705433117395877
4416493 -0.2258656699324026
4416997 -0.2224987023571124
4417502 -0.23401670663774998
4417992 -0.20715657264509701
4418493 -0.22769218804293623
4419004 -0.21812306627278022
4419504 -0.22120194926779824
4419993 -0.21734264338321752
4420502 -0.2227473508116939
4421020 -0.2233281396335589
4421527 -0.22653914466089964
4422015 -0.22372100777032433
4422526 -0.22209525977251265
4423043 -0.2217271770256357
4423558 -0.2256291111726263
4424050 -0.20919347755861117
4424563 -0.22562534248918342
4425080 -0.21845992839689177
4425611 -0.23269891150670602
4426117 -0.21443835818472812
4426634 -0.23219486609572149
4427164 -0.2197404832490455
4427702 -0.2200303975491918
4428228 -0.2291818357641353
4428728 -0.21447401046715453
4429250 -0.2207143253893501
4429770 -0.2484083025607945
4430284 -0.2219584047741714
4430769 -0.20452147645373364
4431265 -0.2212797176380633
4431768 -0.220146934857404
4432272 -0.23135404244073315
4432752 -0.21610786896449985
4433247 -0.23952049990945357
4433749 -0.21671881114979286
4434250 -0.22267492797104982
4434736 -0.20251319203271767
4435248 -0.2262349525839863
4435772 -0.21878005049924154
4436303 -0.22772461797060384
4436811 -0.203629426814958
4437337 -0.22977576801937338
