3209471 0.37646357570403016
3209914 0.33437649557180127
3210426 1.540423163522456
3210625 0.542358010552888
3210750 0.30643346735370547
3211178 0.44577243506639647
3211440 0.6378201353728521
3211616 0.3856573784128994
3212039 0.3551469981334855
3212481 0.3184546236892437
3212617 0.37380738472485586
3212928 0.3916110388904065
3213378 0.37232746575478737
3213821 0.34285822577141944
3214263 0.32071120316995266
3214707 0.3960183798216901
3215145 0.32613669663465683
3215562 0.4125200629356626
3215989 0.39388459321246566
3216423 0.38592535584207055
3216865 0.3337454015137351
3217290 0.3813459456906494
3217727 0.41770036155190504
3218169 0.3564704917982348
3218597 0.3243508211428277
3219007 0.3592624560085125
3219428 0.4023995726819442
3219855 0.4063411438219968
3220286 0.35610339409958747
3220697 0.366078726663071
3221126 0.4018984886854889
3221566 0.40649810004203424
3222007 0.3694760029556087
3222432 0.34379085608938875
3222864 0.3916145069770797
3223300 0.39659892267485863
3223732 0.3374076001761807
3224141 0.3724052833562836
3224563 0.39729347744760135
3224998 0.4033635152159956
3225414 0.32791155953789064
3225835 0.3825613018821932
3226265 0.4115840764848572
3226698 0.3526077158592896
3227108 0.36232954801564254
3227533 0.4091872298296415
3227969 0.3845442920566812
3228387 0.3155507773875358
3228802 0.4077808060919941
3229224 0.4184696526625164
3229636 0.33796044064007724
3230038 0.39751906945254534
3230448 0.4132563429145583
3230850 0.3408797999080776
3231227 0.3514381914951955
3231651 0.40503800019971337
3232069 0.38527531711858076
3232470 0.33819279235757543
3232886 0.3923419834722305
3233314 0.3952377359729359
3233735 0.32285783764552656
3234150 0.3897860251134281
3234585 0.4140984074085563
3235030 0.4130345007694095
3235462 0.3229512863478855
3235886 0.393858299895144
3236309 0.4075195205449519
3236734 0.4039665053874809
3237144 0.34117873577719227
3237565 0.40325576219449566
3237994 0.42263507708165304
3238423 0.344899359015736
3238850 0.38910083053608424
3239289 0.41513073089175034
