3149702 0.4861444602306776
3150029 0.6300279469667039
3150345 0.5191149275216392
3150659 0.5375116188399317
3150978 0.676822745093303
3151299 0.5799431980201103
3151625 0.6354597501783632
3151943 0.4300929699002702
3152262 0.6543166663258174
3152584 0.6350774740570646
3152906 0.6140992039303718
3153225 0.5305460216767913
3153535 0.49704307603865083
3153848 0.6761737015327293
3154160 0.6258344901775201
3154469 0.4451209191791152
3154577 0.3694351549820179
3154776 0.489471645581742
3155088 0.5269916842727561
3155399 0.7185679910108249
3155708 0.41232986678211603
3156013 0.40573005129821305
3156328 0.5813844227708242
3156640 0.6180045195093372
3157258 0.4189730711919917
3157875 0.4634471425717761
3158068 0.4233371996416724
3158186 0.5778205274024266
3158499 0.5325635850551828
3158800 0.505869026870186
3159106 0.47621268747692225
3159412 0.5964989155938707
3159526 0.32715185760371757
3159718 0.5981693586922948
3160021 0.3755453777558873
3160313 0.39983934415719463
3160610 0.4748379018322265
3160906 0.4176575717983896
3161202 0.5948094727942708
3161491 0.4481777771521113
3161783 0.5232433588718804
3162078 0.608123974518289
3162372 0.5268988293639673
3162665 0.6004591977535176
3162957 0.47386829310070344
3163254 0.6235231044351591
3163552 0.6227555990662723
3163853 0.646564899855209
3164147 0.6569685178183542
3164436 0.5520546837752125
3164726 0.7018207348285554
3165016 0.4838535388883175
3165305 0.5185914128324097
3165602 0.6770596579757528
3165900 0.5388320233763685
3166201 0.49046336612754826
3166501 0.4483205589327365
3166798 0.4879037791468467
3167101 0.5327744857744144
3167405 0.5748143427381353
3167713 0.44589836502648905
3168024 0.7599320346026411
3168329 0.5395323924077355
3168637 0.5826761056273096
3168953 0.6652937157733206
3169065 0.6177908394694016
3169269 0.6501920591879464
3169583 0.6040589729313735
3169892 0.5740608487583124
3170018 0.5151586004555506
3170528 0.6154581786872733
3170853 0.6691451691723171
3171173 0.515317049833742
3171281 0.3471083129037081
3171488 0.556709011783375
3171817 0.6075636608627397
3172156 0.6965022370613672
3172497 0.6091886611532353
3172823 0.5025003830042218
3173151 0.5104396996126153
3173492 0.6499105844621182
3173831 0.7263936195103337
3174159 0.4537713478271298
3174484 0.6630749358124691
3174815 0.522055264510014
3175146 0.5812442672700069
3175483 0.7122320848583641
3175808 0.2716351772453142
3176138 0.42660187378775727
3176472 0.5955462395189774
3176811 0.5842704648015499
3177145 0.57461878340371
3177470 0.407602465165226
3177804 0.6001393600310394
3178138 0.5834217837612514
3178480 0.6206775791197513
3178810 0.5102153389777019
3179135 0.5222594991684375
