752961 -0.33936217102374716
753431 -0.2694756401344587
753904 -0.3474438390918673
754363 -0.3662444455449968
754817 -0.3620186882885983
755263 -0.324390826814771
755692 -0.2719881703945271
756126 -0.2928506242106962
756567 -0.33958386866351875
757034 -0.3526775283208111
757518 -0.3689320550302645
758007 -0.37055636997989
758476 -0.3694776736791353
758962 -0.3700350973789779
759452 -0.36070911012833684
759939 -0.3773369358195038
760419 -0.3530537384839239
760896 -0.37068311878520493
761376 -0.3694563510025163
761846 -0.3467762681741742
762303 -0.3266940532082221
762766 -0.3655552491585652
763233 -0.369473698698709
763708 -0.3727404611202143
764179 -0.3295732556095111
764661 -0.3567152474445827
765151 -0.3598970349579479
765637 -0.36821801545342125
766108 -0.3438303379237483
766571 -0.34097006070718083
767038 -0.36372544871243995
767506 -0.37071042430722795
767960 -0.34958737534158446
768408 -0.32757053931424096
768851 -0.3547170036905697
769298 -0.37545967094894456
769751 -0.372696704137512
770191 -0.32235754248557713
770622 -0.30552929456722167
771071 -0.35860435199309426
771527 -0.3747747358374306
771986 -0.3576344446179362
772434 -0.28048230245323713
772895 -0.3276320975356525
773358 -0.3665565432267389
773822 -0.36810296856894753
774276 -0.34092239499507493
774712 -0.27244976352705896
775157 -0.34236012498465596
775606 -0.3662720671642675
776070 -0.3660128553518941
776528 -0.32386780032574114
776976 -0.28338983578522714
777443 -0.349561057010555
777923 -0.3771018135491831
778407 -0.3732423227826404
778893 -0.3497124088174599
779364 -0.2784132839608279
779842 -0.3384767290886099
780324 -0.37999992534294097
780814 -0.38097457095246545
781298 -0.32998038985711386
781765 -0.2807788050366268
782243 -0.3475240224132148
782725 -0.3719573814953046
