3149865 0.33369074265328735
3150293 0.32038589150331787
3150742 0.35951961324112514
3151196 0.3541909439003761
3151626 0.300893107429962
3152053 0.32220146492345647
3152483 0.3641641180497035
3152912 0.34902640193594414
3153319 0.30596491203959963
3153740 0.3342471054766394
3154159 0.3554991299424757
3154580 0.3502489465454417
3154977 0.29119974553957395
3155383 0.4351097183286431
3155774 0.5095849271048639
3156132 0.3227218358147095
3156489 0.4155364905365798
3156863 0.44486131115894456
3157242 0.4618931666375394
3157603 0.4145589094084883
3157953 0.41078158900810935
3158318 0.46196901944689506
3158713 0.42744311966165704
3159103 0.3810859397135312
3159518 0.4270289649428708
3159950 0.41642300809869925
3160383 0.39131692803765283
3160795 0.35463912871684833
3161221 0.41394780394848774
3161653 0.4171386441262996
3162085 0.3980278971573288
3162500 0.3605812970245895
3162917 0.40550875548996324
3163333 0.4267712423932454
3163757 0.41042995765994417
3164173 0.38167039445135365
3164600 0.41912280934577684
3165036 0.4310208273299162
3165475 0.404957471021444
3165895 0.3660172421914525
3166322 0.42200077460547564
3166746 0.4291673189979679
3167167 0.3952967577823949
3167572 0.3782520003194209
3167988 0.42278680593562346
3168413 0.43299018066801176
3168842 0.38228254559491204
3169251 0.3787662782243613
3169669 0.41587650977652635
3170089 0.41484351704497524
3170502 0.38994596985585817
3170907 0.3843419989186072
3171319 0.4194845505682807
3171740 0.42790929945675443
3172152 0.3759862498385759
3172558 0.38366166633097015
3172977 0.4184206776160464
3173401 0.40031589078067864
3173807 0.36484754560891264
3174224 0.4243616149379378
3174649 0.41710144647564507
3175063 0.38970105669388033
3175466 0.3818171442558879
3175880 0.4057927290353545
3176307 0.4193602964516483
3176720 0.38443997356416443
3177137 0.40166457598103733
3177564 0.41600987968724146
3177998 0.39814879997201646
3178414 0.35153411706738413
3178838 0.4058105176691909
3179261 0.42039572890273336
