633282 -0.3195966906028366
633713 -0.3188205425480663
634147 -0.3339209183108075
634571 -0.2691942127615209
634992 -0.2840756332222004
635426 -0.3313396104909291
635867 -0.30620245775031885
636318 -0.3275429113467402
636762 -0.2764605609647668
637216 -0.3162115166454529
637672 -0.3247241424499504
638132 -0.32490436714472715
638583 -0.30368954406610305
639029 -0.2848478611831998
639482 -0.3033828872929217
639927 -0.3432292666148005
640362 -0.32228776876883725
640773 -0.2817883115240525
641171 -0.22639610913605812
641561 -0.2728084906226278
641966 -0.28615459527164144
642419 -0.32427329238472397
642913 -0.33752785074682295
643417 -0.2544605502923206
643932 -0.3016019347385924
644470 -0.33304072083524694
645008 -0.3096823077097798
645521 -0.25665659590914236
646043 -0.33868437547261926
646565 -0.3312382787471837
647074 -0.3351387955231926
647568 -0.2720892621892512
648051 -0.3035485704432141
648542 -0.3242302042635062
649047 -0.3155338218636591
649552 -0.31800706605364465
650059 -0.304544789107859
650549 -0.27191565815371344
651050 -0.33398879765848255
651553 -0.3288747941733354
652037 -0.2873501586152427
652510 -0.30461932979760764
652981 -0.320144520486207
653443 -0.32915851927431183
653894 -0.2866481743803204
654334 -0.2858092606365815
654785 -0.3262671696121868
655245 -0.31543287154996114
655703 -0.33326058432085137
656157 -0.28984558753424894
656604 -0.2610015519831489
657064 -0.3072962628408666
657525 -0.3181606025166323
657992 -0.31668223531606976
658445 -0.2753916782446397
658893 -0.2918497584101599
659353 -0.31903110503696763
659817 -0.33462447978608356
660284 -0.32497380293796085
660743 -0.2839280055773342
661184 -0.27336532327315843
661642 -0.3217851322545513
662099 -0.33153598494482056
662550 -0.3232139642717158
