2730272 -0.20930791215123
2730719 -0.19508558191233882
2731168 -0.25470991029007195
2731618 -0.24466151460842334
2732072 -0.20460232092527797
2732504 -0.18874495896823185
2732947 -0.24381132210745143
2733387 -0.24293137914346696
2733835 -0.22201786075478036
2734274 -0.19250400257579198
2734707 -0.21177013095329494
2735148 -0.24510585477751168
2735598 -0.24349774785524814
2736037 -0.2000405374629125
2736470 -0.21340742318086486
2736910 -0.25035005228505197
2737349 -0.24852336672216152
2737783 -0.20662582057431284
2738211 -0.20684383631553327
2738647 -0.24792294437436635
2739090 -0.2463358868109124
2739531 -0.2032711190083556
2739960 -0.19047874983390944
2740392 -0.2373404561090523
2740837 -0.2462295542925248
2741284 -0.23300416266409868
2741708 -0.18813512838069968
2742133 -0.20965536130574536
2742572 -0.24361342531492935
2743012 -0.253132276177337
2743454 -0.21682389297446514
2743879 -0.18812481422398192
2744308 -0.2339059254194356
2744740 -0.25228222274894596
2745177 -0.24190139859948212
2745607 -0.19330089568726655
2746029 -0.21133144129944986
2746460 -0.24981229984028847
2746898 -0.2517032650507277
2747325 -0.20504686809771672
2747750 -0.19350381725347038
2748194 -0.24339553024449
2748640 -0.2488175694112496
2749098 -0.21439698886781883
2749530 -0.19079129249987703
2749968 -0.2329833296149979
2750421 -0.25320022409468945
2750879 -0.2191688172060436
2751312 -0.18505839873407698
2751738 -0.20984402722779172
2752180 -0.24594840181719274
2752621 -0.23051825618555738
2753072 -0.2046253360515387
2753503 -0.24083808173738913
2753949 -0.25279770788636186
2754387 -0.2216562460811266
2754799 -0.2259347910826342
2755213 -0.2504268168337161
2755636 -0.24783888540056587
2756079 -0.21234161912754468
2756524 -0.22622818920258314
2757001 -0.2515216223251062
2757484 -0.20651227907522623
2757935 -0.22401522243446698
2758399 -0.24674882012562227
2758872 -0.24961435976510826
2759328 -0.20226938201933187
2759775 -0.24537759400922882
