5845098 0.6125537041928635
5845398 0.5137047662617327
5845692 0.48390792845887554
5845994 0.5147557982269191
5846300 0.6546956939799078
5846608 0.6501159347497101
5846909 0.34103685572495035
5847212 0.5978457334921328
5847518 0.7159600115073159
5847824 0.6794583657583015
5848122 0.49053728243620576
5848418 0.4512603924252989
5848713 0.6156463059010413
5849008 0.6652845962933411
5849296 0.6356977536919548
5849585 0.5882011580318565
5849874 0.4975494175607391
5850166 0.6622542746856745
5850460 0.5232564294723052
5850747 0.4120850661216595
5851039 0.6352687749005921
5851334 0.7027983325331315
5851633 0.6279907450931654
5851929 0.3813363732252293
5852222 0.564684635358329
5852515 0.6008707311422496
5852813 0.6051954611348201
5853114 0.5606722358749596
5853409 0.4607057712343243
5853698 0.451453436236537
5853991 0.695807458656696
5854287 0.7681485441940576
5854590 0.6440321287131672
5854883 0.45601053194178665
5855168 0.2628838741084283
5855461 0.5067349879496887
5855758 0.6484178714174424
5856063 0.6453188993738225
5856377 0.5073161205845313
5856693 0.6741172636926174
5857007 0.5496078529411523
5857312 0.47611558030579754
5857618 0.5326335907829001
5857923 0.5810384307482795
5858229 0.532411973385266
5858536 0.5709310233967985
5858837 0.4318758552267079
5859139 0.42933664831166163
5859443 0.6235803214852997
5859752 0.6149011434442389
5860062 0.5859381128512058
5860364 0.5159957946630916
5860672 0.5523258349573205
5860984 0.5999777774337002
5861300 0.3579174093936024
5861611 0.6183975033362271
5861916 0.562009647177397
5862223 0.5823272923434866
5862532 0.5454025182564397
5862837 0.5705774501603571
5863133 0.4121844549170684
5863431 0.5944046830093084
5863730 0.6095911176285855
5864031 0.5942657302666476
5864330 0.5391332884916108
5864625 0.44462226330880783
5864924 0.6405858619212832
5865225 0.6406531229755603
5865527 0.5749755956916867
5865825 0.4242811279936146
5866121 0.5069566352905088
5866419 0.6001672002925518
5866720 0.6167507285712912
5867023 0.5788736288735238
5867318 0.4058188628610019
5867617 0.6173530729148744
5867919 0.6788520899673989
5868220 0.6242188254309275
5868519 0.49464652967445705
5868812 0.4768174532980749
5869111 0.6004635323903514
5869408 0.6369592652481276
5869707 0.6255811837639237
5869999 0.4140190588770193
5870292 0.5890733424967973
5870586 0.6455599063617643
5870882 0.646159250334407
5871185 0.6298346608183921
5871480 0.4538540922881953
5871773 0.5980764757131141
5872067 0.6344307836229077
5872361 0.6108522860948207
5872648 0.5454036747595831
5872929 0.5930661822516163
5873209 0.5674737971710844
5873484 0.35605596105703063
5873763 0.5721513384830749
5874043 0.536043021408602
5874326 0.5527383589501688
5874607 0.4793004354420131
5874888 0.44517445826202495
