2580869 0.30277801772021895
2581137 0.29598852564314854
2581409 0.4611031642191975
2581683 0.5480100377422207
2581956 0.5332049153358384
2582225 0.4112289197789736
2582495 0.4457720609304857
2582769 0.6119835647014493
2583042 0.710627065153415
2583314 0.610144462732868
2583585 0.42406357610084733
2583854 0.4180672832360011
2584126 0.5020356757728744
2584398 0.5032314813425157
2584667 0.4511342185813228
2584937 0.5159280478086781
2585208 0.5222195925628725
2585479 0.5265168515389175
2585743 0.3624364403437577
2586015 0.42085585346385856
2586286 0.4407269919531607
2586558 0.5353294005627608
2587100 0.5403597523000527
2587377 0.7090484111288851
2587649 0.4689785900865254
2587924 0.5557035360788813
2588204 0.6260208164846652
2588484 0.6406270743318736
2588866 0.5753817042413142
2589034 0.3868598046119746
2589309 0.7406596395412981
2589585 0.5797818122257065
2589855 0.42976831097948287
2590129 0.505976315472253
2590403 0.49582294015931183
2590672 0.39736944537246666
2590941 0.2908163140442809
2592020 0.867339452597196
2592297 0.5219357931490753
2592582 0.8831030789309077
2593166 0.6025646520285374
2593461 0.5038242668167967
2593760 0.5076543080678071
2594048 0.5192937016052842
2594340 0.5227995530358172
2594632 0.4875108375417688
2594922 0.5337154131758861
2595204 0.4706437289630053
2595487 0.5686085307323764
2595768 0.6201189240455499
2596042 0.4803174129653387
2596314 0.2793216512080111
2596585 0.5890786443997417
2596855 0.6240256750565938
2597120 0.41087856761784713
2597388 0.5257989202399592
2597656 0.6078892469397577
2597919 0.37106936576691035
2598278 0.6802059511422862
2598450 0.48493090536313443
2598716 0.5421745622425499
2598978 0.4056073713546378
2599244 0.6047629175581051
2599511 0.6187539601119623
2599772 0.3780926402053203
2600036 0.392341078270292
2600304 0.5148718456115595
2600572 0.5181525341349887
2600838 0.3028782513767934
2601109 0.46875402183039105
2601380 0.5134134035408108
2601649 0.388862361478874
2601919 0.39387381781489084
2602191 0.5136602293514465
2602464 0.3913114174678538
2602732 0.44279044755806285
2603004 0.46774083096922664
2603277 0.514182599363439
2603549 0.47944853426293554
2603820 0.47707202649756725
2604096 0.47737080951862504
2604371 0.52643248668752
2604643 0.4058652997133461
2604918 0.5323168696954801
2605193 0.5798325927653549
2605467 0.5235322501580869
2605737 0.4152703576852381
2606011 0.6048877320137471
2606284 0.573850958297289
2606552 0.4134215802120278
2606825 0.5384861803135312
2607097 0.5583336968993216
2607366 0.4031071343702232
2607640 0.5298961282672102
2607916 0.5603377608728001
2608188 0.39474137796930736
2608463 0.5132702659006981
2608741 0.5239282869741728
2609017 0.4947661171464427
2609292 0.5032139414503398
2609569 0.5378104228315372
2609847 0.5079400450060934
2610119 0.42305273399344184
2610397 0.5074210392900776
2610675 0.6061896075706469
