1232764 -0.5268228962805042
1233061 -0.5268570618546742
1233352 -0.423726893151542
1233650 -0.45906559757227866
1233945 -0.5521325542653439
1234246 -0.5745614752586589
1234544 -0.4892775425816436
1234836 -0.3983467678796332
1235128 -0.45899655215646373
1235420 -0.48063376982940886
1235714 -0.4470272759450675
1236003 -0.3609916095472008
1236295 -0.45501678950843244
1236586 -0.5791227434135988
1236879 -0.6861916532034507
1237013 -0.3480463535470971
1237171 -0.633238148007072
1237294 -0.31937156871994177
1237804 -0.48947779705022065
1238030 -0.420899240816137
1238319 -0.5228412786095897
1238603 -0.4338100730901173
1238890 -0.4818488878791545
1239179 -0.5123171093529061
1239474 -0.6255996197329527
1239768 -0.53078499133714
1240060 -0.3960581899543349
1240357 -0.43807437365650276
1240651 -0.4129336071412629
1240944 -0.4227886939018239
1241241 -0.47844194730085954
1241537 -0.5039691380486606
1241827 -0.49575096381432715
1242118 -0.43822247562705563
1242414 -0.49988271575823373
1242705 -0.4345214669670552
1242990 -0.4676695767051714
1243275 -0.3959159097999084
1243565 -0.4005998120126145
1243849 -0.37361094890986973
1244134 -0.3898277823145593
1244422 -0.25710932007625137
1245007 -0.6161408774197509
1245300 -0.4455160111645915
1245588 -0.4998686680593336
1245884 -0.5437074243811157
1246177 -0.6337319009840564
1246461 -0.29191665739134465
1246746 -0.479990107192081
1247029 -0.5854058767596308
1247305 -0.6929829701457848
1247583 -0.5055314830042748
1247856 -0.41762941385449204
1248129 -0.4682317709188276
1248401 -0.7172397964997718
1248673 -0.547010861237358
1248944 -0.5712793371846584
1249215 -0.6206836102216533
1249483 -0.6075742989611361
1249752 -0.5692368399220091
1250021 -0.6365042425640692
1250289 -0.5866217719601685
1250555 -0.40759834509736675
1250824 -0.36789251127532063
1251097 -0.40685578917566356
1251369 -0.4386371736020295
1251640 -0.4889587228320972
1251912 -0.43614179218445903
1252189 -0.5351015148259216
1252468 -0.43553671431076757
1252743 -0.3386509349930279
1253018 -0.3933540451431269
1253299 -0.43067881934340035
1253582 -0.43189575520065526
1253866 -0.4660313893816854
1254150 -0.5091715432559261
1254436 -0.4461195131664619
1254718 -0.4512087471605033
1255002 -0.4894360131482175
1255287 -0.46179420177027536
1255713 -0.2581327469388259
1255850 -0.47497726415633035
1256139 -0.5360489133198385
1256421 -0.4933392623865658
1256709 -0.46392623294761526
1257001 -0.5359938729503513
1257294 -0.4437124012485889
1257580 -0.34149768370373607
1257873 -0.5258094287130427
1258169 -0.5808509079424542
1258463 -0.5938280142098283
1258758 -0.6494059524485857
1259050 -0.6792569696042978
1259339 -0.521641142853978
1259627 -0.6371836407478293
1260204 -0.5917639331178561
1260489 -0.6609721343264078
1260778 -0.6504836409890595
1261065 -0.5848241155831002
1261353 -0.52353690901104
1261640 -0.6033313343088731
1261923 -0.6978554087734534
1262205 -0.5175340759654206
