1741504 0.29505042385536634
1741930 0.3642089976081795
1742364 0.35857545338841185
1742803 0.3308602347740076
1743229 0.2974398155881162
1743657 0.35674684479265667
1744089 0.36105821916939684
1744527 0.3444959568259427
1744948 0.27690481255034616
1745368 0.3477398831774765
1745803 0.3502289921095493
1746236 0.3474160303620869
1746671 0.31157405682312933
1747095 0.30057687156722873
1747530 0.35126021331209867
1747973 0.35808634328778616
1748420 0.3357196750960815
1748854 0.288477496014912
1749291 0.3589170135041815
1749733 0.3742342011736427
1750176 0.35583113599408833
1750610 0.2879180664318534
1751037 0.3406425484585699
1751474 0.35991671073593035
1751913 0.3524926924039998
1752350 0.31538916176758053
1752775 0.30759760554198123
1753212 0.36241662055721585
1753655 0.35164643965394093
1754106 0.3147473873940404
1754539 0.31132968446237175
1754987 0.3644178183713706
1755441 0.35436261626211635
1755898 0.33676498807943667
1756342 0.28314411503921305
1756786 0.355077096735388
1757231 0.35709696412794306
1757677 0.34934060142866546
1758124 0.32422151663736
1758559 0.3106245178448915
1758993 0.36803430748813387
1759424 0.36174648506338625
1759860 0.36171544696602675
1760318 0.31032343883556046
1760749 0.36330036132714794
1761152 0.2241324124707529
1761273 0.8107329695151791
1761538 0.45206644971645665
1762259 0.2335477649413788
1762693 0.2431926254657689
1762989 0.2002985587123553
1763341 0.11620593700119786
1763777 0.40849280475098754
1764049 0.23441250076617579
1764406 0.23105498940186286
1764774 0.22073040429672292
1765155 0.21461273538511683
1765537 0.18836925422135528
1765923 0.21685002029884676
1766301 0.18893446377787043
1766688 0.24601225498473311
1767078 0.2258052844837204
1767460 0.288135693027897
1767822 0.18527840252356703
1768204 0.311226045565253
1768590 0.3273336053736714
1768994 0.3234759451247752
1769403 0.311594831852721
1769797 0.2452358242882033
1770198 0.305361765529092
1770602 0.30950259667025304
1771021 0.3063553264577485
