243789 0.06031330049109046
244099 0.10569899813803313
244412 0.12231649195570593
244723 0.09112175076934609
245052 0.03720752225797991
245383 0.043816638511019634
245718 0.10150256165204119
246059 0.06611376702741373
246407 0.10602835137123623
246754 0.04603290925093423
247087 0.03432100203617705
247418 0.03715665440086913
247745 0.1625076817236494
248061 0.08255917023109333
248378 0.14186197860852262
248692 0.08000448032766788
249013 0.11107172463872517
249338 0.057509209533960104
249663 -0.020537906983029486
249994 0.09094764292305751
250327 0.09582181643927173
250659 0.03031008215541503
250982 0.06641620065078757
251298 0.07130412266233982
251610 0.10350705572417274
251914 -0.08573667629969428
252214 0.027255588860277236
252514 0.09400368521215119
252816 0.0893911310029783
253124 0.042377254509589235
253434 0.0817475610044976
253739 0.04641564414989624
254041 0.029671839340130735
254346 0.06475946657827247
254658 0.11643393125939777
254962 0.11456764944084458
255269 0.028697196671178704
255572 0.08828307657240403
255878 0.13609010476043887
256184 0.030477888133074393
256494 0.013714425371595784
256804 0.07880727402551557
257115 0.0968803093573441
257426 -0.00799143364365923
257742 0.07462399116016716
258060 0.12958189200322617
258378 0.0724151935209606
258695 0.02186746001188883
259012 0.1481254998635746
259327 -0.08877705294241256
259641 -0.036758230695834115
259957 -0.00099713911006577
260266 0.03276110004144095
260579 0.026396459614499435
260887 0.08137745502001503
261189 0.06374701181479048
261489 0.05675122040532887
261790 0.14168403058013856
262099 0.12468036418107326
262413 -0.0012560302242018428
262734 0.08955976390480652
263067 0.09388306399149737
263409 0.045700942936090005
263747 0.10247704846155808
264086 0.09856663821200506
264426 0.11794265680018234
264766 0.07246502108227715
265096 0.07467507982671812
265420 -0.011448839530832755
265739 0.0779803939376334
266057 0.0545424983166819
266375 0.10572413483726267
266697 0.0729924352229614
267019 0.011014738757546827
267335 -0.004562522339842556
267654 0.08901753712181265
267968 0.02225199847366416
268273 0.0625867871293363
268574 -0.05597833681824077
268879 -0.03348268463202664
269181 0.042254948609824816
269489 0.045488439778614
269806 0.119804528106494
270135 0.07163159548413339
270476 0.08325784444244011
270809 0.04095274159481199
271145 0.02649973095352509
271480 0.16138789465363784
271814 0.10201207213767127
272139 0.05231113057678155
272463 0.06884377258736463
272787 0.01704252156409214
273120 0.11404099840314635
273464 0.19584916380631057
