3090617 0.08006454073798858
3091036 0.07548441221078728
3091468 0.07173546842785139
3091902 0.11519457353008183
3092325 0.10233312154417112
3092741 0.223646430837059
3093150 0.13298045283441973
3093540 0.11678150026419643
3093913 0.08662486436132977
3094277 0.055238997694011194
3094648 0.1023480277811139
3095024 0.058056564376991526
3095398 0.10253925800741615
3095801 0.08622379838446076
3096230 0.08866462927803559
3096657 0.08210470116883017
3097094 0.3612452885180003
3097525 0.12057959924135303
3097942 -0.024904987026100167
3098350 0.0469361170816156
3098746 0.08906031377690599
3099130 0.09357978929464783
3099339 0.2509998302552496
3099510 0.1348310297267611
3099889 0.0970920483310545
3100253 0.07180977160366198
3100629 0.06652614109973526
3101021 0.09046093824297374
3101436 0.08565250439375682
3101848 0.09978531641342148
3102284 0.07863324242943598
3102720 0.08876761474226574
3103147 0.09891627293104294
3103579 0.08646558689321548
3104009 0.08737397271682645
3104448 0.10089820271785416
3104882 0.09838894399427983
3105300 0.08209965150967552
3105723 0.0904788346208063
3106133 0.07605369913212578
3106559 0.08538903232182193
3106981 0.12121325559387847
3107403 0.0004290427352007242
3107826 0.10587515116371138
3108223 0.08571303362085853
3108627 0.08886496502645669
3109035 0.09074278212513964
3109442 0.07936059089479341
3109866 0.09861799295879436
3110304 0.10436377476705555
3110740 0.09582190808818264
3111147 0.09101916715578812
3111552 0.0848369828299606
3111957 0.11811409846585447
3112368 0.10711919896670774
3112764 0.06878956147364002
3113163 0.07240158433467353
3113563 0.08543985551595801
3113962 0.09516210710190964
3114357 0.14084092245193258
3114745 0.10241404457157854
3115124 0.1159600526092448
3115490 0.08782469556247241
3115866 0.10731903789763836
3116246 0.11569910582513498
3116628 0.09972994902925325
3117018 0.09313260387990491
3117423 0.08130968794339166
3117838 0.10924792555724094
3118233 0.1079540401038595
3118632 0.08804843834723564
3119023 0.09457696271246374
3119418 0.06448342275641283
3119815 0.10330225008153032
3120198 0.12627968014173435
