2640859 -0.4894300814680208
2641241 -0.530258730696447
2641625 -0.5354817564012331
2642050 -0.49261818191373113
2642471 -0.48412472608042356
2642912 -0.536780712954782
2643364 -0.5288250718827621
2643808 -0.4837720569467312
2644237 -0.5441194234734383
2644674 -0.5424223218754329
2645108 -0.5029738717384824
2645505 -0.5111365967297474
2645909 -0.5458945622543884
2646317 -0.5396510601315208
2646705 -0.48869157572030675
2647100 -0.544247069887538
2647506 -0.551301801878115
2647927 -0.49130861763718325
2648340 -0.5278631965641369
2648776 -0.5530667990394359
2649230 -0.5079793683860968
2649643 -0.49623604117012254
2650061 -0.5513299865953183
2650477 -0.5558436909438648
2650883 -0.4997786332303883
2651261 -0.5123543163277391
2651645 -0.5648942167653573
2652043 -0.5545470051430712
2652450 -0.496576567918532
2652849 -0.5382439851965426
2653268 -0.566632014342304
2653702 -0.5111556687110481
2654101 -0.481645210806384
2654515 -0.5473826661429059
2654955 -0.5448747282377489
2655385 -0.5021672255585371
2655776 -0.5279236061181838
2656162 -0.5505817381754755
2656550 -0.5610114788372547
2656931 -0.47319531079479216
2657293 -0.4860324013953573
2657659 -0.5417529131236666
2658048 -0.5590214652341705
2658465 -0.536313848209105
2658866 -0.4856328096887063
2659265 -0.5390304829630945
2659664 -0.5580410777601412
2660069 -0.5505606326661736
2660466 -0.4970267761753968
2660857 -0.5402766640309058
2661252 -0.5658995756385643
2661656 -0.5554142330214152
2662054 -0.49149173119152206
2662445 -0.5506295015839031
2662841 -0.5622531157014631
2663248 -0.5644812689221739
2663644 -0.4936139519789725
2664031 -0.5443388802486662
2664417 -0.5918769843713757
2664814 -0.5751495913670058
2665207 -0.45299600551054475
2665598 -0.4759457159435637
2665983 -0.48680633292126785
2666372 -0.5748698218401254
2666750 -0.5074640061496447
2667135 -0.5506643428092663
2667513 -0.46028427506013775
2667870 -0.4585822571382715
2668223 -0.4603361134595857
2668580 -0.526581956391612
2668944 -0.49359251249477165
2669316 -0.47216647909527354
2669686 -0.5213188679031265
2670069 -0.48441106576638576
2670458 -0.4832469627073637
