3689656 -0.42666863522338533
3690120 -0.4512959543434316
3690585 -0.47285499146637056
3691148 -0.4539256156706363
3691716 -0.41746657337752835
3692294 -0.4594979716822274
3692882 -0.4572201217485196
3693444 -0.4252781429165996
3693991 -0.4553482460147059
3694524 -0.4684769372885117
3695038 -0.46249902445485835
3695518 -0.4216466964729304
3695964 -0.4410534357973841
3696413 -0.46812755559539243
3696925 -0.4591314489983538
3697415 -0.4248686600945065
3697889 -0.4518159885211235
3698411 -0.471578601299511
3699003 -0.4558304380739272
3699549 -0.41861864379277347
3700068 -0.45266542975900936
3700586 -0.4683868040051675
3701102 -0.46145584630570835
3701565 -0.4299490137117703
3702013 -0.4534466825377763
3702470 -0.46588749794137774
3702958 -0.4686506540605707
3703435 -0.43298416396447514
3703888 -0.43422136272864165
3704369 -0.46407982742790976
3704878 -0.47614456092362334
3705376 -0.42977404297126953
3705827 -0.40760213380603116
3706282 -0.45227519158792995
3706770 -0.46350189564209116
3707279 -0.4510767118185359
3707751 -0.417223449979618
3708213 -0.4487974394994221
3708687 -0.46792348701900566
3709186 -0.46429918147783567
3709661 -0.43074036555292744
3710106 -0.4230032056947776
3710560 -0.45756988560062684
3711050 -0.47123646566967303
3711551 -0.4593995265396712
3712015 -0.4230755593145974
3712456 -0.4369954055797769
3712920 -0.46891642604046885
3713419 -0.4808351865343084
3713915 -0.44929657795692307
3714369 -0.42521085763786876
3714805 -0.44256591105706233
3715269 -0.47032119677062284
3715780 -0.46618566700909236
3716279 -0.438144428691477
3716748 -0.4152047412265231
3717229 -0.4599460243735588
3717762 -0.4753691148917021
3718316 -0.440151918152195
3718809 -0.405036900200728
3719278 -0.44752018838454755
