4469097 -0.4598624231550006
4469540 -0.41571656600277995
4469957 -0.46172576784840424
4470377 -0.48888600789734077
4470817 -0.48705639867114153
4471268 -0.45864191633546986
4471691 -0.4261854912853134
4472076 -0.4559990356472992
4472492 -0.4793656797905657
4472946 -0.4838758493377097
4473392 -0.4844218786513099
4473819 -0.4510626561368476
4474211 -0.42329213012801903
4474597 -0.47355950899027255
4475035 -0.48339689996651725
4475482 -0.4796005187897808
4475922 -0.4288657704235084
4476340 -0.43160046234408955
4476773 -0.4821422958391691
4477227 -0.48319566553162063
4477705 -0.4705017839340966
4478184 -0.4155048891795665
4478627 -0.44325766422754775
4479095 -0.4779885322956593
4479588 -0.47571949696021976
4480075 -0.42801855569348546
4480536 -0.4317486293884072
4480999 -0.47589059784432863
4481466 -0.47916049275612893
4481928 -0.43688883647678267
4482361 -0.4087554292809519
4482768 -0.47375413527056653
4483210 -0.4806881912514269
4483650 -0.4825598518500897
4484081 -0.44442197521742105
4484486 -0.4220042782934859
4484881 -0.47109369277875107
4485310 -0.4869788643357723
4485755 -0.48593094614580934
4486186 -0.44550618461835056
4486589 -0.4300712928602367
4486983 -0.47306945849487664
4487401 -0.4841744104928143
4487848 -0.47923304302788444
4488264 -0.4494296970268613
4488653 -0.45296421069575343
4489098 -0.4743627686415368
4489535 -0.48294673003814526
4489996 -0.47419542866354536
4490442 -0.42095500658562485
4490868 -0.446623009094229
4491281 -0.49070987449556935
4491726 -0.4850715718239754
4492171 -0.4547940185539966
4492591 -0.4091335028521744
4492998 -0.4692147843746746
4493459 -0.4792988191483537
4493925 -0.4816295076172298
4494380 -0.44190859773077673
4494791 -0.4284904544529755
4495178 -0.46783546797437114
4495610 -0.4945323520717312
4496071 -0.48299301195048183
4496540 -0.4451521095119463
4496981 -0.4131506975771482
4497407 -0.4675083225700527
4497856 -0.4827030727902742
4498310 -0.48442177868634595
