4678507 0.07257968220366795
4678918 0.07233145091104914
4679345 0.07942654207282035
4679763 0.07479953153654179
4680170 0.059902217505648114
4680568 0.05769748067979552
4680970 0.07180800697482448
4681384 0.075365865623861
4681813 0.06412319459858301
4682262 0.06484952435670671
4682696 0.06961343003102066
4683131 0.07014465447109824
4683579 0.0725666832381533
4684027 0.06934297424435948
4684473 0.06345017157128552
4684910 0.06126782479486015
4685329 0.06576646467156022
4685753 0.07163185417702106
4686174 0.07660916039877042
4686606 0.06843312218452385
4687038 0.07137752089073202
4687462 0.06545821836742549
4687898 0.07447826589383916
4688344 0.06937333370159443
4688795 0.07863260113633669
4689230 0.06491075286387771
4689654 0.061804563215921815
4690084 0.07569554352585434
4690517 0.06894779407637008
4690955 0.0729267961440534
4691381 0.0683256959332304
4691799 0.07710027795214702
4692227 0.06331967193530275
4692659 0.06723918169545218
4693103 0.07086185686481528
4693534 0.062607988491651
4693953 0.07463490798877442
4694377 0.07471051728443667
4694807 0.07384170184719374
4695245 0.0762329152099207
4695675 0.07645838281228146
4696096 0.06333962241845681
4696521 0.0678253557392764
4696949 0.07371335439228177
4697383 0.07593511801113983
4697817 0.06077281600587087
4698239 0.06596761821228841
4698666 0.07327309118903641
4699100 0.06987046563347055
4699538 0.07061308075396916
4699968 0.0746695756991424
4700388 0.06470314264430826
4700814 0.07519343669542905
4701240 0.06863092889885475
4701672 0.0724452976776141
4702098 0.06916492037997318
4702515 0.06651426744835465
4702916 0.07723431335037473
4703328 0.07589528231297438
4703746 0.07449372544558597
4704176 0.07875623206380877
4704614 0.059460576825101585
4705042 0.062070832761678574
4705470 0.06566584984622442
4705913 0.06810535582434357
4706367 0.0678654452092739
4706820 0.06139839609435305
4707257 0.06985210638200101
4707688 0.07532282152767006
4708123 0.07666606250291924
