4498728 0.06740077167523234
4499142 0.07762156859151192
4499557 0.07650524070434195
4499969 0.07322400143013863
4500366 0.060268463646040826
4500763 0.06785827300505565
4501166 0.0817686211152927
4501577 0.07224624150134107
4501974 0.05214336848469919
4502370 0.05960819465232181
4502773 0.07505770555371127
4503187 0.07652931987884781
4503599 0.08165780962055258
4504001 0.04944725245202375
4504390 0.06129639546038779
4504785 0.06406945296488303
4505188 0.07915236064002468
4505587 0.07065522040925054
4505977 0.05819877462261974
4506358 0.06189123840518079
4506736 0.06241350539549989
4507122 0.07159790624149298
4507511 0.07492787804149703
4507895 0.06770146219025736
4508274 0.06332155960825303
4508653 0.06155431959493812
4509041 0.07615157596988481
4509440 0.08436865322432385
4509834 0.0659421943070323
4510218 0.06402078880465595
4510609 0.06436930370630767
4511010 0.0775363953021479
4511417 0.07926396684225467
4511819 0.06320498866172436
4512207 0.05327739032105083
4512594 0.06298768818213574
4512986 0.0755538548138805
4513383 0.08107740685995685
4513781 0.06900504325106699
4514166 0.05625921929665234
4514545 0.07416977583168816
4514929 0.06769411227603805
4515320 0.07015174242989558
4515721 0.0784933234394905
4516114 0.06079496389278555
4516496 0.07127419935330576
4516884 0.06974330148420721
4517281 0.07582412867359228
4517689 0.08883044332528911
4518082 0.055864274220812526
4518467 0.0675961826978495
4518851 0.07118333502345242
4519244 0.0810710859964841
4519641 0.08226323609983477
4520028 0.06015596353826841
4520407 0.06299894484625679
4520788 0.07212497976606669
4521174 0.07573715359393335
4521562 0.0777021385575637
4521949 0.06905050722392542
4522332 0.05454225457692974
4522719 0.06130501171872421
4523117 0.07417687679007318
4523526 0.07242739007206367
4523932 0.0672211543109062
4524323 0.0609323243302356
4524713 0.0644821769866728
4525107 0.07743172079917088
4525502 0.07585136236904588
4525893 0.06922106670486522
4526273 0.05698619658363674
4526645 0.0672361176410296
4527026 0.06785993914900534
4527416 0.07836817822707892
4527813 0.07392827010243441
4528202 0.06677851992298262
