3659660 -0.45244170680708884
3660026 -0.36214533321446496
3660398 -0.4260224504020308
3660780 -0.4011532931437054
3661169 -0.38023757065334784
3661543 -0.3786860940759611
3661906 -0.40594991305835026
3662269 -0.4442410502281192
3662630 -0.4018312484382369
3662985 -0.40653872024625687
3663334 -0.41498120453143206
3663682 -0.43223822072852036
3664034 -0.4122193896984101
3664394 -0.3692616917570599
3664759 -0.3849725136878591
3665113 -0.4127655880506331
3665469 -0.3873237230323487
3665828 -0.39583929370853277
3666190 -0.40209321487094196
3666548 -0.4154132140128224
3666901 -0.4225622629916553
3667259 -0.4312953352580057
3667623 -0.4474954837614299
3667990 -0.38440352924978205
3668360 -0.36129454891358614
3668720 -0.41100532051611566
3669079 -0.3973854746613302
3669445 -0.4178228702980971
3669815 -0.4297369453509279
3670187 -0.3972107361512366
3670549 -0.40405782028784754
3670909 -0.41788438987682464
3671276 -0.3811809390335976
3671649 -0.3790703090765518
3672016 -0.3474073441891917
3672369 -0.35112376930341926
3672722 -0.363680277008165
3673068 -0.43036760900174154
3673412 -0.49033485982216896
3673765 -0.44575581116046215
3674125 -0.443901973790945
3674475 -0.4298101308016829
3674838 -0.47337818052415687
3675203 -0.4668364420498038
3675575 -0.4426209952511681
3675932 -0.4294131424716982
3676284 -0.4210763582510724
3676642 -0.4034559786860423
3677007 -0.39514258325443785
3677386 -0.3850950718362792
3677764 -0.4122420310005997
3678154 -0.40629016792730305
3678559 -0.449872967275043
3678970 -0.4076974444531172
3679361 -0.37435489924988147
3679757 -0.45567061918540736
3680154 -0.39822878274499085
3680551 -0.39828275407663005
3680932 -0.40324265380967494
3681314 -0.3804365189749687
3681696 -0.41708543259942704
3682083 -0.39447141989740464
3682460 -0.4269965626110316
3682846 -0.43670476196536073
3683243 -0.3712629586948829
3683644 -0.41221983368375764
3684039 -0.3845090414032763
3684448 -0.3727380355495192
3684860 -0.4213695701606393
3685271 -0.42878160417643907
3685655 -0.39066091310647455
3686036 -0.40815751095560804
3686417 -0.3794907829227224
3686805 -0.39174263358428285
3687186 -0.4060365026686297
3687574 -0.3744211776326838
3687970 -0.44146871262584114
3688372 -0.38464577625556495
3688762 -0.39857175462535605
3689157 -0.4120652544126752
3689561 -0.40717184677774887
