66.68
65.48
66.10
68.72
70.86
70.24
69.03
68.31
67.15
66.11
66.36
68.16
70.97
72.16
70.79
69.33
67.77
65.50
65.19
68.12
70.65
70.45
69.47
68.42
67.15
66.71
67.83
69.68
71.10
70.95
69.96
69.61
69.07
68.26
69.50
72.43
73.60
73.11
72.55
71.11
69.44
69.54
71.04
72.49
72.28
70.16
67.62
65.37
63.88
64.57
67.84
69.99
68.85
67.68
67.45
67.17
66.96
67.36
68.80
70.82
70.90
68.69
66.43
65.50
66.54
68.65
70.42
70.08
67.57
64.78
63.80
66.01
69.14
70.18
69.69
68.61
66.95
65.59
65.79
67.62
70.43
71.81
70.52
68.98
67.78
66.27
66.35
69.48
72.13
71.47
69.74
67.93
65.91
65.28
67.18
70.09
72.09
71.81
70.09
68.93
67.33
65.09
65.45
68.76
70.82
70.63
70.70
70.47
69.25
69.26
70.92
72.14
71.57
69.21
66.89
65.69
65.54
66.67
69.51
72.07
71.48
69.90
69.53
70.43
72.19
74.07
74.80
73.78
72.27
70.51
68.39
68.12
70.42
72.14
71.67
70.13
68.24
66.60
66.37
67.92
70.47
72.01
70.10
67.20
65.80
65.12
65.15
67.30
70.64
71.60
70.73
70.45
70.35
70.17
70.76
72.18
73.75
74.19
73.09
71.90
70.58
68.74
68.05
69.19
70.67
71.29
70.51
68.46
65.75
63.44
62.63
64.60
68.22
69.32
67.75
66.42
65.19
63.62
63.05
64.21
66.38
68.27
67.97
65.92
64.36
63.96
64.75
66.73
69.33
69.86
67.54
65.64
64.40
62.13
60.70
62.52
65.84
67.43
67.75
68.10
67.50
65.95
65.46
66.69
69.05
70.73
69.72
67.50
65.69
64.37
64.18
66.30
69.25
69.37
67.64
66.48
65.22
64.00
65.24
68.60
69.82
68.16
66.35
65.30
65.27
66.55
68.71
69.42
67.72
64.97
63.08
63.52
65.54
67.66
68.03
65.90
63.10
61.40
62.08
64.83
67.68
68.89
67.48
64.68
62.30
61.67
63.20
65.44
66.89
66.95
65.87
64.67
63.83
63.46
64.07
66.12
67.88
67.28
65.48
64.01
63.48
64.17
66.15
68.15
67.67
65.62
64.29
63.15
61.81
62.18
65.04
67.53
67.48
66.47
65.28
63.58
62.78
64.68
67.18
66.83
65.15
64.23
63.65
63.48
65.09
68.06
69.18
68.09
67.17
66.00
64.00
63.41
65.09
66.16
64.98
63.21
62.10
62.24
63.65
65.81
66.69
64.14
61.15
60.70
62.14
64.35
66.30
67.09
66.73
65.35
63.09
61.32
62.03
64.44
65.98
66.00
65.25
64.03
62.80
63.15
65.84
68.59
69.41
68.97
67.79
66.04
65.64
68.11
69.74
67.44
64.84
63.99
64.75
66.59
68.56
69.45
68.20
65.32
62.54
62.67
65.69
67.68
67.30
66.96
66.61
65.20
64.56
66.17
68.31
69.08
68.18
66.12
63.96
63.22
65.10
67.57
67.88
67.10
66.27
64.29
62.28
63.43
66.79
67.85
66.26
64.58
63.33
62.70
63.86
66.77
67.37
64.29
61.95
61.54
61.79
62.70
65.08
67.71
67.96
66.65
65.78
65.02
64.37
65.57
68.42
69.24
67.51
65.98
64.79
63.47
63.62
66.13
68.65
68.90
67.05
64.59
63.33
63.67
65.47
68.15
70.74
71.80
70.98
70.41
70.32
69.65
70.20
72.33
69.66
63.66
62.07
62.81
61.19
59.74
61.99
65.36
65.46
64.00
63.43
62.40
60.66
61.20
64.87
67.89
67.51
65.48
63.27
61.54
61.38
63.81
66.66
66.47
64.81
64.11
63.93
64.09
65.85
68.93
70.10
68.80
67.47
66.14
64.61
65.09
68.29
70.20
69.02
67.72
66.39
63.96
62.31
62.98
65.08
67.14
67.31
65.46
64.09
63.98
64.55
65.97
68.70
70.93
70.39
68.84
67.72
66.58
66.40
68.94
72.12
72.47
71.43
70.15
67.56
65.53
66.59
69.25
71.03
70.64
67.97
64.26
61.72
61.99
63.25
63.14
63.34
65.79
68.24
68.15
66.32
64.71
65.48
67.95
69.15
68.66
67.61
66.12
64.87
65.96
69.11
70.47
69.82
70.04
70.64
70.86
72.43
75.86
79.62
82.79
85.18
86.50
79.96
68.61
62.74
61.01
61.40
62.59
63.62
64.21
64.71
66.36
69.27
71.35
71.92
71.99
72.17
72.43
71.81
70.69
70.43
70.60
70.68
71.34
72.24
71.81
70.85
70.64
70.46
69.75
68.56
67.57
67.39
67.16
66.72
67.99
71.09
73.23
73.71
73.70
73.37
72.80
72.35
72.50
73.56
75.07
76.23
76.23
75.64
75.53
76.54
77.76
77.67
76.88
75.63
73.62
71.21
69.70
71.08
73.51
73.49
72.16
71.03
70.21
69.60
69.36
70.74
73.93
76.23
76.91
77.32
77.13
76.71
77.47
78.62
79.00
78.33
75.93
72.10
68.84
67.72
69.42
71.61
71.91
70.52
68.58
67.32
66.97
67.53
69.38
71.96
72.67
71.53
70.68
69.34
67.38
67.27
69.36
71.73
72.64
71.29
69.61
68.89
68.87
69.89
72.35
73.96
72.80
70.96
69.70
69.24
70.24
72.63
73.61
72.63
72.06
71.18
69.44
69.57
71.65
72.74
72.41
71.55
70.01
68.60
69.07
71.21
73.58
74.42
73.18
71.57
70.04
68.69
69.37
72.36
74.37
74.46
74.12
73.05
71.71
72.18
73.74
74.27
73.38
71.02
67.28
64.10
63.12
64.39
67.31
69.63
70.07
70.26
70.45
69.91
69.88
71.41
73.16
73.67
72.22
69.90
67.97
66.51
65.77
66.31
67.89
69.65
70.81
70.85
70.04
68.86
67.89
68.09
70.13
71.42
69.87
68.04
66.86
65.44
65.27
68.23
71.87
72.92
72.73
72.32
71.03
69.44
68.64
69.61
71.89
72.71
71.44
69.19
66.87
65.28
65.38
67.14
69.63
71.09
69.87
67.97
67.51
69.03
71.79
73.47
73.29
71.93
70.59
69.96
70.15
71.30
73.14
73.52
71.70
69.92
69.97
72.44
73.67
71.78
70.12
69.61
69.77
71.10
73.22
73.51
71.73
69.85
69.08
70.09
73.09
76.43
76.66
74.85
73.86
75.67
78.93
80.77
81.94
82.66
82.42
82.80
83.67
84.11
84.92
86.04
86.90
87.30
87.73
88.68
90.11
91.03
91.97
92.58
91.84
91.44
90.54
88.89
87.36
86.26
85.82
85.37
84.01
82.54
81.11
79.63
78.50
78.49
79.19
78.18
76.66
76.21
75.98
76.47
78.21
78.65
77.30
75.90
74.60
73.88
74.57
75.52
75.35
74.01
72.02
70.22
69.87
71.18
72.87
73.71
72.95
71.69
70.96
71.21
72.66
75.05
76.29
75.35
73.65
71.51
69.40
69.21
71.06
73.25
74.05
72.49
69.72
67.69
68.31
70.62
72.46
72.65
71.11
69.11
68.17
69.42
71.71
73.28
72.79
70.69
68.80
68.43
69.99
72.10
72.99
71.32
68.41
66.43
66.86
69.21
69.82
68.07
66.59
66.56
68.29
70.90
73.07
73.42
71.68
69.01
67.65
68.89
71.92
73.75
69.98
65.59
65.30
65.87
65.49
66.72
69.57
70.32
68.50
66.32
65.32
66.16
68.19
70.07
69.62
67.19
65.06
64.39
65.56
67.46
68.59
67.65
65.38
64.43
65.50
68.11
70.24
69.59
67.95
66.88
65.78
65.35
67.32
69.95
69.42
66.82
64.67
64.47
66.24
68.12
68.85
68.17
65.98
63.00
62.47
65.78
68.15
66.10
63.41
62.26
62.69
64.38
66.66
68.38
68.13
65.98
63.34
63.09
65.99
68.41
68.09
66.78
65.76
65.51
66.50
68.74
69.69
67.68
65.10
63.25
62.07
62.31
65.06
68.25
67.83
65.15
63.29
63.64
66.30
68.88
69.23
67.23
64.77
64.21
65.74
68.43
68.66
64.94
62.54
62.83
63.03
62.90
64.75
67.70
67.99
65.76
63.61
63.44
65.90
68.43
68.82
68.09
66.27
62.44
59.60
60.83
63.50
63.20
61.02
59.68
59.89
61.76
64.12
65.58
66.11
65.93
64.70
63.32
64.36
67.24
67.40
64.23
60.74
58.66
58.81
60.68
63.34
64.81
63.26
60.58
58.96
59.16
61.28
63.51
63.92
63.13
62.01
60.34
58.58
58.50
60.52
62.60
63.10
62.77
62.36
61.96
62.09
63.84
66.43
66.55
64.07
61.72
60.82
61.87
63.57
64.07
63.55
62.79
62.01
61.49
62.12
64.18
65.95
66.14
65.44
64.17
62.07
60.72
62.48
65.81
66.47
64.53
62.49
61.02
60.35
61.00
63.04
64.61
64.00
62.03
60.12
59.79
61.46
64.09
66.26
66.38
64.69
63.44
63.75
66.00
68.64
69.09
67.35
64.92
63.79
64.79
67.44
69.92
69.02
66.14
64.53
64.65
66.11
67.65
68.31
68.19
67.50
66.47
65.79
66.01
66.20
65.56
64.64
64.33
65.79
68.74
71.11
71.94
71.46
69.97
68.40
68.58
70.47
72.31
72.77
71.35
69.02
67.45
68.36
70.51
71.10
68.94
65.07
62.43
62.28
64.92
68.45
68.81
66.67
65.04
65.13
67.14
69.61
70.95
70.18
67.80
65.15
63.40
63.31
65.21
68.53
70.11
68.79
67.18
66.65
67.51
69.17
70.59
70.43
68.32
65.46
63.95
65.49
67.75
67.64
66.35
65.32
64.37
64.15
66.28
69.77
71.00
69.69
67.44
64.22
61.25
61.55
64.88
67.08
66.25
64.04
62.44
62.92
65.22
68.25
69.37
67.04
64.64
64.27
66.01
68.52
68.96
67.77
66.86
65.41
63.44
63.95
67.56
70.36
70.24
68.81
67.07
65.72
66.12
68.45
69.87
69.16
68.17
67.46
66.96
68.10
71.38
73.30
71.99
69.76
68.10
67.75
69.13
71.60
72.27
70.11
66.65
64.87
66.24
68.88
70.79
70.87
69.23
67.06
65.89
66.74
69.30
72.23
72.43
69.60
66.25
64.95
66.73
69.53
71.12
70.23
67.32
64.12
62.77
64.44
67.80
71.33
74.64
76.92
