74.55
72.85
72.01
72.75
75.03
78.62
79.00
72.12
67.78
68.56
70.60
72.28
73.52
75.41
77.78
77.92
76.45
75.15
73.67
72.45
72.34
73.25
75.27
78.68
79.78
76.46
76.42
78.80
78.47
79.66
82.64
83.01
83.11
84.13
84.40
82.58
81.27
82.80
84.52
81.17
75.58
77.68
81.40
80.32
79.24
78.37
76.83
75.95
77.28
80.28
79.45
76.05
74.01
72.35
71.43
72.42
74.16
75.33
75.75
74.89
72.62
70.70
70.60
72.96
74.15
70.73
67.31
65.94
65.72
66.52
68.60
71.59
74.21
73.23
69.64
68.31
68.86
69.59
70.68
72.31
74.08
76.08
78.16
77.13
73.55
72.20
72.32
72.35
72.83
74.40
77.07
77.61
75.02
73.53
73.34
73.26
73.64
75.23
78.29
78.27
73.88
71.46
71.07
70.92
71.44
73.30
76.78
78.17
74.77
72.90
73.01
71.89
71.32
73.40
78.64
81.22
75.06
72.25
73.98
73.43
72.36
73.75
77.89
80.17
75.41
71.32
70.16
69.55
69.75
71.61
75.15
78.22
76.61
72.90
70.26
68.64
68.58
70.88
74.38
77.14
77.70
76.10
73.67
71.73
70.83
70.84
71.93
74.09
76.09
76.50
74.74
73.11
72.84
71.88
71.08
72.74
75.93
78.18
76.45
73.15
71.64
70.90
70.56
71.26
73.34
75.77
73.85
68.65
65.51
65.01
66.53
68.84
71.17
74.11
76.00
73.76
71.39
71.24
70.23
68.97
70.10
72.34
73.94
75.09
74.72
71.54
69.58
71.23
74.93
77.85
76.71
72.72
68.99
67.98
69.00
70.55
72.60
74.91
76.01
74.33
70.18
67.77
68.09
68.65
69.72
72.91
75.37
74.10
71.23
68.31
66.00
65.45
67.12
69.44
71.91
76.33
79.78
76.81
73.47
72.42
71.24
70.32
70.85
73.62
76.47
74.61
72.14
72.00
70.03
68.42
72.33
78.41
80.96
80.82
81.05
83.21
84.13
84.52
86.04
85.94
85.34
85.47
85.78
87.35
88.07
86.51
87.68
89.17
88.99
88.80
88.65
89.68
90.58
88.30
86.79
85.08
83.11
84.14
84.77
84.26
84.69
84.41
84.06
84.83
85.63
84.20
81.70
81.56
81.70
81.54
81.78
80.42
79.43
81.17
81.90
81.53
82.06
82.17
81.95
82.27
82.87
81.24
77.08
74.18
74.30
77.04
78.94
79.13
78.43
76.00
72.39
69.17
68.07
69.43
71.94
72.25
67.81
64.44
64.66
64.67
63.02
61.60
61.73
64.26
67.18
66.39
64.40
65.51
67.53
67.62
67.51
68.52
69.70
70.04
68.95
67.65
67.39
67.65
67.85
67.85
67.94
68.58
69.61
70.40
70.25
69.14
68.15
67.63
67.32
67.27
67.68
68.92
70.16
68.27
64.25
61.93
61.88
63.67
66.02
67.43
68.33
69.19
69.03
67.96
67.71
68.40
69.19
70.06
71.16
72.13
72.10
70.01
67.41
65.94
64.89
64.11
64.81
66.49
66.50
64.85
63.57
62.92
62.54
62.23
62.09
62.92
65.07
66.65
66.25
65.36
64.92
64.64
64.41
64.42
65.03
66.55
67.72
67.14
66.01
65.33
64.58
63.92
64.48
66.22
67.98
68.42
66.74
64.90
64.48
64.49
64.42
65.09
66.74
68.67
69.66
68.46
66.37
65.08
64.83
65.54
66.81
68.20
69.18
69.84
70.45
69.65
67.39
67.96
72.15
75.60
76.13
75.34
78.07
82.24
77.79
73.92
74.27
71.58
69.67
72.71
75.84
76.75
77.90
73.85
64.63
58.59
55.97
55.06
55.31
56.56
58.78
62.03
66.39
71.94
76.78
76.83
75.26
76.16
77.40
79.28
80.63
68.42
54.96
51.60
53.78
57.52
60.67
61.82
61.43
61.63
62.61
63.18
63.60
65.02
66.92
67.86
67.67
66.82
66.02
65.67
65.71
66.21
67.38
68.69
69.11
68.53
67.45
66.86
67.08
67.52
68.25
69.64
69.69
66.92
64.83
65.01
65.56
65.93
67.20
69.39
71.58
72.45
71.26
69.47
69.36
73.43
78.22
77.98
77.93
80.13
80.94
78.39
74.72
73.74
73.95
74.01
74.59
76.91
80.73
80.00
75.94
74.62
75.25
75.96
75.32
75.54
77.94
80.16
79.28
75.42
73.52
73.33
72.72
72.97
75.18
79.07
80.06
75.79
73.12
73.05
73.90
74.88
76.77
81.11
80.76
74.04
71.43
71.37
70.69
70.95
72.50
74.04
76.48
78.48
71.00
60.60
55.70
54.71
56.03
57.74
57.93
57.74
59.24
61.84
63.40
63.77
64.28
65.60
67.83
69.50
69.29
68.99
69.49
69.45
68.61
67.74
68.02
69.94
71.42
71.20
70.25
69.30
68.77
68.92
69.87
71.47
73.12
73.73
72.94
71.76
73.12
75.95
75.72
75.07
76.47
77.50
78.83
81.54
81.03
77.41
74.55
74.23
75.00
74.26
74.49
77.00
79.58
79.72
77.09
75.09
74.39
74.25
74.28
74.57
75.72
78.66
81.76
79.20
76.12
76.52
75.51
73.97
74.35
74.63
74.58
76.02
78.98
80.55
75.48
70.36
69.62
69.83
70.01
71.22
73.13
75.19
77.64
78.61
75.55
73.13
73.26
73.36
73.41
74.56
77.44
78.53
73.07
69.40
70.35
70.88
70.59
71.83
75.32
78.45
73.88
68.51
69.65
72.10
72.54
73.36
75.73
78.99
78.74
74.97
72.26
70.89
70.49
71.17
72.75
74.98
78.36
80.78
76.49
71.30
70.12
70.72
71.83
73.10
74.67
77.12
81.35
82.33
76.11
73.90
75.60
75.47
74.84
75.64
78.14
79.27
76.71
72.91
70.33
70.04
71.33
73.72
76.87
77.72
74.71
73.19
73.53
73.15
73.17
74.49
76.29
78.11
79.24
77.61
74.91
74.25
74.15
73.75
73.99
76.58
80.43
76.73
70.86
70.82
72.22
72.55
73.44
76.46
81.19
80.53
75.89
74.27
74.36
74.04
72.37
72.58
76.00
77.41
76.10
75.20
73.91
72.66
73.47
74.79
75.50
78.51
80.17
74.37
69.40
68.29
69.25
70.89
72.49
75.55
78.21
74.05
69.01
68.26
69.11
70.02
71.20
73.53
77.18
77.56
74.81
74.78
75.31
74.19
73.80
74.49
75.66
78.40
79.69
73.82
69.31
69.94
71.78
72.97
73.72
76.47
79.61
74.39
67.68
66.38
68.62
72.03
73.54
74.91
79.06
78.73
73.16
70.18
69.27
69.39
71.74
76.44
81.35
78.98
70.84
68.95
69.81
67.53
64.70
64.32
68.51
75.32
76.27
72.49
70.06
69.64
70.52
71.52
73.59
76.98
74.95
69.23
68.23
68.72
66.84
65.93
67.77
71.20
74.86
77.14
76.73
74.24
72.58
72.49
73.63
75.79
78.31
79.61
77.54
73.24
71.66
72.16
72.57
73.55
75.84
79.16
79.56
75.28
72.19
71.63
72.65
74.13
75.96
79.12
80.88
79.10
77.51
76.18
74.42
74.19
75.40
76.73
78.62
79.21
75.13
72.47
73.90
75.16
75.40
76.27
79.53
81.40
75.71
72.09
72.87
72.72
72.08
72.99
75.80
79.33
80.73
78.38
74.82
74.60
75.89
76.34
76.33
77.93
81.60
80.12
75.81
74.88
73.80
72.47
73.79
76.51
78.37
78.02
75.38
72.19
71.94
74.08
75.53
77.16
79.21
78.38
75.82
74.00
72.87
72.64
73.71
75.47
76.58
75.45
73.90
73.96
74.68
75.52
76.45
76.65
75.42
73.00
71.24
71.23
71.61
73.40
78.55
73.78
58.98
52.84
53.89
57.43
61.25
65.12
68.27
68.76
67.35
67.34
68.30
68.21
68.09
69.18
71.09
72.77
72.79
71.52
70.34
70.21
71.02
71.46
71.43
71.71
73.00
74.51
73.20
71.97
74.94
76.79
74.82
73.86
74.41
75.88
79.53
81.95
77.96
74.49
73.37
72.19
72.21
74.17
76.67
79.13
80.69
77.54
72.84
71.91
72.54
73.13
74.30
75.95
77.81
80.41
80.84
75.86
72.64
72.76
73.02
73.60
75.13
76.59
77.75
78.56
76.92
74.16
73.76
74.09
74.06
75.37
76.77
76.87
79.94
82.46
76.23
72.51
73.30
72.71
72.50
74.39
75.25
76.73
82.35
82.20
75.93
74.53
75.27
75.53
75.96
77.73
80.15
78.24
71.55
64.07
59.81
58.31
57.28
57.07
59.86
65.14
68.07
67.61
69.26
73.01
75.07
75.73
77.13
81.02
82.89
78.44
75.70
75.84
76.36
75.97
75.56
77.04
79.51
80.90
79.38
77.25
76.11
75.17
75.15
76.43
77.75
79.37
81.02
77.71
72.90
72.25
72.80
72.92
73.70
75.28
77.47
80.52
80.99
75.78
73.22
74.36
74.88
75.57
77.63
79.90
79.60
76.12
74.14
73.88
73.64
73.51
74.05
75.92
79.13
81.40
77.23
73.01
74.17
74.65
73.54
74.56
77.38
79.59
77.77
74.50
72.97
72.87
72.63
71.29
72.66
76.37
73.93
69.00
68.32
70.23
71.47
68.34
65.10
67.61
73.96
78.84
75.44
68.22
66.29
68.55
72.17
72.80
70.85
72.27
75.57
76.66
77.13
76.96
74.22
72.69
74.08
75.67
76.61
77.58
79.47
79.99
76.24
74.11
74.76
74.69
74.83
76.24
77.54
78.43
78.49
74.92
71.01
71.20
72.38
72.43
73.00
75.70
80.27
78.62
72.62
72.04
73.08
72.48
73.29
76.14
78.95
76.71
71.58
70.86
72.12
72.31
73.07
75.10
77.57
79.30
77.99
71.56
66.04
65.12
66.86
69.71
72.65
75.96
80.28
80.49
76.18
75.09
75.27
73.99
73.00
75.47
81.22
72.66
58.79
55.77
58.02
59.56
60.80
64.41
68.74
69.76
69.30
70.22
70.79
70.15
69.65
70.08
71.57
73.19
73.92
73.50
72.46
71.63
71.11
71.15
72.38
73.70
73.61
74.51
76.59
75.50
73.07
72.74
73.92
75.59
77.00
79.55
82.55
80.76
78.36
78.43
76.99
75.95
77.45
79.46
80.49
79.93
77.94
76.72
77.41
76.22
74.43
75.92
78.52
79.77
