96.63
96.97
95.59
95.01
94.69
94.81
95.27
95.23
95.62
96.22
95.76
94.50
94.29
94.95
95.61
96.62
97.77
97.48
96.95
96.48
96.70
97.49
97.71
97.92
98.33
98.10
97.17
96.45
96.11
96.68
97.45
97.77
97.70
97.21
96.36
96.18
96.63
97.16
97.70
97.60
98.41
98.19
96.58
96.46
96.38
97.11
98.15
98.27
97.37
96.31
95.75
95.21
94.97
95.56
96.33
96.64
95.98
95.04
94.63
94.31
94.82
95.51
95.96
96.17
95.21
94.53
94.12
93.70
93.73
94.10
94.84
95.31
94.86
93.88
93.44
93.60
94.30
95.23
95.34
94.78
93.91
93.45
93.98
94.77
94.98
94.97
94.89
94.14
93.88
94.51
95.51
96.17
96.45
96.34
95.87
96.08
97.11
97.10
97.39
98.19
98.13
96.95
96.22
95.82
96.23
97.09
97.83
98.36
97.91
97.39
96.67
96.14
96.76
97.60
97.75
97.80
97.50
96.40
95.89
95.77
96.10
96.58
96.79
96.84
96.04
94.82
94.33
95.00
95.98
96.65
96.76
96.23
95.51
95.50
95.71
96.09
95.99
94.86
93.64
93.12
93.38
93.80
93.76
93.56
93.19
92.68
92.29
92.45
93.28
93.19
93.03
94.30
93.75
93.42
93.27
92.91
94.10
94.62
94.76
94.93
94.36
93.30
93.44
93.72
93.46
94.15
95.64
96.46
96.45
96.09
95.07
94.61
94.80
95.52
96.50
97.01
97.29
96.35
95.45
95.51
94.72
94.92
95.50
95.47
94.91
94.02
92.73
92.30
93.06
93.74
93.33
93.25
93.46
93.47
94.01
93.74
94.29
95.27
94.40
93.73
94.11
94.23
94.12
95.17
94.76
93.96
93.69
93.45
93.15
93.56
94.49
94.91
94.37
94.27
94.49
94.74
95.35
96.38
96.45
96.78
96.30
94.86
94.98
93.99
94.25
95.50
95.88
96.49
95.66
95.23
96.21
97.10
97.01
98.11
99.07
99.60
100.43
100.67
100.68
100.53
99.90
99.04
98.20
96.87
95.14
95.38
95.80
95.62
96.44
95.92
94.66
93.70
93.05
92.37
92.28
93.33
94.03
92.88
91.43
91.07
91.19
91.20
91.62
92.08
92.48
92.15
90.77
90.59
91.37
92.16
92.80
93.68
93.26
92.48
92.59
92.33
92.64
93.68
94.77
95.24
94.92
94.09
93.78
94.39
94.90
94.98
95.97
96.75
95.81
95.31
94.96
95.15
95.63
96.48
98.31
95.84
107.02
127.31
117.12
100.27
99.34
100.54
99.95
100.43
100.72
101.61
102.03
102.02
102.14
101.76
100.93
100.67
99.57
98.74
98.87
98.88
98.29
97.78
96.37
96.41
96.82
96.88
97.40
96.69
95.99
95.79
95.90
96.16
96.42
96.46
95.44
94.05
93.46
93.10
93.81
94.49
94.72
95.26
94.40
93.89
94.12
94.37
94.84
95.29
95.91
96.05
95.21
94.68
94.63
94.60
94.72
95.23
95.32
94.91
94.47
93.88
92.93
92.84
92.81
93.09
94.07
94.42
93.72
92.72
92.29
92.77
93.98
94.50
94.88
95.54
95.01
95.11
95.15
95.52
96.79
96.80
96.95
97.09
96.52
95.47
94.67
94.96
95.45
96.13
96.76
95.31
94.03
94.63
95.62
95.54
96.72
97.72
97.38
96.65
96.79
97.56
98.31
99.32
100.23
100.30
100.01
100.01
99.71
98.67
97.20
95.65
94.39
94.80
95.79
96.21
96.15
95.97
94.67
93.44
93.79
94.95
94.61
95.52
96.28
95.66
94.94
94.43
94.24
94.55
94.99
95.20
95.79
95.49
94.61
94.36
94.87
95.34
95.93
96.07
95.48
95.01
94.46
94.43
94.67
94.97
96.20
96.98
96.00
94.72
94.96
95.88
97.17
98.11
98.42
98.72
99.08
98.10
99.01
100.14
99.57
99.33
98.74
98.88
98.98
98.39
97.13
95.34
94.20
94.00
94.01
94.09
94.41
93.21
92.15
92.03
92.29
93.13
94.13
94.87
94.88
94.12
93.85
93.44
93.20
93.76
94.27
94.36
94.38
94.26
93.77
93.93
94.10
94.00
94.07
94.35
93.96
93.71
93.71
93.46
93.63
94.05
94.57
94.97
94.73
93.74
93.42
93.95
94.34
94.27
95.03
95.85
95.74
95.24
95.25
95.03
95.04
95.71
96.44
96.71
96.93
96.27
95.02
94.64
94.82
95.26
95.75
95.78
95.00
94.24
93.71
93.33
93.54
94.74
95.38
94.68
93.39
92.88
93.72
94.80
95.51
95.90
96.14
96.24
95.68
95.00
95.00
95.51
95.75
96.13
95.86
94.78
94.33
94.75
95.12
96.04
97.09
96.47
97.31
97.92
98.36
99.01
98.38
98.13
97.47
96.84
96.80
96.76
96.04
95.06
94.19
94.20
95.25
95.82
95.71
95.41
95.18
94.94
94.91
95.05
95.48
95.88
95.85
95.90
95.51
95.17
95.25
95.24
95.40
95.93
96.10
94.97
93.26
93.32
93.27
92.81
93.19
94.15
94.57
94.74
94.48
93.49
93.62
93.82
94.43
95.61
95.82
96.12
95.87
94.87
94.00
93.77
93.68
93.99
94.38
94.61
95.57
94.41
93.26
93.86
94.31
94.50
95.04
95.75
96.19
96.27
95.06
94.57
94.49
94.06
95.01
95.64
96.22
96.30
94.91
93.82
94.03
94.48
94.72
95.48
96.37
96.14
95.04
94.27
94.32
94.57
94.71
95.22
96.26
96.58
95.02
93.72
93.37
92.83
92.15
94.00
95.65
96.03
97.08
96.17
95.55
95.50
95.63
96.15
96.05
96.94
97.25
96.29
95.86
95.32
95.34
95.69
95.88
96.14
96.53
95.79
95.02
94.90
94.90
95.91
96.15
96.46
97.08
96.22
95.17
94.63
94.79
95.32
95.79
96.28
95.24
94.04
94.07
94.29
94.75
95.13
95.25
94.88
93.88
93.68
93.73
93.83
94.33
94.39
94.22
93.86
93.82
94.79
95.58
96.26
96.36
95.81
95.83
95.96
96.74
97.60
97.72
97.72
97.74
97.61
97.17
96.73
96.77
96.97
97.51
97.69
97.30
96.42
94.38
93.69
93.75
93.80
94.31
94.97
95.79
95.44
94.23
93.85
92.35
91.28
91.76
92.87
92.93
93.02
93.91
94.64
93.90
93.07
92.80
92.93
93.16
93.46
93.18
92.75
92.56
92.33
92.40
92.92
93.60
94.03
94.15
93.57
93.07
93.19
93.41
93.69
93.71
93.87
94.62
95.12
95.51
95.35
94.91
94.95
94.62
95.12
95.54
95.22
95.27
94.63
94.12
94.66
95.57
95.34
94.80
94.56
94.72
95.26
96.05
96.13
96.44
96.71
95.82
95.21
95.81
96.22
96.21
96.79
97.17
96.18
94.95
94.08
93.46
93.83
94.64
94.99
94.49
93.53
92.78
92.41
92.89
94.10
94.87
94.95
95.02
94.76
94.04
94.77
94.76
94.89
95.57
95.00
94.30
93.52
93.10
93.17
93.31
94.58
95.53
95.00
94.05
94.00
94.04
94.13
94.81
95.80
95.54
94.65
93.62
92.84
93.25
94.69
95.45
95.68
96.15
95.41
95.01
94.75
94.73
95.53
96.06
96.28
95.80
94.67
94.04
94.78
94.73
94.98
96.33
96.53
95.29
94.79
95.00
95.33
96.11
95.85
95.02
94.52
94.69
95.21
95.11
95.94
96.86
96.06
95.03
94.90
94.87
95.15
96.19
96.72
96.78
95.66
94.42
94.66
95.45
95.42
95.15
94.76
94.05
94.44
95.02
95.40
96.00
96.49
95.30
94.67
94.48
93.99
94.01
94.45
94.85
94.90
94.26
93.01
92.99
93.13
92.84
93.11
94.25
95.03
95.37
95.52
95.03
94.49
94.20
93.94
94.08
95.53
96.21
95.01
94.02
94.63
94.36
94.88
95.98
96.03
94.98
94.53
93.60
93.26
94.14
94.81
95.83
96.22
95.55
94.57
94.05
94.26
94.24
94.59
95.84
95.72
95.03
94.21
93.26
92.61
92.87
93.82
94.44
94.69
95.51
94.85
93.98
93.65
93.46
94.04
95.18
95.44
94.87
94.68
93.87
94.10
94.81
94.96
95.21
95.16
94.41
93.53
93.48
94.39
95.21
95.90
96.61
96.78
96.01
95.74
95.98
96.76
97.72
96.74
95.88
95.02
94.77
95.85
96.16
96.23
96.84
96.35
94.32
94.29
94.10
94.40
95.34
95.52
96.26
96.42
95.08
93.59
93.70
94.38
94.99
95.32
95.58
95.67
94.22
93.79
93.91
93.16
93.56
94.23
95.10
95.96
95.88
94.94
94.16
94.15
94.73
95.44
96.38
97.35
97.01
95.72
95.55
95.34
95.14
95.42
95.87
95.61
95.26
96.72
97.65
96.30
95.83
96.11
95.97
95.97
96.51
96.26
94.84
93.77
93.30
93.19
93.88
94.63
95.22
95.06
94.04
93.72
93.92
94.10
94.45
95.20
95.04
94.97
94.73
93.61
92.43
92.20
92.45
93.11
94.28
94.68
94.45
94.39
94.67
95.09
96.58
97.29
97.69
97.91
96.00
95.32
94.88
94.70
95.32
95.80
95.86
94.53
93.14
92.86
92.61
92.78
93.69
94.35
93.55
92.33
91.78
91.72
91.75
92.30
93.52
94.06
93.32
92.42
91.81
91.90
92.44
93.12
94.20
93.94
92.67
92.01
92.46
93.02
93.24
93.60
94.32
94.06
92.99
91.97
91.43
91.38
92.05
93.03
93.45
92.74
91.48
91.25
91.92
92.56
93.45
94.24
94.87
95.25
95.01
94.49
94.23
93.86
93.46
94.30
95.67
95.32
93.76
93.18
92.88
93.13
93.62
94.11
95.04
95.97
94.91
93.60
93.74
92.79
92.59
93.14
93.92
95.11
95.72
94.71
93.40
92.82
92.29
92.86
93.12
93.38
94.62
93.61
92.94
92.65
92.02
92.51
92.50
93.07
94.13
93.58
92.19
91.34
91.16
91.46
92.68
94.15
95.36
95.43
93.91
93.27
92.93
93.06
94.05
94.59
94.59
93.95
93.01
92.36
91.82
91.89
92.51
93.17
93.52
92.85
91.32
90.35
90.85
90.66
91.07
92.49
93.13
93.25
92.92
92.52
92.31
91.85
91.77
92.23
92.59
92.34
