1830509 -0.4477897672566944
1830883 -0.20964245261811787
1831256 -0.3857120149036679
1831625 -0.34859621743577546
1832006 -0.2247012736719668
1832376 -0.388438537896581
1832725 -0.3222608997352906
1833094 -0.3071544182653876
1833455 -0.3025331460690904
1833807 -0.3428633845489742
1834166 -0.41499103585053404
1834533 -0.31686699908231375
1834890 -0.2968506624767151
1835242 -0.3131027494007824
1835604 -0.3750581667458005
1835950 -0.2639276500284604
1836289 -0.30348205443935516
1836625 -0.21599793132271228
1836952 -0.3758286465254469
1837286 -0.5104888481717607
1837630 -0.37698964686241027
1837977 -0.45669910319552676
1838340 -0.3500467917647843
1838701 -0.3653835463031874
1839061 -0.4110197724029957
1839423 -0.40027242550195835
1839781 -0.43913980836815303
1840149 -0.40188007921421
1840531 -0.3527664899896132
1840925 -0.29307121301965344
1841301 -0.3697351624671519
1841664 -0.31962884939495695
1842028 -0.3272489372210703
1842382 -0.2957378876089338
1842734 -0.4056085659331752
1843100 -0.34326177223397963
1843461 -0.34488689676507767
1843815 -0.2769637492381777
1844193 -0.23856900789205548
1844562 -0.30204949099575884
1844939 -0.22423053953994976
1845328 -0.2291067727018874
1845725 -0.24428151340002013
1846121 -0.33207516895456457
1846496 -0.2535477884407813
1846969 -0.2862712518228388
1847256 -0.33908347304921416
1847631 -0.32300866985251836
1848004 -0.4198444676385433
1848476 -0.23252091511778195
1848614 -0.18752541443382753
1848735 -0.3077364949937619
1849091 -0.34496946556378794
1849504 -0.719374005690961
1849638 -1.0308012924955843
1849800 -0.3653267705191787
1850157 -0.4089941228312263
1850514 -0.3226625646179838
1850871 -0.34115851049025164
1851227 -0.37461596714101747
1851594 -0.41761803260540803
1851967 -0.3683871401902873
1852330 -0.3917274727045513
1852687 -0.3874863405025486
1853050 -0.3628478158099849
1853427 -0.3000958441987106
1853790 -0.32833049547073967
1854139 -0.24298940996548862
1854480 -0.22094949887132764
1854822 -0.27447746388077576
1855163 -0.22579667049617203
1855513 -0.20740225403596446
1855865 -0.19866600376943677
1856213 -0.2286003343333587
1856565 -0.1662352901334122
1856923 -0.2275885511673834
1857266 -0.23033182338370695
1857610 -0.2061619347295507
1857960 -0.23833691138153862
1858302 -0.2128328619814186
1858644 -0.22192775696128925
1858994 -0.20992034186127406
1859326 -0.36977000316766684
1859671 -0.1479129798208454
1860007 -0.2625156185324299
