4854368 -0.4518901618571573
4854728 -0.4889284543000146
4855090 -0.4269652857796285
4855457 -0.47436100669323294
4855813 -0.4582489580451187
4856181 -0.46437018308466516
4856554 -0.4099049587839018
4856726 -0.32733784076619976
4856926 -0.4333174018964274
4857290 -0.44183644324865134
4857667 -0.33156160581801347
4858055 -0.43794930620144035
4858442 -0.3594354963175995
4858813 -0.30678292915795236
4859177 -0.3310078944565818
4859550 -0.40258821079384755
4859912 -0.32342784956029846
4860270 -0.2992005884660716
4860467 -0.3468184219783361
4860631 -0.26693688849869224
4860986 -0.3771764433871111
4861332 -0.31052607475743055
4861676 -0.413570361491064
4862027 -0.3616823785750593
4862377 -0.3893279129424473
4862718 -0.35303658858771647
4863073 -0.3870801392807339
4863428 -0.3990474421615694
4863783 -0.4707198610824721
4864140 -0.4444230612446753
4864306 -0.03018564588437872
4864503 -0.46742563456776703
4864861 -0.3611391630172809
4865229 -0.4231798066519685
4865600 -0.5322603974377997
4865963 -0.47292138777691434
4866332 -0.4880653079978496
4866711 -0.46949362694605096
4867078 -0.4182683491135039
4867444 -0.47568925929287004
4867676 -0.25573474430498117
4867803 -0.44005029923234834
4868157 -0.46098048608815473
4868508 -0.5418244301855448
4868863 -0.3792599091475053
4869206 -0.3491070102397563
4869551 -0.4206891303707594
4869892 -0.3390920340157797
4870234 -0.36031774324784244
4870581 -0.34634794150080056
4870931 -0.551846847512429
4871278 -0.34419935170261196
4871628 -0.280154642653596
4871997 -0.3718050864553136
4872340 -0.34229694228546537
4872518 -0.302867162152632
4872697 -0.44183320066423926
4873055 -0.3339071812170036
4873413 -0.2978860513535904
4873774 -0.34669847214714566
4874141 -0.36249776251396615
4874495 -0.354539099319995
4874844 -0.36613037383411573
4875199 -0.427899861183664
4875561 -0.3996056312099214
4875919 -0.42263558523442957
4876279 -0.33088870255418396
4876638 -0.3099409558316652
4876992 -0.3761215394508126
4877342 -0.5614113958633373
4877697 -0.4341984038485114
4877863 -0.15640508502531997
4878051 -0.424834951844205
4878346 -0.07451973318782767
4878406 -0.4719806224111712
4878763 -0.2878850030171039
4879132 -0.42690938232070014
4879503 -0.4440449889380701
4879865 -0.4477450762529537
4880239 -0.40454839241695423
4880608 -0.4284748143951802
4880981 -0.4369082267589259
4881352 -0.4537777350506855
4881726 -0.4264854863379879
4882099 -0.44382111955979375
4882471 -0.4761730492422761
4882839 -0.4314151867522283
4883203 -0.40597704113449784
4883565 -0.4625987753394175
4883928 -0.4644699234056322
