4285059 0.32258499200166507
4285529 0.33618229960757945
4285992 0.33778177928453784
4286457 0.28186742098959067
4286896 0.24668622065896312
4287368 0.32778420385321544
4287845 0.3398979523594641
4288324 0.33393680521627467
4288796 0.3349415352927774
4289274 0.28951759499062735
4289733 0.28336991938133654
4290223 0.32794813369128095
4290732 0.33750346037302714
4291269 0.33514701300291183
4291763 0.28392808225761135
4292225 0.2553111334555782
4292715 0.3168240676250102
4293196 0.3305186030963956
4293685 0.3341724360332883
4294162 0.25962930499304465
4294609 0.24145937056047892
4295095 0.32487206284643894
4295580 0.3358450170874097
4296062 0.31069940414010344
4296514 0.2290453642439647
4296973 0.3068379461795908
4297453 0.33117739894494075
4297935 0.33429027332203387
4298423 0.3131091552048646
4298921 0.23543817529571628
4299402 0.3045230819635272
4299888 0.3219385360824198
4300372 0.33329274579535817
4300821 0.2234681602514979
4301268 0.2954060053038171
4301737 0.31858820194751847
4302206 0.3294365366283403
4302673 0.25073844756560226
4303106 0.2537002737375501
4303579 0.1930361962094689
4304039 0.19328867149524745
4304484 0.29911613677075294
4304936 0.31964976459411615
4305361 0.3284600948859309
4305782 0.3385909296339424
4306227 0.3285690915726175
4306680 0.3364566151162108
4307142 0.305953221933914
4307576 0.24773693826483795
4308046 0.3294964711689055
4308513 0.34150418606374994
4308997 0.32565226502763717
4309454 0.2527680358170572
4309927 0.3129921003259748
4310412 0.33387613949991307
4310915 0.3283072055720905
4311451 0.3330838371686393
4311956 0.32439152898562124
4312462 0.2909768026027565
4312926 0.2632719347335828
4313421 0.321785915176645
4313916 0.328994274568879
4314410 0.332726368361291
4314910 0.33204624099309593
