1201516 -0.20366749261794148
1201986 -0.21931053626806568
1202463 -0.22609872124183006
1202942 -0.2456667538944584
1203405 -0.24950199168941234
1203871 -0.2079114594012385
1204349 -0.22734434613382815
1204818 -0.22177502449891745
1205289 -0.2252329570732433
1205748 -0.256423755408974
1206190 -0.24224473419356246
1206651 -0.20167596513523
1207109 -0.2210818422115745
1207569 -0.23194273837662
1208031 -0.22547121866896258
1208487 -0.23493020637444872
1208931 -0.2612213842848288
1209362 -0.23943955148892004
1209815 -0.18977219419547853
1210272 -0.20884836319063732
1210726 -0.21733195902491137
1211185 -0.2576417400745447
1211620 -0.2611169302444466
1212054 -0.19523592471497153
1212511 -0.19953926680446582
1212963 -0.21588016235620544
1213423 -0.2143327330068251
1213873 -0.26510472017124204
1214310 -0.22785298564880085
1214770 -0.19646313578857783
1215236 -0.20868485600960363
1215691 -0.23231783429945302
1216142 -0.2563111553468752
1216589 -0.2220109214363165
1217048 -0.2095494264545809
1217503 -0.22471543627536117
1217955 -0.24706990223224107
1218404 -0.2715551936548943
1218830 -0.2173767880224287
1219271 -0.22163337917923587
1219705 -0.22851248729020673
1220159 -0.2328227632624536
1220593 -0.2572418554140348
1221025 -0.21132965329759174
1221477 -0.21320740089355789
1221932 -0.21603668258557296
1222407 -0.22545809600971928
1222897 -0.2183943154084469
1223375 -0.23552010167545467
1223827 -0.25333029231583465
1224260 -0.2204399812585438
1224724 -0.2297780655504557
1225193 -0.23384404765709882
1225666 -0.2442551779833257
1226123 -0.24980215800470962
1226579 -0.26613280796651495
1227013 -0.25336716280246324
1227454 -0.21413428131208545
1227896 -0.22683796833939207
1228355 -0.22403362325860166
1228823 -0.23296904460163753
1229271 -0.2724170993499024
1229703 -0.25040124295283006
1230138 -0.20842348647494496
1230582 -0.2307824932252659
1231031 -0.22502109016463012
