3027553 0.32011121031937073
3027986 0.2542886105499639
3028400 0.2860590349286243
3028834 0.33892227512830814
3029267 0.33989938432595623
3029680 0.33635338011047367
3030123 0.28629131444079076
3030599 0.30952075846672056
3031093 0.344772241593319
3031576 0.35561842033563074
3032046 0.34810034274516316
3032503 0.29245256121745544
3032950 0.29019522852675905
3033414 0.3590716499470128
3033876 0.3464418237776048
3034338 0.3324045541216642
3034760 0.28545454336217957
3035233 0.3330107134512731
3035735 0.36832882631418684
3036223 0.35859661098217865
3036692 0.34396558107976477
3037155 0.32345631482506726
3037602 0.2983802504988544
3038053 0.3594517892435521
3038518 0.35925484695881504
3038980 0.3603570967448131
3039440 0.32588403746585326
3039879 0.2880377959982461
3040325 0.3525454277643473
3040780 0.35557035969675155
3041235 0.34088196870883647
3041690 0.3461400635118186
3042125 0.3047968636910131
3042556 0.2856607992751449
3043011 0.3540602138310225
3043465 0.3637871719707608
3043923 0.3487912050654914
3044359 0.28931195744704785
3044786 0.3171092980512349
3045231 0.3604615315261874
3045686 0.35212350892918726
3046132 0.35006627005615887
3046566 0.3192410978486028
3046994 0.2936474358132122
3047441 0.35987292226561196
3047878 0.3566398058399428
3048324 0.35305212102026495
3048752 0.32218433689563925
3049193 0.30778703967511334
3049645 0.35396899271793103
3050114 0.35691580919933447
3050585 0.3597294287094097
3051044 0.3441601452249132
3051491 0.30534997888354
3051932 0.3385930252109094
3052390 0.35924506103611764
3052822 0.35299293057366743
3053249 0.34868263751905426
3053721 0.2971641377046973
3054183 0.34492123921338425
3054639 0.3594130177156652
3055098 0.357012184210437
3055556 0.32435099889443897
3055996 0.29497027804371734
3056442 0.3574562474429002
3056904 0.3670381203558285
