3446916 0.23230950426229025
3447234 0.2982700470431883
3447555 0.37463037064526483
3447872 0.3760317135099648
3448182 0.2638464900799702
3448498 0.364161325794395
3448810 0.3596403561136976
3449120 0.35681149168089277
3449429 0.34176473507484606
3449741 0.36995127559201724
3450049 0.3440859592251978
3450359 0.35878388660057314
3450676 0.34380005071374936
3451007 0.3453947627777306
3451335 0.3383210328020812
3451673 0.3420842929130584
3452016 0.34937653754342646
3452364 0.34775871384136164
3452712 0.3526542372235283
3453065 0.3476299759809288
3453423 0.3566503345679922
3453779 0.3467304609049145
3454135 0.36377553283633346
3454488 0.35405138246755996
3454838 0.31221926011963963
3455177 0.37494781830389956
3455511 0.3635749654658733
3455850 0.36572696396807286
3456202 0.31131130239671306
3456557 0.26513212140438214
3456912 0.31687614810614395
3457280 0.3963753184400574
3457663 0.3920374745669139
3458066 0.3893238275097395
3458467 0.29854009965744066
3458865 0.29223887644123114
3459271 0.3711608171796545
3459698 0.3904249373259188
3460172 0.39532733848409785
3460625 0.387028023502203
3461059 0.3156862452400844
3461483 0.3024536417790518
3461909 0.37616075796846304
3462332 0.3874987054016399
3462772 0.38633151703261187
3463217 0.38314329661552154
3463656 0.33757184978585125
3464077 0.35181293169232875
3464491 0.38203331894692866
3464901 0.38711630584264484
3465314 0.3771089405378115
3465716 0.3447107953400905
3466114 0.337801110063972
3466516 0.3847176148685523
3466933 0.3870354888413008
3467395 0.37839335304490707
3467847 0.34414970229808384
3468289 0.3872981115881675
3468753 0.39901902724226057
3469207 0.3841938010544757
3469649 0.35124538312692755
3470078 0.3754686933026217
3470504 0.3875538241356335
3470943 0.4026212210716893
3471392 0.3931847555770732
3471821 0.37476909254472446
3472238 0.3329653117874187
3472655 0.33850468306516407
3473078 0.4021486904567595
3473501 0.36904799198338745
3473911 0.282825519706868
3474321 0.3606852767062176
3474730 0.38400072052288836
3475126 0.38897804422578286
3475504 0.31535423464837026
3475879 0.2811512581888763
3476259 0.3743511466405605
3476667 0.39359734460433926
