1950079 -0.3866812033032072
1950469 -0.38572189062631124
1950862 -0.3924217440918746
1951241 -0.37007822747677166
1951624 -0.3572272083374125
1951994 -0.3686381364846686
1952360 -0.38004566694192765
1952725 -0.34045981259769115
1953108 -0.4581327737113372
1953479 -0.3902502941321354
1953839 -0.36719981838434346
1954197 -0.3686194657678287
1954559 -0.3281517372011488
1954918 -0.3895938496842866
1955266 -0.3710446859672672
1955607 -0.3972007850354371
1955959 -0.3386825517964521
1956328 -0.3441705215637174
1956711 -0.3749463482300194
1957089 -0.3898936826446062
1957482 -0.36276979827139844
1957874 -0.36623962552484046
1958258 -0.25820065575736195
1958663 -0.3825556253251597
1959067 -0.4031204010860684
1959456 -0.512469492758151
1959845 -0.47773646723232105
1960236 -0.390999983626457
1960616 -0.3807442793701088
1961006 -0.4774168295054921
1961401 -0.37606377090501436
1961786 -0.4074824748312382
1962172 -0.46325375966737853
1962545 -0.3543560159394184
1962927 -0.47084774989998124
1963323 -0.4648895076844581
1963717 -0.384460883181437
1964116 -0.34655672112958075
1964532 -0.3120245529487935
1964922 -0.36873652331839535
1965335 -0.35825589008900594
1965784 -0.38329717335350144
1966219 -0.3466733860870824
1966622 -0.35029048363111404
1967042 -0.3284938300919562
1967443 -0.32726835623828054
1967834 -0.31754826058177127
1968225 -0.3557747724928837
1968610 -0.40502355320521144
1968981 -0.492727578838726
1969341 -0.318386898556553
1969710 -0.4053277070462624
1970090 -0.39497911267352803
1970481 -0.36615737619643923
1970854 -0.38809840093600356
1971212 -0.40387097467139216
1971576 -0.4106995403061544
1971950 -0.3486142348238087
1972337 -0.3621507545509302
1972742 -0.36574776768311784
1973143 -0.3543307171377616
1973546 -0.32230557108818675
1973939 -0.3756645219033511
1974341 -0.3329336531536403
1974755 -0.3131389114112199
1975178 -0.35232898628950715
1975592 -0.36075135399059144
1976005 -0.3436231684383649
1976425 -0.3361438289425373
1976832 -0.32288022810053446
1977265 -0.3325174563260276
1977698 -0.3475550615117714
1978117 -0.3491734666839039
1978540 -0.30725204519814275
1978994 -0.2952592333550678
1979437 -0.31457260064964115
