1411180 -0.37561905796173023
1411529 -0.3120702578633565
1411875 -0.29385596549028925
1412218 -0.3280159919290997
1412562 -0.3067194061712425
1412907 -0.2986391470429276
1413245 -0.4872145437560166
1413584 -0.4033572304324967
1413942 -0.5846489215118832
1414297 -0.3568270599826421
1414638 -0.39190883194615345
1414980 -0.6095038717262068
1415318 -0.3874647483982491
1415651 -0.32836965559488407
1415993 -0.33947911262638664
1416338 -0.3653505307789964
1416681 -0.3729872429741966
1417028 -0.3037909681315577
1417377 -0.37157497003488366
1417728 -0.3378984518557753
1418090 -0.39684217112054243
1418442 -0.42909021656099766
1418807 -0.3991560054100659
1419188 -0.365678684674388
1419562 -0.4458376225075531
1419938 -0.36064354601144977
1420325 -0.23958297534737083
1420712 -0.26389436102652997
1421086 -0.4138787787326854
1421477 -0.3214286525914575
1421835 -0.3313097698418097
1422191 -0.6743212508855412
1422549 -0.33899740160984154
1422799 -0.3812250109797674
1422908 -0.3675274951602858
1423263 -0.3606067321519342
1423482 -0.3446439557315845
1423615 -0.35077791819550336
1423970 -0.6310950555035901
1424324 -0.3571037961633699
1424768 -0.25979522989121123
1425386 -0.3971390252826494
1426080 -0.37529129402726163
1426763 -0.47043249551355837
1427104 -0.38073047591647335
1427272 -0.5323669729062523
1427443 -0.3133135094688075
1428126 -0.43521379916622416
1429472 -0.33387892924877566
1429808 -0.4487140230312583
1430026 -0.2123446778202318
1430148 -0.3471616300254253
1430810 -0.3980823060641532
1431142 -0.3431044713546193
1431476 -0.359453995591607
1431646 -0.18534873804454116
1431812 -0.3447900795936185
1432161 -0.5453975019950119
1432494 -0.5311154377769203
1432820 -0.39377647177025277
1433145 -0.3660416145574591
1433500 -0.41419391215066775
1433644 -0.5348673071661006
1433808 -0.45663732127165463
1434133 -0.3810053023649739
1434463 -0.45431648395641555
1434801 -0.41057248921784567
1435158 -0.4142792694496844
1435514 -0.4079500924095021
1435872 -0.4077767447902249
1436206 -0.4343255851934979
1436558 -0.37579420923774814
1436922 -0.3556150218229612
1437287 -0.37066466629015876
1437655 -0.4920709620902439
1438014 -0.41049419725571956
1438361 -0.4259562278403319
1438702 -0.3572957349776386
1439048 -0.4600195693337951
1439396 -0.4604970125103777
1439731 -0.34053464744359296
1440079 -0.3725481815961733
1440424 -0.38892337458634796
1440764 -0.3679991179531866
