5093379 0.3718668279272466
5093798 0.34911506602649045
5094220 0.47051295561998785
5094640 0.38641804318109574
5095059 0.4615763534669327
5095472 0.4460348100509194
5095887 0.37973338146594504
5096304 0.4666568558876209
5096722 0.47344653041600804
5097143 0.45839447740446804
5097571 0.4608985033429817
5098004 0.42954735138368905
5098428 0.43208553439828734
5098852 0.39858587239866516
5099265 0.45164971976349766
5099699 0.4606667459557493
5100128 0.4572499521135499
5100567 0.44680123979412967
5101012 0.4308253571030356
5101461 0.43206565944576397
5101908 0.445811064789405
5102362 0.4809859302367488
5102796 0.39286597610442303
5103219 0.4472441245381377
5103652 0.4706725719200837
5104085 0.46771888115539184
5104520 0.47104985984094594
5104944 0.4120805062265752
5105367 0.4852485801141189
5105796 0.49925096594429397
5106229 0.4887260622093935
5106661 0.48107071452839273
5107090 0.4001482262909267
5107520 0.4943360535985993
5107947 0.4983355270368818
5108380 0.4803237375503559
5108791 0.3864849305379614
5109220 0.4788561121349204
5109650 0.42734166805854307
5110056 0.44625748159065787
5110483 0.48382993502691973
5110908 0.4715621719995483
5111319 0.3804997619181258
5111739 0.44669224408019864
5112162 0.4898630102229587
5112567 0.38061300207977117
5112989 0.4694169972095784
5113417 0.46371654864244205
5113846 0.46890575588589867
5114270 0.5037482620063874
5114677 0.3889596356836277
5115096 0.40547086670325155
5115505 0.48858631701558636
5115923 0.513441694014105
5116346 0.502060563285152
5116776 0.4993721269117139
5117206 0.4960758994247104
5117626 0.3911133947207432
5118049 0.49090442689263025
5118480 0.48488433186446606
5118911 0.46929345146424895
5119344 0.45151025846718174
5119758 0.3807410374407576
5120187 0.4551608413279498
5120618 0.46306088441506565
5121050 0.4501557730668932
5121477 0.4136805960825586
5121888 0.4081523077607603
5122314 0.45112908499226256
5122738 0.43735689892037155
5123162 0.44804172636244627
