63907 -0.1999208458650259
64429 -0.2767434609237355
64978 -0.16681215641745972
65540 -0.15539743356652858
65658 -0.13044380058201682
66040 -0.17313748643006427
66546 -0.15106763402479184
67065 -0.18122029977956677
67598 -0.18964655141912834
68066 -0.2745006967010365
68571 -0.15626588713337214
69048 -0.14871531164477098
69232 -0.02359743329250602
69564 -0.1585289761408461
70045 -0.17159016519946074
70561 -0.1811785221170641
71045 -0.18880412071074038
71563 -0.20879589317701341
72048 -0.2509896910376285
72541 -0.14261919241059928
72993 -0.145820787412966
73468 -0.19089446102565832
73978 -0.1795887329922533
74490 -0.20668820418093925
74987 -0.1505665244863429
75500 -0.16401820169418002
76023 -0.18689279563185546
76573 -0.17181998781332375
77154 -0.21347308929390385
77747 -0.20828255255686212
78280 -0.2239452996387158
78795 -0.18547207612991168
79347 -0.1814638371022097
79937 -0.20560958961923853
80469 -0.20805402384328547
81019 -0.1978807527293328
81563 -0.16344502297330643
82112 -0.18676719088294447
82624 -0.17094542676147295
83171 -0.22409585541802957
83699 -0.15860808233224222
84250 -0.17724883498439337
84801 -0.21592210586738236
85328 -0.2283041996614153
85589 -0.24720507700419586
86228 -0.2831386562967921
86721 -0.16171329768489867
87194 -0.16950453743059668
87694 -0.16984425863536812
88209 -0.18403752586689281
88724 -0.2895825547239879
89248 -0.182230866608381
89729 -0.1864891447495452
90184 -0.2052212102917037
90652 -0.21356920294036996
91146 -0.20901575769168657
91658 -0.2814690553053538
92132 -0.20502987014895746
92684 -0.2096255555284411
93211 -0.22473320938640012
93760 -0.17168970480820372
