71.18
70.60
70.40
70.58
70.42
70.26
70.49
70.56
70.32
70.13
69.92
69.47
68.97
68.80
69.50
70.38
70.08
69.59
69.52
67.32
63.98
63.65
65.68
66.85
67.24
68.24
68.80
68.11
67.63
68.06
69.02
70.43
72.17
72.20
69.93
68.83
69.57
70.52
70.93
70.77
70.89
71.28
70.74
69.07
67.06
66.69
67.62
65.46
61.56
61.33
63.82
64.88
64.20
63.72
63.69
63.94
64.97
66.86
67.46
66.00
65.21
65.52
65.04
64.45
65.68
67.52
67.72
67.20
67.11
67.07
67.14
68.25
69.66
69.58
69.33
70.10
68.88
66.05
66.36
69.07
70.01
68.79
67.05
66.29
66.99
68.34
69.37
69.19
68.47
68.05
67.23
66.12
66.63
67.82
66.27
64.03
64.64
66.28
66.38
65.83
65.85
66.69
67.82
67.89
67.30
67.53
68.22
68.45
67.95
67.00
66.49
66.60
66.86
66.97
66.84
67.25
68.74
70.57
71.64
70.91
69.78
70.34
71.50
72.02
72.19
72.14
71.71
70.57
69.17
69.31
70.59
70.84
70.38
70.31
70.50
69.98
67.48
65.37
66.39
68.39
68.89
68.79
68.91
69.06
69.39
70.04
69.97
68.76
68.39
68.78
67.58
65.97
66.31
67.96
69.59
70.08
69.38
68.84
68.27
67.04
67.39
70.22
69.85
65.69
64.64
66.39
66.99
66.36
65.96
66.18
66.91
67.35
67.22
67.00
66.95
67.13
67.58
68.21
68.24
67.47
66.95
67.03
67.31
67.42
67.21
67.13
67.54
68.01
67.93
66.69
65.03
64.33
64.63
65.43
66.30
66.84
66.95
66.75
66.65
66.52
65.82
65.45
66.61
67.73
67.08
66.49
66.70
65.52
63.68
64.51
67.24
68.48
68.18
67.88
67.66
67.43
67.51
67.99
68.67
69.12
68.87
68.18
67.41
66.61
66.09
66.37
67.04
67.18
66.95
66.80
66.60
66.45
67.10
67.86
66.62
64.76
64.91
65.96
66.18
66.53
67.63
67.98
67.44
67.88
69.02
69.20
68.75
68.59
69.09
70.17
71.20
71.60
71.04
69.68
68.16
67.57
68.21
69.66
70.59
69.85
68.92
68.57
67.77
66.98
67.53
68.35
68.09
68.21
68.71
66.22
62.46
62.17
64.50
66.34
66.96
66.85
66.44
66.14
66.44
67.60
69.46
71.34
72.20
72.52
72.86
72.05
70.81
71.42
72.53
72.24
71.84
72.16
72.98
73.81
74.27
74.65
74.98
75.13
75.96
77.36
77.17
77.09
78.84
78.53
76.60
76.14
76.67
76.94
75.84
73.97
72.30
71.97
74.56
77.49
75.65
73.74
74.65
75.97
76.56
75.87
73.12
70.92
72.28
74.34
74.76
75.11
75.59
75.59
75.63
75.92
76.16
76.05
75.53
75.00
75.08
76.12
77.44
77.93
76.93
76.65
77.62
78.20
79.26
81.07
81.65
81.95
83.15
84.53
85.03
84.99
85.78
85.75
85.17
85.39
85.62
84.62
82.88
82.28
82.02
81.47
80.72
80.01
79.54
79.31
78.74
78.08
77.85
77.42
76.92
76.95
76.75
76.19
75.93
75.60
74.96
74.52
74.21
73.83
73.68
73.86
74.22
74.48
74.57
74.84
75.41
76.13
76.83
77.14
76.76
76.94
78.09
78.59
77.53
76.86
82.46
90.67
90.75
84.13
78.44
77.41
77.71
77.58
77.42
77.97
78.91
78.85
77.85
76.94
77.45
78.33
78.55
78.38
77.68
76.67
76.69
77.42
77.95
78.37
78.53
78.20
78.24
78.73
79.05
79.23
79.17
78.62
78.24
78.31
78.46
78.58
78.57
78.15
77.13
75.81
75.05
74.51
73.77
73.38
73.20
72.58
71.98
70.92
67.45
64.92
67.70
71.75
71.24
69.30
68.48
68.06
67.61
67.13
67.38
68.65
69.36
68.79
68.11
67.75
67.54
67.22
66.73
66.80
67.50
67.68
67.12
66.59
66.24
66.01
66.13
66.83
67.98
69.09
69.14
68.54
68.69
69.32
69.78
70.30
70.86
70.72
69.84
68.71
67.67
66.97
66.83
67.14
67.40
67.31
66.74
65.52
63.84
62.94
63.49
64.94
66.38
66.47
65.46
65.09
65.23
64.87
64.52
64.99
65.93
66.47
65.32
63.05
62.72
64.62
66.38
67.42
68.84
70.08
70.05
70.03
70.96
71.87
72.94
75.25
77.18
77.15
76.48
76.01
75.92
76.30
76.54
75.69
74.26
73.24
73.40
73.69
72.89
71.65
70.68
70.31
70.02
69.25
68.13
66.57
64.29
62.38
62.11
62.85
63.51
64.13
64.91
65.39
65.17
64.59
64.06
64.04
64.60
65.49
66.27
66.43
66.37
66.63
66.61
65.86
65.22
65.10
64.99
64.59
63.89
63.24
63.09
63.16
62.99
63.02
63.68
63.94
62.98
61.96
61.68
61.75
61.89
62.29
62.90
63.22
63.01
62.46
61.94
61.95
62.57
63.57
64.50
64.83
64.79
64.95
65.23
65.44
65.93
66.67
66.65
65.65
64.79
64.34
63.94
63.70
63.86
64.10
63.96
63.50
62.92
62.60
62.62
62.59
62.48
62.89
63.70
63.61
62.72
62.54
63.12
63.45
63.69
64.63
65.60
65.49
64.90
64.68
64.43
64.00
64.12
64.79
64.78
64.04
63.66
62.93
60.51
58.87
61.07
64.98
65.87
64.29
63.12
62.75
62.89
63.02
62.92
63.17
63.86
64.06
63.47
62.93
62.69
62.53
62.54
63.02
63.62
63.70
63.45
63.37
63.43
63.47
63.58
63.81
63.99
63.96
63.73
63.47
63.47
63.66
63.64
63.52
63.82
64.22
64.01
63.46
63.14
63.02
62.96
63.05
63.39
63.99
64.64
64.72
64.15
63.60
63.41
63.53
63.85
64.29
64.63
64.62
64.24
63.67
63.44
63.87
64.52
64.95
65.11
65.20
65.69
66.47
67.03
68.38
72.13
76.48
77.48
72.26
66.55
66.32
67.44
66.23
65.09
65.15
65.13
64.83
64.88
64.74
63.53
62.09
61.49
61.79
62.72
63.49
63.44
62.85
62.14
61.81
62.07
62.89
63.74
63.56
62.73
62.92
63.23
61.23
59.27
61.16
65.21
66.51
64.30
61.05
59.53
60.99
62.66
61.99
61.72
63.79
64.85
62.86
61.63
62.75
64.11
64.49
64.56
64.58
64.29
64.07
64.45
64.09
61.68
59.86
60.67
62.01
61.58
60.67
60.61
60.87
60.91
61.01
61.43
61.95
62.21
61.79
60.83
60.53
61.23
61.84
61.76
61.53
61.13
59.69
57.83
57.51
59.02
60.81
61.77
61.99
61.81
61.74
62.00
62.52
63.04
63.15
62.87
62.61
62.59
62.86
63.24
63.40
62.84
61.33
60.23
60.56
60.97
60.25
59.77
60.71
61.90
62.10
61.83
61.76
61.71
61.70
62.57
64.40
65.24
64.33
63.65
63.48
62.29
61.13
62.52
64.97
64.38
62.05
61.36
61.71
61.68
61.48
61.59
61.59
61.09
60.57
60.42
60.34
60.09
59.86
59.91
60.32
60.98
61.20
60.63
60.23
60.55
60.87
60.70
60.63
61.05
61.59
62.21
63.72
66.14
67.53
66.98
65.85
65.03
64.79
64.67
64.12
63.68
63.88
64.32
64.31
62.88
60.56
59.64
60.47
61.44
62.01
63.19
64.69
64.59
62.98
61.60
60.68
59.76
59.27
59.79
60.63
60.63
60.08
59.87
59.72
59.12
58.83
59.96
61.53
61.61
60.64
60.11
60.01
59.90
59.94
60.49
61.24
61.63
61.32
60.25
59.03
58.37
58.70
60.09
60.84
59.07
56.87
56.82
58.08
58.80
58.82
58.94
59.22
59.33
59.23
59.09
59.04
59.14
59.54
60.47
61.39
61.16
60.09
59.56
59.64
59.47
58.88
58.21
57.81
57.98
58.38
58.11
57.29
57.09
57.80
58.54
58.76
58.68
58.55
58.47
58.48
58.47
58.40
58.37
58.45
58.60
58.70
58.59
58.18
57.71
57.48
57.55
57.86
58.05
57.72
57.22
57.14
57.45
57.76
57.96
58.09
58.11
57.90
57.61
57.67
58.13
58.60
58.82
58.79
58.61
58.46
58.55
59.06
59.96
60.50
60.20
59.71
59.60
59.96
60.56
60.69
60.00
59.35
59.29
59.26
58.88
58.72
59.15
59.53
59.31
58.80
58.45
58.60
59.39
60.22
60.45
60.36
60.40
60.60
60.90
61.35
61.94
62.24
61.93
61.42
61.08
60.80
60.54
60.69
61.20
60.90
59.43
58.31
58.26
58.51
58.49
58.50
58.74
58.95
58.89
58.70
58.58
58.71
59.15
59.52
59.48
59.29
59.27
59.29
59.16
59.05
59.21
59.59
60.05
60.26
59.90
59.44
59.43
59.81
60.27
60.49
60.21
59.70
59.36
59.19
59.12
59.32
59.98
60.66
60.73
60.23
59.54
59.08
59.20
59.75
60.41
60.92
61.06
60.99
60.97
61.07
61.33
61.79
62.47
62.89
62.59
61.95
61.46
61.21
61.23
61.71
62.45
62.16
60.42
58.82
58.30
58.63
59.29
59.31
58.35
57.64
57.85
58.28
58.32
58.38
58.83
59.17
58.94
58.71
59.06
59.61
59.83
59.97
60.42
60.73
60.37
59.69
59.31
59.78
61.28
61.82
59.55
57.28
57.64
59.24
59.94
59.88
60.03
60.33
60.39
60.17
59.78
59.53
59.67
59.97
60.05
60.00
60.06
60.22
60.32
59.99
58.99
58.26
58.78
59.60
59.19
58.17
57.93
58.34
58.74
59.10
59.76
60.28
59.78
58.74
58.34
58.59
58.77
58.83
59.21
59.87
60.25
60.31
60.51
60.92
61.23
61.17
60.57
59.81
59.64
60.04
60.47
60.86
61.56
62.40
62.80
62.55
61.82
61.25
61.55
62.47
63.27
63.45
62.80
62.24
62.51
62.59
61.72
61.24
61.77
61.49
59.64
58.27
58.21
58.00
56.96
56.53
57.51
58.61
58.65
58.48
59.04
59.74
59.73
59.42
59.45
59.83
60.37
60.82
60.96
60.86
60.65
60.26
59.74
59.85
61.13
61.99
60.86
59.51
59.68
60.37
60.36
60.12
60.30
60.61
60.64
60.34
59.78
59.14
