0
79
75
75
75
75
75
75
75
75
75
75
75
75
75
75
75
75
75
75
75
75
75
75
75
75
75
75
75
75
75
75
75
75
75
75
121
121
121
121
121
92
88
86
86
85
85
112
109
109
90
90
90
89
89
91
90
90
87
87
86
96
85
90
88
86
113
113
89
87
88
88
87
89
87
86
87
85
82
87
92
84
87
88
87
110
88
88
87
85
93
87
85
84
83
85
86
84
83
85
84
86
85
84
84
83
83
81
82
105
98
83
83
98
84
84
81
82
82
84
83
81
85
81
80
82
81
84
83
81
82
79
82
81
112
84
82
81
82
83
82
81
106
84
82
80
82
81
81
80
80
82
80
127
113
81
84
91
84
84
86
93
82
82
83
83
86
83
80
78
87
81
96
87
87
84
103
91
91
91
91
84
83
93
82
81
80
83
82
82
102
85
86
94
86
86
86
84
84
89
