130
130
139
128
136
138
134
145
137
150
150
150
139
139
139
139
139
139
147
138
138
138
118
139
139
139
139
124
122
117
117
132
132
135
133
137
130
122
135
127
140
157
157
157
157
143
117
112
110
119
118
118
118
118
118
118
118
118
118
118
118
118
118
118
118
118
118
118
118
107
111
114
114
143
143
133
114
106
113
113
125
125
125
125
125
125
125
125
125
125
120
125
125
123
123
123
123
123
123
123
123
123
122
111
114
105
112
112
115
116
167
145
145
102
102
102
102
102
158
158
158
139
114
128
149
114
114
114
114
114
179
180
104
132
109
111
111
111
129
108
108
108
167
161
161
161
123
178
173
112
106
107
117
123
147
147
139
139
104
167
167
167
167
138
114
118
118
118
102
112
112
120
104
110
109
107
214
177
177
177
134
134
163
163
135
133
133
133
133
133
133
133
125
125
125
125
125
125
125
115
