5374314 0.5832019824547428
5374903 0.38199434526739384
5375192 0.42107300266757497
5375480 0.4496395097725353
5375766 0.5462404569932905
5376054 0.6966905836296267
5376338 0.8219391652860718
5376621 0.7343396924409789
5376904 0.8418716394010441
5377184 0.9353526600003674
5377462 0.5253586327551846
5377739 0.5866810030911089
5378027 0.5779305350545945
5378326 0.5916583850469384
5378620 0.4165568691586191
5378915 0.5235339026652496
5379215 0.5490545449559947
5379525 0.5586430740717571
5379838 0.6588690953714067
5380150 0.5254064261703683
5380454 0.49987425511222516
5380752 0.5629109414672175
5381051 0.6364124057798697
5381344 0.6651332234514008
5381638 1.5481100555057425
5381926 0.9655715272704332
5382214 1.1101116399769737
5382501 0.8334530746695635
5382779 1.0195758923296412
5383059 0.7901256914959766
5383333 0.7848375059667675
5383604 1.0514392774310863
5383875 0.7994368149417247
5384143 0.8277574236983735
5384410 0.9465422080928536
5384678 0.674691819251096
5384947 0.7183063827389204
5385215 0.6606964227649628
5385484 0.8476653608921527
5385762 0.7926071258928196
5386048 0.7158827046149676
5386336 0.6034535585390465
5386636 0.7278848395716804
5386962 0.8986891550329174
5387284 0.9837584947728206
5387611 0.7857928254562909
5387922 0.6037958279089086
5388226 0.815902717874828
5388535 1.0420431463477668
5388850 0.658158090131524
5389153 0.6864382045432716
5389462 0.9262169615403901
5389765 0.8076841570709059
5390071 0.7072784798943412
5390371 0.8867666523179293
5390667 0.7094857453414145
5390966 0.7699650194007726
5391265 0.9127085810131799
5391567 0.8721296315764178
5391867 0.8015507812151085
5392160 0.716557716063408
5392457 0.8476534354069105
5392754 0.9292747346283639
5393046 0.8668056612015436
5393340 0.7818158440913833
5393632 0.9161427753772726
5393926 1.0818744063071128
5394225 0.882888734643219
5394519 0.8975686597168581
5394811 1.0920651349432815
5395112 1.0883832642720692
5395408 0.7682317747502461
5395702 0.8453247656762313
5395998 0.8801202933801604
5396295 0.743592372741957
5396587 0.7594207488697817
5396878 1.1093038551680339
5397165 0.9693491297677052
5397460 1.0246477621179215
5397762 0.9032163389601349
5398056 0.5700841011573685
5398348 0.6419106689188664
5398639 0.7327541287770215
5398948 0.8603148071151318
5399257 0.7376181502106712
5399556 0.5992673919724396
5399859 0.6602694421312147
5400160 0.7106318608960134
5400463 0.719422605326345
5400767 0.8741022309938182
5401065 0.9021170345133068
5401362 0.8284926359500389
5401649 0.7044410143044533
5401936 0.8394451932261098
5402220 0.7795605595769615
5402511 0.6778446264074702
5402800 0.5171398862473625
5403082 0.5446814219547905
5403366 0.6078690488163118
5403656 0.5821975530542575
5403953 0.4801385356102561
5404271 0.5293847882133876
