3424274 -0.207323789433433
3424719 -0.11319241814648517
3425154 -0.1683752606672349
3425550 -0.24628221010415785
3425940 -0.19672401975335263
3426357 -0.14655174407282529
3426769 -0.1467700843615763
3427186 -0.20633193428222857
3427625 -0.14722500047682635
3428224 -0.11712498520756875
3428745 -0.20186520229633875
3429221 -0.20262470118701792
3429686 -0.13217434076402074
3430158 -0.17227662795801646
3430609 -0.21545986390008492
3431074 -0.15928360721263768
3431588 -0.1256334298648868
3432093 -0.19434572745576995
3432569 -0.1708837897496701
3433073 -0.14243830864588658
3433543 -0.19515680183520767
3434010 -0.1738774355328223
3434468 -0.13391286081420894
3434910 -0.20055213084202195
3435338 -0.2066999708425563
3435780 -0.12293243021489275
3436241 -0.1183422460884771
3436780 -0.18097915161199046
3437290 -0.16440963609375908
3437810 -0.17959009011618282
3438302 -0.21804732758342993
3438811 -0.14236445078522209
3439334 -0.1811398064954381
3439801 -0.21921944231332813
3440257 -0.14255094592455475
3440700 -0.16361193407573738
3441129 -0.20950740140917407
3441575 -0.13478336509105593
3442026 -0.14675653761385477
3442444 -0.20603227264132534
3442840 -0.19879607547328237
3443239 -0.12833171811316652
3443651 -0.10479893176114335
3444107 -0.17875226082456952
3444528 -0.2164823046474365
3444930 -0.1735455934471924
3445356 -0.11246188886767655
3445836 -0.15043320312319136
3446264 -0.21684464093105976
3446680 -0.16760530477064034
3447075 -0.12190373260629744
3447481 -0.19219315522747854
3447902 -0.21308843444178188
3448376 -0.11238305380158015
3448980 -0.17352093822555975
3449494 -0.2090339622224497
3450027 -0.1229226188860057
3450549 -0.19186090652562493
3451034 -0.2243405772769878
3451538 -0.13173857508875325
3452055 -0.1802748219255108
3452523 -0.2296440396588592
3453001 -0.14856839268122135
3453486 -0.11257954598086184
3453983 -0.19580968971909918
