5704568 -0.26467245432615444
5705057 -0.27035476052924307
5705571 -0.26488444620192536
5706093 -0.25399878318452995
5706595 -0.2596175896685261
5707080 -0.27090487754103937
5707553 -0.2698985285721576
5708056 -0.2554711190137327
5708572 -0.25094435477010407
5709051 -0.26376315134650136
5709524 -0.2723077227189644
5710014 -0.2611790684831039
5710484 -0.2647994128277026
5710953 -0.26284032857136974
5711406 -0.26200159807671203
5711849 -0.26231911819105336
5712297 -0.2530324544226711
5712764 -0.2577872723168084
5713194 -0.2588456695229297
5713619 -0.2646601282656347
5714043 -0.25427503550259933
5714473 -0.2559500464765507
5714915 -0.25510082371429915
5715353 -0.2632701053666891
5715777 -0.2616016768142824
5716184 -0.2590591733206497
5716614 -0.25763569384338175
5717057 -0.2516123844835481
5717483 -0.2529068405878331
5717920 -0.2539243180381077
5718340 -0.25475494889729705
5718865 -0.2532460845646628
5719351 -0.25337409939577477
5719840 -0.25460216034729405
5720294 -0.2661010562997359
5720772 -0.25610678348824994
5721255 -0.2577252682885906
5721713 -0.2577485110228407
5722164 -0.2636493586290452
5722613 -0.25183470144939707
5723069 -0.25402962775801413
5723513 -0.2515120278596732
5723946 -0.25852620453540304
5724381 -0.26058332756953945
5724837 -0.25288831828786595
5725307 -0.2496877209767216
5725762 -0.2530001437223964
5726199 -0.25634483111164413
5726633 -0.24701483799972473
5727094 -0.2538186750066392
5727561 -0.2505152810090602
5728033 -0.25191717765547444
5728490 -0.25982501112566203
5728967 -0.2544385209031884
5729458 -0.2542256053830888
5729952 -0.2577309098372622
5730449 -0.2624859755513643
5730959 -0.2605062834373192
5731491 -0.26258903452766263
5732024 -0.26637227298496985
5732561 -0.26072853205944974
5733100 -0.2693276837585637
5733628 -0.2737699422569563
5734172 -0.261366647157176
