3034385 -0.053653649680237114
3034699 -0.08887034012099049
3035030 -0.08445268993518074
3035375 -0.05494270732266582
3035695 -0.09569455985070607
3036024 -0.05638448245365113
3036384 -0.05658681975747448
3036685 -0.07102574278148804
3037009 -0.045115344329114626
3037359 -0.05449212141728993
3037680 -0.08385047688445935
3038033 -0.034178561733430146
3038385 -0.033288030384882816
3038717 -0.09763870563540411
3039077 -0.0737813552937171
3039413 -0.058988601744920544
3039741 -0.09591576878358887
3040091 -0.049401708162137126
3040414 -0.0381549645132101
3040744 -0.06226056965010762
3041101 -0.016990174616246967
3041415 -0.05277592551472221
3041747 -0.0531105976214965
3042112 -0.026984988291559375
3042415 -0.07119569817641569
3042764 -0.04838064324339797
3043091 -0.060425970644674365
3043427 -0.0681632151685676
3043788 -0.06033626786820179
3044220 -0.0638527661300472
3044453 -0.07604515080040475
3044766 -0.07262582393057393
3045081 -0.21874394317935586
3045430 -0.07915666789469267
3045715 -0.07581004777083233
3046049 -0.043030748840005906
3046337 -0.03673297414721066
3046650 -0.12992956410895662
3046923 -0.0704642579694097
3047222 -0.06263968504123696
3047603 -0.10911536333636462
3047849 0.0
3048025 -0.004186928360272901
3048299 -0.009825491294558342
3048570 -0.07389339952683338
3048841 -0.02812275866870273
3049191 -0.010723404413846893
3049507 -0.02387216033889139
3049686 -0.028709365594998815
3050063 -0.019360088905928663
3050193 -0.04783658661421697
3050485 -0.045763820586492976
3050747 -0.04698268488398849
3051028 -0.04994117219039129
3051294 -0.05770587769060764
3051544 -0.03185439868501172
3051819 -0.03871216670973121
3052086 -0.04146630056973466
3052346 -0.04763855645818138
3052602 -0.04946935378727613
3052832 -0.0617904138657126
3053127 -0.07667490778353292
3053394 -0.04574688591841447
3053685 -0.05254844879011911
3053966 -0.027465164084851335
3054269 -0.032729506013434495
3054546 -0.03904469069493155
3054842 -0.042157895961893566
3055144 -0.04043313450146835
3055422 -0.020127376360968174
3055738 -0.03618746478810486
3056019 -0.06285366167977502
3056312 -0.019965697191881127
3056722 -0.012733642623252273
3056905 -0.03772958692160966
3057201 -0.05013501749705451
3057474 -0.010727761098948463
3057769 -0.035470497971818116
3058078 -0.05872329187224912
3058379 -0.05216132556709274
3058664 -0.0427139867416948
3058972 -0.05361885705724778
3059289 -0.04666428286590518
3059571 -0.056331447965249026
3059992 -0.0325792375317171
3060189 -0.027380175307143872
3060518 -0.05346626911269503
3060839 -0.06882642447200427
3061151 -0.028339401990855606
3061458 -0.047502709741791715
3061789 -0.03140249115589633
3062096 -0.048216800363297674
3062419 -0.05435483332678537
3062844 -0.006803710913039884
3063033 -0.05223606895589761
3063342 -0.0513213784004285
3063650 -0.02884410507846691
3063969 -0.057675622102434376
