2854264 0.8948733416835429
2854616 0.8042775689734024
2854959 0.8129539817800027
2855314 0.8217705310679477
2855670 0.8449123940250134
2856023 0.8022402118569035
2856377 0.8500234974096862
2856732 0.8380752842129316
2857086 0.8662885820977582
2857440 0.8150036821277832
2857785 0.7611853322194858
2858126 0.8495180712237205
2858474 0.8752738808267804
2858827 0.8264747969044391
2859172 0.7815769269952686
2859519 0.8289658027956751
2859867 0.8459935156576095
2860214 0.8190357304748219
2860553 0.7489499091907785
2860902 0.7885683815777851
2861247 0.8010234209155953
2861586 0.7680934881770638
2861924 0.8027587388817163
2862265 0.8532544643038189
2862615 0.8896502325847282
2862951 0.7590981681650139
2863286 0.7946294876185148
2863624 0.8218782282845379
2863964 0.7890495642749866
2864298 0.7662994377891064
2864633 0.8260887745028923
2864978 0.8473372858234558
2865320 0.8655450103017169
2865652 0.7061063915897183
2865982 0.8378055461149624
2866312 0.8743338375562494
2866640 0.7942990342652978
2866963 0.7845755118993685
2867295 0.8418360254520234
2867629 0.8682313061857936
2867965 0.7806597026856692
2868300 0.8017584332824285
2868640 0.8465447760387607
2868983 0.8784873924844543
2869330 0.7471912265933455
2869671 0.8080223403749762
2870022 0.833376177032715
2870369 0.8344201267523752
2870708 0.7772629922832327
2871048 0.84476234377551
2871390 0.859137364694915
2871729 0.8424790789964018
2872067 0.772675755788198
2872405 0.8414348235595683
2872743 0.8378537786030938
2873080 0.8533000995624063
2873413 0.7477519282259135
2873759 0.8207196255059801
2874103 0.8825404499569369
2874447 0.7801467055765793
2874792 0.8239664377146888
2875142 0.8465504138800113
2875490 0.8381888948404328
2875828 0.7433505875232824
2876158 0.8107618894903659
2876493 0.8569911828249457
2876830 0.8429604752120828
2877166 0.7531652818851758
2877492 0.8014295545477521
2877821 0.864251583978696
2878153 0.8569332974608219
2878482 0.7743605101445965
2878815 0.8672559211801708
2879152 0.889563446210429
2879487 0.8555239384432354
2879817 0.7631674248411653
2880143 0.8440506721099734
2880458 0.8730000338721421
2880769 0.8464446789238806
2881081 0.7905906139769654
2881405 0.8630807048681204
2881744 0.8675976817410189
2882099 0.822468884480271
2882449 0.7820113066523171
2882802 0.849764525637539
2883153 0.8364652025812417
2883494 0.7849063240935112
2883819 0.7483588480456618
