2554133 -0.04010839469677008
2554611 -0.02630362795168173
2554976 -0.029445333609810054
2555345 -0.022930520037362068
2555566 -0.048568653198118095
2556067 -0.028627018905723944
2556426 -0.041175125014707215
2556793 -0.021771851733378367
2557016 -0.03639505105426144
2557401 -0.02103349236811547
2557881 -0.03490930447284801
2558114 -0.05575620242338497
2558598 -0.024749715505732683
2558973 -0.04143403571297677
2559342 -0.03439789026359663
2559561 -0.055743663145817246
2559939 -0.03293539614843244
2560434 -0.05278524660845196
2560662 -0.042960033763214556
2561156 -0.02118037914425952
2561522 -0.02609641638160215
2561767 -0.00330265556764775
2562088 -0.07718722526266125
2562577 -0.05070233367102461
2562808 -0.05173524972543048
2563271 -0.05470930190921308
2563502 -0.015493071802703207
2563874 -0.055547045758593816
2564207 -0.03270975878763244
2564536 -0.06694755230663951
2564911 -0.04164263411890767
2565377 -0.03949759488580534
2565723 -0.05504185155590208
2565948 -0.05310080179763704
2566433 -0.027511151759022745
2566672 -0.05778100917906287
2567131 -0.041991738086182395
2567337 -0.0345279410656264
2567704 -0.05548656692142673
2568053 -0.012653287514289846
2568378 -0.0811022648261912
2568859 -0.05614509577756144
2569209 -0.07236135897366192
2569432 -0.035018788687761204
2569776 -0.05826965630792724
2570259 -1.0909573880004642
2570470 -0.17053608273846244
2570684 -1.5231835133109426
2570944 -0.08122748925699674
2571168 -0.16261954127429923
2571514 -0.77933362094517
2571918 -0.009141496907117741
2572122 -0.123412059700857
2572513 -0.4735645730510828
2572734 -0.2076807980248283
2573181 -0.048626423149683906
2573427 -0.10911725461208621
2573703 -0.10779619273876573
2574030 -0.11104998709986136
2574455 -0.08679538537316356
2574646 -0.11178815340392256
2574987 -0.1770291172765267
2575379 -0.2402951242113831
2575735 -0.31911891010350923
2576260 -0.32043975093829924
2576671 0.0
2577148 -0.1488945325773976
2577461 -0.14886857213900928
2577777 -0.22050729137394032
2578024 -3.4588250217694476
2578469 -0.025869808307159792
2578818 -0.473066461703586
2579038 -0.7308230416430325
2579380 -0.08907392061032704
2579869 -0.604621265331869
2580214 -0.2046728315755474
2580540 -0.08269810920348952
2580779 -0.08590151022919756
2581143 -0.14364742363982996
2581482 -0.08494509594442856
2581925 -0.1345533765544361
2582143 -0.12379372433368996
2582490 -0.1375395487766653
2582942 -0.14341902189031897
2583310 -0.04067488835116395
2583561 -0.045021916851473054
2583903 -0.05163324393588464
