1324206 -0.0030756790840438253
1324643 -0.05779997717299512
1325155 -0.0037831426169827598
1325648 -0.004818317216765566
1326144 -0.0036864476919210576
1326621 -0.004420300901023799
1327039 -0.02097080081411773
1327508 -0.0038638216584388485
1327969 -0.003758219107295624
1328420 -0.004429807539242769
1328877 -0.000943179317746845
1329333 -0.006016669175479439
1329778 -0.003651719619063576
1330263 -0.005796319006511119
1330764 -0.004872989416253193
1331245 -0.005525839656887077
1331679 -0.01472698362435676
1332202 -0.0007532817932656144
1332709 -0.0023926875690259974
1333219 -0.0029407918229705787
1333680 -0.022971676038547106
1334222 -0.003087030746228736
1334730 -0.005148745135510668
1335254 -0.004445168598720517
1335714 -0.02181603939580784
1336228 -0.005255539036508161
1336738 -0.0034456461039872877
1337262 -0.004363808635242827
1337778 -0.0038632507865812293
1338237 -0.04871356785892467
1338778 -0.0039415762135839305
1339297 -0.001081229108651438
1339813 -0.003953701066428561
1340326 -0.0015006509745654206
1340787 -0.006032742021249038
1341344 -0.0034371430479304688
1341871 -0.002777043076165109
1342397 -0.002246512736360562
1342851 -0.02494735153589006
1343387 -0.0023351349300865243
1343905 -0.0008733538759889692
1344413 -0.005380514772027778
1344904 -0.005705233554791911
1345383 -0.0060932020745878
1345892 -0.0006367864638783804
1346393 -0.003298711318643288
1346889 -0.003133362243581017
1347338 -0.010377186603447608
1347865 -0.0019857005372974634
1348359 -0.0024725869402944523
1348850 -0.0016868913245471906
1349285 -0.013943236408127557
1349783 -0.0022302480902189337
1350293 -0.0012938295208139716
1350818 -0.004208081044202727
1351308 -0.013302504707233154
1351790 -0.0954909562349393
1352263 -0.07351515149608034
1352795 -0.002872321604994621
1353309 -0.0004237951347040858
1353851 -0.004693366428031365
