64273 1.6733256448295755
64591 1.8218513539311587
64909 1.73526013118719
65228 1.424184279734471
65543 1.469511366787453
65863 1.4093408469297517
66177 1.4263282232820005
66491 1.2672500774110727
66817 1.119500402789313
67166 1.3681308159206442
67521 1.617870788945971
67873 1.5006118546299128
68217 1.6410352957071628
68565 1.9565594897514371
68911 1.7066195433392144
69251 1.7058332738846442
69588 1.8235172584473662
69920 1.9859076062474683
70250 1.4673894596300023
70567 0.9800924532133732
70886 1.35440460143205
71201 1.101518724523864
71510 1.4701528320932122
71821 1.5165964875928264
72132 1.44398859995738
72458 1.035114510643359
72802 0.9233510411813146
73504 2.681477947311679
73857 1.562191326443549
74062 0.13701839980389718
74213 1.460259498996421
74562 1.235746177409671
74903 1.4954500700950806
75237 0.08316373698804225
75568 1.380531203288363
75897 1.1298390634673052
76221 1.2191772340122269
76542 1.8818124893702315
76860 1.4306894581377776
77171 1.2386267855034194
77479 1.2553430242873551
77782 2.04752356523655
77896 0.6384101414207303
78081 1.7736895384347364
78382 1.6225752663112045
78680 1.9742273772157837
78979 1.9636453200311756
79276 1.576349113349271
79419 1.7921440933625596
79575 1.2555235577216675
79880 1.2940624558509042
80183 0.9958470186828904
80487 1.2381764889895823
80807 1.536661214452029
81130 1.8894682459615306
81438 1.3440868892725693
81757 1.537718941313883
82075 1.782915876411597
82400 1.8074486377063432
82723 1.39164222819984
83040 0.9531046926762015
83357 0.4990457928449756
83672 0.8329822332979555
83987 1.001069301460948
84300 0.5003931434896396
84605 0.7763320694240265
84912 1.483862697327686
85528 2.230238998703097
85835 1.3797427813932506
86139 1.3246633641763035
86441 0.8084488376282384
86745 1.1953552937447811
87049 1.1822734479877264
87344 1.4977402491529133
87642 1.1559375044440436
87938 0.6523645870711356
88231 1.2295313543711122
88521 1.276504528809404
88818 1.5850075989638117
89118 1.2025348059217533
89419 1.2148834709960736
89723 1.4686900241324035
90027 1.4067323007768289
90330 1.7027564682747056
90634 1.4246391431247605
90933 1.304291071874577
91236 1.5634696927164704
91545 1.6861924069641714
91853 1.4916684320750786
92161 1.2991794607029603
92461 1.5521764280243635
92770 1.6547114430250667
93080 1.3368197807838562
93388 1.4862424178949782
93707 1.5955846798646665
