4354566 -0.23013837474751225
4355072 -0.21988604490725916
4355613 -0.21221464485462838
4356131 -0.22608970422012742
4356660 -0.22575614506908293
4357195 -0.21456129478093433
4357733 -0.21277459174397928
4358215 -0.22974235707370377
4358678 -0.22074356910339066
4359120 -0.2164572635784553
4359565 -0.22176077436399555
4360154 -0.20606684795073932
4360707 -0.20193016528985008
4361173 -0.19573725678252296
4361618 -0.20495326080892118
4362049 -0.21436647958339883
4362465 -0.21625028171428762
4362879 -0.2286317571281713
4363483 -0.21089820169656515
4364062 -0.22591556119636302
4364621 -0.23498761933780193
4365205 -0.22250461120719917
4365774 -0.23065339047119915
4366351 -0.23613637840706098
4366894 -0.2486453356504375
4367457 -0.23101430621285352
4368021 -0.23815111147046436
4368582 -0.2312205265425814
4369136 -0.23984050344094932
4369658 -0.24692506473867365
4370218 -0.23071147969470407
4370760 -0.2320614286368553
4371280 -0.2293702758351719
4371795 -0.23775451648455997
4372284 -0.24694738375096587
4372802 -0.22593792345567748
4373317 -0.22683150631735494
4373812 -0.2275212941047497
4374319 -0.2391245609342164
4374814 -0.24143748244086416
4375355 -0.22865863969813022
4375912 -0.22573486524259745
4376461 -0.22932019988199392
4376962 -0.23564750283984043
4377447 -0.23901416733148995
4377976 -0.21950331488671498
4378497 -0.22908773930221749
4378999 -0.23289641146570117
4379478 -0.23457117935858118
4380006 -0.2241090720258329
4380528 -0.22213227304094346
4381026 -0.23033751195363306
4381519 -0.2298977849767782
4382064 -0.22669497544146594
4382616 -0.2265790451961633
4383158 -0.2299616282995236
4383646 -0.24449676820542793
4384185 -0.22792649913823154
