6034586 -0.08086830218701685
6034885 -0.06583698352404177
6035183 -0.05589347643393927
6035417 -0.022483862294343515
6035718 -0.04765525902703993
6036074 -0.05118209162622733
6036298 -0.04309172784655868
6036713 -0.025990756854930797
6036968 -0.03830970882984497
6037201 -0.06163356017922428
6037557 -0.05719191755228592
6037860 -0.037182014783204154
6038084 -0.03806394054359974
6038383 -0.07662166115461833
6038758 -0.04197305203098256
6039048 -0.034355831300324824
6039276 -0.053991503068376634
6039645 -0.05477485082408162
6039941 -0.038985875660995095
6040237 -0.07490142412161904
6040537 -0.07686881914523097
6040841 -0.05790708092994218
6041148 -0.03699816068412731
6041453 -0.03921422525341123
6041756 -0.11783458504660338
6042061 -0.05083607571140658
6042282 -0.052158651637955855
6042580 -0.05244134872574785
6042952 -0.0684159407111945
6043244 -0.02932744522831976
6043533 -0.05107760080215784
6043820 -0.0629968138400786
6044108 -0.04143213692525688
6044397 -0.04901054269417826
6044683 -0.0911692246194008
6044892 -0.04245965858778333
6045256 -0.03616430556297334
6045544 -0.05719874107170797
6045830 -0.08346839598972844
6046123 -0.04728578745548773
6046351 -0.0445858962259591
6046706 -0.056775283286993106
6046997 -0.05806678770217344
6047216 -0.027088684746383374
6047583 -0.03642881262774872
6047869 -0.048209106142682034
6048156 -0.0568792840588761
6048442 -0.03817043757267857
6048733 -0.05327626525944762
6049019 -0.09364096440237157
6049289 -0.043284526481844554
6049534 -0.041898530578054816
6049886 -0.07327288641860175
6050173 -0.06330328017385467
6050386 -0.030397771691722753
6050757 -0.044452913211036005
6051053 -0.034707794779651746
6051355 -0.03120703438883332
6051658 -0.04791574423034739
6051958 -0.034440483996241666
6052262 -0.030440312476246234
6052565 -0.05511239052953931
6052871 -0.05621113233798458
6053173 -0.07190543358175039
6053411 -0.035184156287989765
6053773 -0.0562604488890357
6054066 -0.07822566623696803
6054361 -0.04213680290935495
6054692 -0.061784399176091576
6054946 -0.08671049362857552
6055173 -0.04571885626767069
6055521 -0.06809317995729192
6055807 -0.06873256738406952
6056096 -0.11069084327342371
6056317 -0.03906292391712651
6056619 -0.08494090902633622
6056915 -0.08159686038049163
6057241 -0.15800205486476027
6057651 -0.05209679141835122
6057957 -0.0643713927030588
6058220 -0.058260275884128965
6058525 -0.05395104863016531
6058775 -0.10633570425631395
6059179 -0.03343897067584134
6059442 -0.0816190897168887
6059745 -0.048963510594869475
6060049 -0.06664989055796722
6060344 -0.05870738551802113
6060643 -0.07741361116439999
6060945 -0.07368741780297
6061246 -0.09077618707815638
6061552 -0.06583992321158955
6061800 -0.10697418681192422
6062107 -0.05544333696596837
6062480 -0.07204890476176501
6062709 -0.05520989232966361
6063021 -0.051440154629615265
6063328 -0.04692525122670693
6063716 -0.03255871651294612
6063953 -0.0975175629076731
6064323 -0.06020601321029401
