4534562 -0.11017581385381403
4534916 -0.0466803090150365
4535237 -0.04104265084165304
4535554 -0.0797191890232356
4536021 -0.03845424972509348
4536585 -0.055250913490032305
4536917 -0.026138036363090755
4537277 -0.04856854799497401
4537614 -0.15855788841824164
4537983 -1.319889090080791
4538288 -0.24411724991909053
4538815 -0.7285370249377825
4539098 -1.9290058012213394
4539420 -1.1023915135464284
4539618 -1.120759824620138
4540027 -0.5537707186034488
4540308 -0.1282670570687705
4540680 -0.037837143142921935
4540982 -0.029876377180409003
4541319 -0.0782832382440127
4541801 -0.11657734007034881
4542135 -0.06335387188061037
4542466 -0.0030117929322773795
4542667 -0.21541212916726687
4543007 -0.06191330828266814
4543349 -0.04310578737554687
4543689 -0.10986001306664694
4544048 -0.025196724283396532
4544424 -0.08892952965793227
4544749 -0.20107806523253127
4545100 -0.2284210873274959
4545443 -0.2472452930498512
4545787 -0.46075557313786786
4546132 -0.22382068332085298
4546484 -0.10192684546013936
4546967 0.0
4547233 -0.04302465231744135
4547569 -0.16295637379423877
4547935 -0.11311806387261736
4548304 -0.059244616982720766
4548687 -0.2194987649128885
4549159 0.0
4549378 -0.31802720043657284
4549716 -0.23542241717881385
4550049 -0.14092922996067792
4550376 -0.22589643276958138
4550701 -0.05250382188394809
4551036 -0.16160295003597458
4551434 -0.3136594597094564
4551897 -0.06347071948895006
4552255 -0.5354231780705477
4552615 -0.17843284407791654
4552877 -0.147668291474558
4553284 -0.03158923179817694
4553664 -0.15529244368003123
4554194 -0.10908375810125304
4554495 -0.04108267186406955
4554587 -0.8170701399148725
4554815 -0.2860697477466745
4555205 -0.1987324313679008
4555627 -0.09650962225937104
4555973 -0.2246250243217809
4556369 -0.06296710908665681
4556700 -0.15177393579889337
4557081 -0.030887505029335627
4557959 -0.27196898296796856
4558072 -0.17785040984857536
4558229 -0.05805836733631875
4558565 -0.05696427408754334
4558929 -0.05691240766176242
4559436 -0.06418997648769031
4559669 -0.08649045250396648
4560023 -0.058002316633374185
4560413 -0.1253347598128531
4560771 -0.043979585882271015
4561408 -0.04984029936589929
4561606 -0.3665272233243746
4561838 -0.051851589183970204
4562239 -0.5259171765345528
4562550 -0.04891934878053661
4563038 -0.13647705533591764
4563257 -0.14104841828194462
4563634 -0.12836017885690226
