964313 1.0490249591211658
964644 1.1393939409423985
964973 1.1859782577776135
965300 0.9665304099033187
965622 1.0885051017608964
965950 1.1726336056440223
966280 1.2029030109597278
966609 1.1785898034766147
966934 0.9778964566446736
967257 1.0825409791112677
967578 1.1638432741709275
967903 1.180637062072985
968230 1.1474396543105245
968555 0.9517663531921968
968878 1.0851835550659203
969208 1.1432798468047267
969539 1.1749735188370347
969876 1.1092780364148296
970207 0.9637977070561243
970540 1.0872497863569397
970880 1.1217010167194075
971219 1.1472917963027311
971556 1.0997751485338745
971890 0.9435083142878606
972224 1.0809035933321125
972563 1.1317245682056507
972908 1.130981395434285
973238 1.0229006440725794
973565 0.9685209627117161
973892 1.099582147263875
974222 1.1494197465245273
974559 1.1518032757023344
974888 0.9585995488151295
975218 1.0564373219792647
975550 1.1248895248175992
975884 1.130729835136783
976218 1.082434366582632
976541 0.8995442023863378
976856 1.0246515008961476
977175 1.1402950273938122
977504 1.1908646754897168
977838 1.1686501983779025
978168 0.9804798989988335
978500 1.0497883501180194
978834 1.1352178003430158
979172 1.1513633710784092
979507 1.1415516490873645
979839 0.9851068905602886
980167 1.038763748933348
980500 1.1381409721734028
980833 1.1702055521171575
981173 1.1351604520691918
981506 0.9441157944878051
981838 1.0481885560952429
982176 1.132180317250367
982519 1.1780960785744468
982862 1.1355596155266239
983194 0.9523759512579146
983521 1.0538766919960951
983854 1.112855898739436
984185 1.1459811272622618
984524 1.1394660711421238
984851 1.0056958689149427
985172 1.0331396162055988
985499 1.1017248634727588
985830 1.1421175332575189
986165 1.1327641778509785
986497 1.0520725385864413
986819 0.9619624743452277
987141 1.0639967878931655
987465 1.1222414802473846
987792 1.1211295592227275
988116 1.0373605210247285
988434 0.932677638724806
988754 1.0453450463782479
989076 1.1136298376165792
989403 1.120821935469157
989730 1.1205181402668305
990048 0.9845749904936807
990357 1.0106771701914412
990666 1.104692605023524
990972 1.1559852638836134
991281 1.2569687712867605
991584 0.851084341893818
991878 0.5720439412251095
992171 0.7570859825875191
992466 0.8617565210390632
992762 0.9113932176976924
993064 0.8487916454148726
993366 0.7152752963404367
993676 0.8121156100096651
993995 0.8579916392233855
