2404401 1.6042973234639188
2404780 1.8500693564429413
2405170 1.8869748447132655
2405549 1.7694326210333986
2405929 1.8961632749478317
2406315 1.9616363752562926
2406697 1.8498671574533745
2407083 2.0292567602014095
2407470 1.9580190920263196
2407844 1.8796147258968428
2408216 2.0059819549283193
2408590 1.9694945894031368
2408956 1.8979175970331352
2409326 2.0358418101496616
2409702 1.9634461965274221
2410064 1.8553824530910004
2410433 2.000222857429564
2410803 2.011821902414847
2411169 1.8448330972907163
2411525 1.9326838552087788
2411893 2.026924765053767
2412253 1.8004619073937438
2412603 1.696416036352332
2412953 1.990964625442994
2413297 1.5658551138153043
2413634 1.2845772934165223
2413972 1.6965235801078609
2414312 1.6061871960082366
2414652 1.4157649488324489
2415007 1.6547897150776947
2415376 1.8175652650059928
2415754 1.6854622592440298
2416119 1.572851522621781
2416494 1.823166511169416
2416860 1.8813952580748123
2417215 1.626072571265103
2417562 1.7353294474698517
2417914 2.0447679882000758
2418262 1.6751016396799567
2418606 1.57191450494595
2418950 1.8606448108871405
2419298 1.99598950294381
2419651 1.8234036181636228
2419997 1.662503860044438
2420342 1.9381639551293308
2420693 2.0451006565431453
2421035 1.392546233369915
2421365 1.4764257920824773
2421704 1.821373172517721
2422043 1.4874631573044894
2422381 1.5406939586116808
2422739 1.8654213739533658
2423114 1.6639589513107305
2423483 1.5576542573068963
2423873 1.8543186062502988
2424255 1.755023333751467
2424616 1.5348818553703958
2424973 1.8106735567968255
2425329 1.9176357149345546
2425686 1.7021717021564142
2426036 1.6071168993681222
2426392 1.9310983776474546
2426745 1.9024925838007685
2427087 1.6411277286125467
2427429 1.7518723488079853
2427792 1.9579781546147232
2428161 1.8480082777086861
2428521 1.6473267774905382
2428894 1.8967857311505967
2429271 2.0208284970932926
2429646 1.825270020846477
2430009 1.613568613927657
2430370 1.943140631334514
2430734 2.010102124998782
2431100 1.7517934051360478
2431468 1.792944621975257
2431855 1.9572882739520852
2432246 1.8484905502125435
2432623 1.6917994370080782
2433002 1.9191393772412964
2433387 1.9724666772849473
2433764 1.8310267618541467
