1624318 1.0205353989824666
1624659 0.8735324858003932
1625007 0.9778461892914658
1625363 1.0764282858817897
1625716 1.008456518255473
1626056 0.9148995471080582
1626397 1.0392585339589835
1626746 1.0677954260114648
1627090 0.9280095244804836
1627438 0.9972584287143564
1627788 0.7910128891548869
1628149 0.9730244378254702
1628505 1.3703863772282594
1628863 1.2804717760439681
1629214 1.2835578890400763
1629564 1.3343800081954722
1629915 1.413603351639705
1630262 1.3403242333317653
1630601 1.387211640800631
1630933 0.8804019530714782
1631253 0.7539217627814825
1631573 1.2649626026371388
1631888 1.419982500209141
1632197 0.9685524869160713
1632505 1.3435194511665165
1632809 1.2423027185656461
1633109 1.3182340114437399
1633697 1.2680881236781454
1633996 1.3566066330954483
1634295 1.421117642264578
1634592 1.2165782328035242
1634886 0.7460903244907726
1635182 1.3155164817116585
1635481 1.3815535715241478
1635783 1.541968519128763
1636086 1.4830689311385474
1636380 1.0096658172054156
1636668 0.6920793974857367
1636954 0.4815508773012937
1637242 1.1932426421937703
1637530 3.2874538024965547
1637919 0.9951562617677794
1638110 1.6062270628262705
1638397 2.1024837129277447
1638681 2.2537783123925803
1638960 1.710322355030742
1639234 1.1928527632708597
1639508 1.107993194491108
1640332 2.256642476880236
1640780 1.322817876380002
1640883 2.045323130557363
1641158 1.8907377510462835
1641431 0.9778232207888704
1641705 2.426919976317342
1641975 1.0392826652533478
1642242 1.6114262120869434
1642510 1.871222541171106
1642779 1.4909740533609492
1643045 0.9755824911289861
1643310 1.2483742983879627
1643575 1.5546196208184377
1643842 0.9072146434375667
1644107 2.4612237444635543
1644369 1.2708269528933303
1644635 1.749122222229994
1644900 1.336620998254941
1645163 0.9288246167933062
1645427 1.8935873450431768
1645690 1.372270885065974
1645953 1.7005948485044713
1646218 1.1836661179925385
1646481 1.4409993008922934
1646742 1.541325843710232
1647004 1.5143458826050429
1647265 1.9141843328530794
1647525 1.1402164224829126
1647786 2.4496813962346984
1648045 1.6453662499912272
1648305 2.1349543860283897
1648565 2.6380248847732055
1648823 1.451467878310876
1649085 1.5079244944590064
1649345 0.8235969517683646
1649606 1.3070795551377958
1649869 1.0616628992122006
1650132 2.205246856512955
1650395 2.3488153110150645
1650659 1.8862361085437889
1650922 1.8762609572659703
1651183 1.0717906876670522
1651447 1.3638001568112066
1651710 1.081634223899803
1651975 1.869752161956529
1652243 1.6323269994224714
1652509 1.4000776398837185
1652775 1.5611767937105612
1653041 0.5141538582456454
1653305 1.30657804550156
1653569 1.5971740585017509
1653701 0.4242188166865804
1653835 1.6371286757898027
