4294707 -0.06917067620947792
4295061 -0.04395850600693807
4295827 -2.2319560395792006
4296014 -0.1641517417749927
4296333 -0.15890882865404632
4296996 -0.18696442966302484
4297337 -0.11316548262351278
4297672 -0.15558423597139426
4298004 -0.33862422148212196
4298344 -0.16064533514690305
4298689 -0.08042082997258926
4299057 -0.08280792504755832
4299528 -0.14735856675429748
4299901 -0.11220863202571098
4300126 -0.051223385622727935
4300626 -0.06498441554893564
4300865 -0.13571022689025986
4301230 -0.1242827485165573
4301635 -0.13588856040779015
4301972 -0.06559080708724792
4302316 -0.13111957496116738
4302672 -0.11226477557151993
4303032 -0.027369641548231627
4303502 -0.09522085783728745
4303881 -0.13606609815288973
4304132 -0.08815522586142432
4304606 -0.010597996506546359
4305180 -0.09224245479198534
4305317 -0.868786139257129
4305644 -0.061915862145642375
4305841 -0.26947321215615117
4306301 -0.0996923421279885
4306499 -0.1383862840475697
4306830 -0.12585044953715374
4307190 -0.07025482717519349
4307527 -0.03426123851016713
4307990 -0.038022102955930864
4308199 -0.051905277703310077
4308546 -0.03184620974541558
4308885 -0.03960329694709436
4309214 -0.023919632909760236
4309545 -0.027146995775009175
4310033 -0.006311776471040975
4310269 -0.018039736197870415
4310655 -0.08603109143383247
4311096 -1.8434006023080096
4311356 -0.052944139566237614
4311736 -0.04850623655938263
4312092 -0.014645270463687243
4312578 -0.07884671385105613
4312933 -0.016433639734279026
4313295 -0.0347954410214355
4313516 -0.011043209999607562
4314014 -0.06225385167022651
4314344 -1.9554135710717147
4314560 -0.09215195995207237
4315032 -2.062715305593441
4315241 -0.1125336632507129
4315585 -0.05183578145382395
4315999 -0.011336476093765313
4316252 -0.09642276065232447
4316690 -0.07051698908999415
4317081 -0.05889942648732682
4317461 -0.036208806981566255
4317829 -0.019637626424285015
4318191 -0.033199619886545906
4318554 -0.027872804883654234
4318915 -0.02901404418199849
4319394 -0.30318493106728583
4319602 -0.0893051395720375
4319931 -0.48004453679045855
4320256 -0.12982802516841419
4320578 -0.046927557299121334
4320739 -0.9639995008239834
4320892 -0.1406309907108556
4321331 -1.5348223372131453
4321850 -0.15942211256622002
4322189 -0.06511816570495098
4322561 -0.059850240519327996
4322935 -0.08887755800257173
4323303 -0.08353407241186742
4323684 -0.03510878821119123
4324039 -0.0673836163274531
