3934119 0.5447411332181993
3934478 0.36751085662592825
3934833 0.38020653041870606
3935531 0.42016834248347507
3935870 0.2422828682061876
3936215 0.4099517231311582
3936975 0.42844764635139493
3937772 0.37810277863342173
3938185 0.504212182785592
3938574 0.40098809411144465
3938961 0.37336970433476047
3939339 0.37291508751876246
3939710 0.43735759396970963
3940081 0.44358760390406043
3940445 0.38088282533063883
3940812 0.3886262299169412
3941172 0.5508723046566244
3941521 0.3913195369175834
3941866 0.4583057911156191
3942212 0.3913761781333097
3942555 0.32724229649691233
3942906 0.5078532666339206
3943260 0.4595665394438111
3943614 0.5019816744682047
3943970 0.3995213173404365
3944324 0.49683176783224525
3944676 0.4774860248891984
3945034 0.38489045647915837
3945384 0.5510699772971819
3945734 0.38119846644281236
3946088 0.48316933152639574
3946441 0.3493774942224783
3946801 0.4938242191128408
3947125 0.27266498447952103
3947503 0.41033397056045495
3947850 0.5355956426891556
3948137 0.2111837069645742
3948519 0.41070563021556505
3948850 0.4368296381169509
3949182 0.4170081746012895
3949509 0.6226236959397217
3949834 0.5283539750335432
3950157 0.541434914140021
3950479 0.15380496663743548
3950810 0.4272900726514614
3951145 0.40859025827905165
3951482 0.4832729018035233
3951825 0.4270619617454524
3952174 0.44356235901352353
3952518 0.5238749594221541
3952861 0.3481007238002707
3953198 0.40055421490918547
3953528 0.5114145293743808
3953861 0.4801683826098517
3954193 0.5413859430502691
3954519 0.37592533132060435
3954846 0.5198573632220269
3955194 0.850677239575125
3955502 0.3341789548166921
3955718 0.39730586748990504
3956152 0.4077307089273146
3956504 0.11930643079124759
3957121 0.4620172478173971
3957767 0.5620632328223221
3958094 1.108826733631753
3958411 0.4729924737659819
3959383 0.4718005941280318
3959667 0.6237561397028843
3959863 0.24389571605303756
3959982 0.39872342540416356
3960110 0.197601869037193
3960303 0.6703386045671178
3960970 0.9408293072504167
3961136 0.13756467676102485
3961508 0.4142122497504158
3961633 0.48014712126804443
3961761 0.17815836390099393
3961965 0.39094864046221023
3962295 0.4257979770834843
3962626 0.4573222520633716
3962962 0.4510824093413227
3963081 0.214534922363728
3963634 0.5063285885962968
