1624302 -0.15048792519610799
1624620 -0.18433743916412604
1624926 -0.09800434835172311
1625283 -0.08090830996659237
1625595 -0.09042899143804645
1625818 -0.09761276672896496
1626198 -0.05411352481020448
1626510 -0.08369151817110987
1626830 -0.0921832661866242
1627137 -0.13291253320916874
1627464 -0.11845516727671446
1627784 -0.10381521035045382
1628121 -0.08255354690024952
1628416 -0.15509546022634046
1628727 -0.16694548641181017
1629041 -0.0754061627950906
1629285 -0.09874986207007659
1629667 -0.06767161277662812
1629978 -0.08342087190143987
1630196 -0.07811523298088979
1630589 -0.07657586587067876
1630891 -0.10885065235429825
1631199 -0.152078201622318
1631527 -0.06064801795064945
1631834 -0.059786747131424844
1632162 -0.1054973544045179
1632523 -0.13919882442973308
1632847 -0.08481469567043465
1633168 -0.1302393265409999
1633489 -0.09596228253203343
1633831 -0.08878435217324787
1634145 -0.07793827058447689
1634473 -0.09677192722068473
1634799 -0.09562447854542
1635123 -0.13979985650915194
1635451 -0.13330125701038964
1635767 -0.05921936868308997
1636086 -0.11163062102630394
1636401 -0.09865557815357917
1636736 -0.12280715970940403
1637049 -0.11317855507085472
1637370 -0.17523031086774232
1637688 -0.10129446118009228
1638018 -0.09033047792779497
1638342 -0.09724778716533466
1638671 -0.14056940540108837
1638989 -0.07981979436451392
1639316 -0.10795914510575189
1639627 -0.08035271940405897
1639880 -0.07240521115067367
1640177 -0.11406665223251189
1640473 -0.07151964432200486
1640856 -0.08454532335512344
1641140 -0.058623815934289
1641422 -0.08626329375469566
1641645 -0.07686692044954002
1642057 -0.0928074653533646
1642376 -0.06871712044496403
1642728 -0.06962797496505302
1642954 -0.08854264065120743
1643403 -0.07242809986205656
1643673 -0.10205729751365455
1644044 -0.05910226401209984
1644397 -0.04499719793026913
1644804 -0.06804070047130395
1645161 -0.06067688755787104
1645503 -0.07950512357067285
1645835 -0.07213871690258711
1646172 -0.11272746921737742
1646508 -0.10594302620847795
1646838 -0.12832071534107214
1647159 -0.11359305070866965
1647477 -0.0992653628352248
1647795 -0.12637114392791293
1648121 -0.10840350587021075
1648449 -0.11403257482369134
1648770 -0.1255847888160867
1649100 -0.14896422687951816
1649424 -0.09145567790479481
1649742 -0.11713171307338793
1650058 -0.1636764343574062
1650379 -0.135787751076002
1650729 -0.06337058293682324
1651027 -0.12209695562199574
1651348 -0.11185340706931562
1651673 -0.10478236437263494
1651978 -0.06944630626065296
1652204 -0.06977511674173742
1652580 -0.06396693726943337
1652881 -0.07952102487492885
1653184 -0.09930116532214572
1653514 -0.04434068707596073
1653844 -0.08101637181895727
1654175 -0.07890622095981337
