4684654 0.1802901125624956
4685073 0.1991177981576513
4685477 0.23323670562368903
4685897 0.2733038353743069
4686332 0.2921031790598576
4686778 0.32398561131677894
4687209 0.33847083152721424
4687622 0.3503927841057841
4688044 0.36843140839085464
4688475 0.37435419601770903
4688886 0.38698131864264695
4689884 0.13308403729415552
4690179 1.0265786694872832
4690335 -0.17706395396039376
4690949 0.3886553355585969
4691368 0.524799773032715
4691727 -0.6363987589753588
4693432 0.2681646566370799
4693645 0.34572469585405674
4694022 0.30583861310734584
4694416 0.43750382914332153
4694795 0.4372022270919951
4695372 0.32247575029321673
4695608 0.4015098365457703
4696023 0.4827406086091486
4696420 0.4019323740718299
4696814 0.31054868212554787
4697201 0.4588117659067592
4697571 0.3713806218885809
4697950 0.4801239044267609
4698326 0.4519042505375168
4698728 0.5245828386224272
4699126 0.45425850286054104
4699864 0.0009470208426556326
4700049 0.7286802860531418
4700288 -0.18668479406763794
4700686 -0.30233255256551494
4701059 0.4576847048620918
4701434 0.3975923704810711
4701803 0.320514465754699
4702182 0.5571571109270916
4702569 0.4331803180810301
4702948 0.31247738213090415
4703337 0.5191671273372664
4703736 0.40350926685041966
4704131 0.5241498782292906
4704511 0.4869375854132958
4704921 0.3432865345025169
4705332 0.4718794316731598
4705722 0.3549962057384155
4706131 0.3810888736159903
4706564 0.4754238085319189
4706986 0.46372763802583616
4707385 0.3833779452095287
4707797 0.4888657919051278
4708599 0.408347094871611
4708987 0.47510061466602505
4709394 0.4660503077267686
4709834 0.5323145959729998
4710239 0.4291086845245524
4710640 0.4707006783845378
4711083 0.47612073033827373
4711538 0.4974833942359318
4711956 0.5256743684426683
4712352 0.47297298194229764
4712759 0.5286301804147291
4713165 0.5159930257498875
4713549 0.33497615697760175
4713946 0.44818034425541287
