6034438 1.4156970674703677
6034744 1.6742234190002963
6035056 2.012207318750944
6035362 1.2271793746361583
6035668 1.5790957291930166
6035969 1.042576919633642
6036267 0.819227646884495
6036585 1.0884137131703167
6036909 1.1356148532252157
6037237 1.2306094147589959
6037554 1.1485506105718177
6037871 1.4801128917559958
6038184 1.454640977326257
6038492 1.4668187475642769
6038796 1.753429774499499
6039095 1.5574847309409636
6039390 1.4953695318528175
6039681 1.6528133498565034
6039967 1.4242146677570666
6040250 1.4710342978836801
6040535 1.5542228256896415
6040816 1.4690947292560725
6041097 1.4282338159547274
6041376 1.5911919549630285
6041652 1.39823692599802
6041928 1.4022512414286792
6042205 1.658190113130572
6042480 1.7468824087589416
6042758 1.5797073003998496
6043035 1.3806125315444586
6043315 1.6161229531109822
6043601 1.8148974124325266
6043899 1.508538221595936
6044201 1.198049759808153
6044502 1.3722869195277816
6044813 1.6066016223646322
6045123 1.2986898760880963
6045432 1.252448492926327
6045743 1.611127013496597
6046051 1.6799189497011362
6046353 1.3879000703494433
6046650 1.1356751032510048
6046948 1.3979434783732234
6047241 1.2786997138573222
6047532 1.532624807892442
6047827 0.8316267648936062
6048122 1.3596562567030754
6048423 1.5907406895914797
6048728 1.251805239756095
6049026 1.2836904558056181
6049328 1.5965852264660745
6049629 1.2416270048209548
6049926 0.960315784814147
6050228 1.633549780623182
6050537 1.6275100755435947
6050845 1.3782854307392776
6051151 1.4912388086105426
6051459 1.7497434049797222
6051772 1.265815549354787
6052077 1.271506285712415
6052382 1.3094721253709143
6052690 1.0585632287500273
6052995 1.1869284469423076
6053304 1.3271438870340082
6053605 1.141270814045233
6053905 0.8782717069112702
6054201 1.5169654801650136
6054497 1.6641275875106352
6054795 1.4029845093475966
6055087 1.208956863550198
6055376 1.3718078768238446
6055666 1.452155711052337
6055954 1.0461972084557902
6056243 1.2775821094575954
6056540 1.4451455960130253
6056840 1.3089063194665518
6057135 1.0242921333824273
6057429 1.1501991382641603
6057720 1.3693588049223582
6058018 1.2442859930985688
6058316 1.1090957468222256
6058616 1.3590066510927028
6058923 1.7023747274221033
6059233 1.2537522986477723
6059534 0.9702004302921408
6059835 1.5638738207001497
6060137 1.8793402316967578
6060443 1.372418762937834
6060747 1.3459527315476154
6061067 1.2701702408891506
6061374 1.071602909951951
6061693 1.394693890963286
6062023 1.2901324219276415
6062358 1.1524886247926496
6062699 1.245998842989633
6063049 1.4268519834536577
6063403 1.205749927112379
6063747 1.2260269563359427
6064100 1.2026212520529014
