4474346 0.7895118451279988
4474630 1.0706532509600497
4474918 1.29535479118604
4475206 0.8889767125350271
4475491 1.0664411376303176
4475780 1.1615960265440095
4476068 0.9159120172718382
4476354 0.9828921470182612
4476641 1.1818866389918967
4476930 0.9272973273048647
4477217 0.9205624085140653
4477505 0.8975635587926264
4477797 0.7222740117329867
4478089 0.7558832635582459
4478391 0.7262848027692091
4478706 0.8609187923445016
4479029 0.7899240943456671
4479352 0.9212423331930983
4479710 1.0258839266610595
4480104 0.7027498184070473
4480470 0.9121455896536779
4480834 0.6554283431428491
4481188 0.7519117863790779
4481538 0.6778951286870215
4481881 0.5733904448123123
4482217 0.6145747612410257
4482545 0.5070684516377383
4483203 0.733902367058867
4483516 0.3393768163191133
4483833 0.5345552975372709
4484140 0.5645119013829349
4484449 1.191498812086186
4484750 1.5100020704432189
4485052 1.1044565510075164
4485355 1.2253619936388418
4485655 0.762719727555411
4485967 0.8743609464498808
4486286 0.842606442624661
4486602 0.7530699784195717
4486913 0.9496237484548181
4487226 0.8807016919400836
4487534 0.598723749425397
4487842 0.8880429084181725
4488152 0.868096600081573
4488460 0.6155749999516638
4488568 0.05667069831200788
4488781 0.5617969729534181
4489091 0.5088014334584665
4489404 0.7986604271549891
4489717 0.8197339262351063
4490028 1.089948577059338
4490331 0.9129575654414428
4490642 1.1240875313544976
4490947 0.8762321890844921
4491253 1.2609116463218637
4491568 1.1755263369943851
4491887 0.842541170189595
4492203 0.9650032485070554
4492547 0.709893005410879
4492884 0.739156073220564
4493229 0.9156505497806562
4493576 0.9534898686966666
4493906 1.2594361763195674
4494221 1.0286009984515714
4494527 0.7155931267088812
4494826 0.8212145774154267
4495117 1.1452211833175343
4495404 0.64119803722845
4495686 0.7278713930361285
4495967 0.8597816244818244
4496247 0.969631501332473
4496530 0.8586002934209628
4496813 0.7760016808200851
4497102 0.7801048871945959
4497400 0.9493113273389232
4497706 1.127806621145512
4498023 0.9791247045113458
4498337 0.7559272948383242
4498645 0.9504272567191023
4498983 1.1696407752200941
4499315 0.6575369085969015
4499626 0.6722326114735211
4499942 0.8177030742707445
4500259 0.893084703868946
4500584 1.023051546637006
4500905 0.781014638141705
4501219 1.0206331978337915
4501525 0.7596667006890312
4501824 0.7355634557367654
4502121 1.170609136923643
4502420 0.8565241008719847
4502717 1.0505761320317708
4503020 0.9025836423180709
4503326 0.7145013716963201
4503630 0.8826431389942899
4503947 0.7841938069862046
