2854173 0.6377031669871813
2854503 0.6953737082136656
2854835 0.6939522807458829
2855161 0.4477419993973183
2855476 0.4290757567806802
2855795 0.45350327081664576
2856127 0.5518511266351465
2856464 0.4295166387096938
2856760 1.3123119827974237
2857117 0.3525610432434729
2857440 0.4047671132162405
2857773 0.5080594759320374
2858115 0.5776579397413215
2858454 0.47582814868079537
2858788 0.4904853462783325
2859124 0.5181326739669465
2859461 7.127891084099277
2859794 0.5029244197766204
2860129 0.43670186113272336
2860463 0.4775687559804609
2860804 0.5088927479641834
2861149 0.5067646038784879
2861493 0.5305241515081813
2861839 0.5452911898280528
2862189 0.6218803033227043
2862540 0.6371081977560702
2862882 0.6326867677995036
2863225 0.7083746680598539
2863568 0.7240277326084985
2864251 0.0
2864569 1.1106515266964576
2864882 0.6467939710759816
2865187 0.9858238452034919
2865486 0.551766332459902
2865784 0.4675560268776314
2866083 0.371628784004907
2866684 0.7013435441279405
2866996 0.7333876122931309
2867323 0.7080886529106557
2868011 0.6888303232845934
2868369 0.6570175998591818
2868739 0.7060099815392904
2869117 0.853030391175597
2869497 0.8260054473870473
2869869 0.714314448777053
2870230 0.7618352062803235
2870593 0.9400594294020146
2870948 0.898857699366443
2871294 0.6895515430092083
2871632 0.895606622484401
2871973 0.7121475845316305
2872317 0.5969852962852731
2872420 0.17976613028683142
2872659 0.5374613911816075
2872978 2.973147792620181
2873311 0.8378778964502495
2873644 0.7019474064667055
2873971 0.5789291406960275
2874306 0.6983798306103735
2874644 0.5696625684726648
2874992 0.6367464147024182
2875361 0.8020321889111235
2876258 1.3263183228080313
2876424 0.1248976004590987
2877163 0.08495183897111097
2877464 1.4346978456320287
2878130 13.803845650336143
2878735 0.6156281842936028
2879055 1.1668163281988537
2879373 0.9988161767524879
2881558 0.38283542146718674
2883475 2.6464135454146174
2883690 -1.9255234427827128
2883916 0.9380697194237975
