544274 0.834015129841799
544573 0.7665898639514237
544865 0.7498405619666574
545153 0.9310666528895211
545436 0.8084049314200479
545716 0.7846438822872243
545996 0.5909952943086645
546278 0.8287207953817988
546563 0.682757649080372
546848 0.7908563613510885
547138 0.7961346042519186
547428 0.7645186310942267
547713 0.7554577989857207
547999 0.8167915350319706
548285 0.8043967623658865
548566 0.7477981224859996
548847 0.8866142019027751
549131 0.864769657590536
549412 0.6807283355099858
549691 0.8227115181161526
549967 0.7254724319067531
550243 0.7493456779392765
550517 0.8201090556328248
550792 0.7906426140446554
551067 0.759501860178051
551340 0.7288054423902182
551614 0.7801017868550212
551889 0.7574445792775493
552161 0.9006711765827949
552433 0.8645123378623802
552704 0.7513671538432263
552973 0.8572172732638894
553240 0.7850098920846441
553508 0.7221530072652614
553775 0.7416496355876225
554041 0.7291203767957112
554307 0.7475880393711287
554575 0.847702105826503
554837 0.519408939487148
555099 0.36734941322207293
555375 0.25316695923861154
555653 0.26982433519339244
555933 0.4515993600610344
556227 0.5461871668743107
556544 0.4376531466555838
556868 0.42857593412620426
557214 0.5333509912043491
557582 0.38235672814731597
557949 0.42186366613989584
558314 0.5465783616246895
558672 0.6421475676825568
559035 0.8990817682196949
559382 0.7265482391270606
559725 0.9412213380779598
560063 0.6413707970660956
560391 0.6512406882996586
560714 0.8002033573682443
561028 0.7084352990251802
561344 0.898355478988079
561655 0.6045577082669311
561963 0.7257998385717433
562270 0.7483887957463602
562572 0.7483278564957381
562869 0.5463834275025492
563164 0.7786038370521371
563455 0.628950937984891
563745 0.7372873962534839
564031 0.8501886264662032
564314 0.9268666692577464
564596 0.798754064768279
564875 0.8071969149015856
565156 0.8451767085562453
565437 0.7414824236976191
565716 0.7465987448280358
565993 0.9459535225528393
566274 0.973734691499581
566552 0.8286059257805516
566828 0.8324381878203647
567108 0.8854362087112648
567393 0.9008892374131146
567678 0.8453318371048388
567964 0.9516804996413686
568255 0.9321491916423776
568549 0.8461339167594525
568837 0.7475201805996039
569125 0.8491722229221291
569415 0.8136418732892104
569705 0.65275709813522
569991 0.7456072516458525
570280 0.6274958920936098
570567 0.8862886327396589
570848 0.7650441238420653
571123 0.8179058020296361
571393 0.772637942581694
571663 0.8004163118573387
571931 0.7837049388037473
572197 0.6011792877362423
572464 0.7279551734012302
572733 0.713237587397143
573004 0.7449201108050578
573277 0.7306548683286254
573557 0.7045684726367741
573835 0.7248122073996346
