1324508 0.8132558225866167
1325034 0.854405678671395
1325560 0.758464069437457
1326023 0.661041201916069
1326520 0.7794594325371825
1327021 0.8444776701407283
1327522 0.7166044031386603
1327993 0.6509087006569312
1328519 0.7709910835294305
1329040 0.8426139062553777
1329566 0.7129688947954794
1330033 0.6368873198285309
1330532 0.7298642113375475
1331063 0.8248996409880021
1331589 0.7110686263098962
1332069 0.6402213821256557
1332573 0.7650296788601633
1333104 0.8464014192115334
1333609 0.6993282326580429
1334099 0.7028405596017684
1334624 0.8182343176610303
1335151 0.8152732759018069
1335623 0.6663743309451953
1336091 0.7464868958998534
1336601 0.8420072939969901
1337124 0.773060253166342
1337608 0.6709199163609467
1338125 0.7696995872627954
1338671 0.8460190670667542
1339211 0.7666246758415387
1339714 0.674939565057417
1340250 0.7949969593506598
1340800 0.8492330633490608
1341320 0.7377843710187413
1341825 0.7611457934936168
1342351 0.8399459011859782
1342842 0.7238699748339463
1343329 0.7696089764297438
1343874 0.8322159209060964
1344396 0.7516933800580836
1344871 0.7071854118038752
1345382 0.8142817329811273
1345902 0.8529147130539039
1346391 0.7293458332216155
1346877 0.7261742809585437
1347420 0.816410384629044
1347959 0.8577391741765775
1348502 0.7200030481091253
1348995 0.7109602823471037
1349536 0.8190582007573644
1350049 0.8558191243474056
1350527 0.6843561666187845
1350983 0.698303007057715
1351486 0.8209881221632142
1351981 0.8284973296009328
1352449 0.6592618543663429
1352917 0.718337175889981
1353417 0.8156739394625987
1353944 0.7953800574774874
