604454 -0.06145640321966006
604804 -0.7123788033965246
605191 -0.1110514252500879
605417 -0.6695538082110141
605662 -0.5921574203803469
605781 -0.30038603526048896
606149 -0.3758061970705613
606277 -0.13114467599345492
606502 -0.22360567947068555
606804 -0.4610433806137091
607084 -0.1558950923733753
607403 -0.13087355664022016
607722 -0.2766356641213428
608069 -0.1242199390737162
608358 -0.07734544854998804
608729 -0.35844327529664155
609066 -0.11262913040299027
609387 -0.5439124638489619
609732 -0.2360697534701779
609998 -0.022972331355460174
610315 -0.5727574365044596
610552 -0.07948396011769301
610934 -0.47568204385233503
611209 -0.08469944059811896
611523 -0.11501076880839545
611824 -0.5632583298186518
612524 -0.07596788800346221
612832 -0.02863823715456748
613138 -0.02124108755508103
613444 -0.05545145343549818
613747 -0.12109824734855867
614072 -0.052502099998691765
614327 -0.026230178480689648
614639 -0.08460706614928237
614950 -0.05590816435059137
615257 -0.04690420790392098
615633 -0.03457617667189272
615937 -0.1066540165170542
616249 -0.12696117241660482
616564 -0.122984399739243
616820 -0.10799441140543753
617222 -0.20684177475018434
617470 -0.2003103824043232
617773 -0.19854244880560046
618002 -0.09484420021511064
618364 -0.17753858832989977
618654 -0.14085709171566652
618955 -0.11795115387471955
619248 -0.13065223557618
619541 -0.06074367492307198
619862 -0.05134264817715373
620116 -0.024798621555910394
620519 -0.19118372252244703
620858 -0.17030754809884407
621192 -0.10428320521405354
621439 -0.138989154200988
621827 -0.06976516270930588
622136 -0.1471621371862768
622379 -0.26226528368949353
622773 -0.41684741076529797
623025 -0.2644072580413086
623351 -0.28544727269598713
623626 -0.15469600777332637
623902 -0.16398217517604685
624278 -0.2561905286885251
624534 -0.10210518046424788
624903 -0.005397895933501484
625205 -0.1042400614752168
625513 -0.16129439180085559
625812 -0.18093821637110974
626119 -0.08512090813724171
626424 -0.13992711075642839
626726 -0.11153725211969401
627021 -0.161048896285932
627278 -0.3728346718572023
627676 -0.09469772554461331
627874 -0.39604546614285097
628242 -0.026333804404786942
628555 -0.08153324159738817
628797 -0.08013322898523256
629117 -0.6909355209151526
629492 -0.1847466125383822
629807 -0.4272652821568842
630165 -0.12811023663206503
630451 -0.14948230394936401
630697 -0.7679461585508813
631080 -0.0753969539653645
631396 -0.11985245992996219
631751 -0.9520845341159176
631923 -0.09694679016979846
632339 -0.42493134510122066
632587 -0.48878064719919745
632862 -0.09971784629674141
633130 -0.47629810381301396
633399 -0.2820409777757986
633786 -0.0028304047272893484
633954 -1.0592708698764681
