6454550 0.7005224973907349
6454801 1.2982981195939918
6455051 1.446523349392834
6455299 1.5182928123520136
6455797 0.9700278920665748
6456297 0.952985262483409
6456545 1.338205008057158
6456795 1.3708987897548144
6457048 1.6200507169071452
6457298 1.0242566459981166
6457549 1.3435351756045324
6457799 1.6175203074513482
6458050 1.3092176509512687
6458298 1.4375621686042996
6458545 1.4019808557561362
6458787 1.0288397040888522
6459029 0.9202267049613284
6459269 1.5531469035121108
6459509 1.381384733136679
6459751 1.0958222998790925
6459993 1.3071627192479234
6460239 1.5903330951584311
6460490 1.4334840523287729
6460742 1.1967564348757964
6460996 1.5971882636264116
6461259 1.494669078556261
6461527 1.2601935429831692
6461796 1.3116222468918228
6462072 1.8000377681145705
6462350 1.267032002314469
6462622 0.941927759979079
6462899 1.8196260037270173
6463184 1.4524157388475565
6463498 1.4508458104825326
6464293 0.9921874266535013
6464832 1.7283499987770166
6465105 1.4604948780554388
6465379 1.6588545703781998
6465657 1.229262236847846
6465925 1.3176769059872073
6466191 1.3841992620763752
6466465 1.525005132328624
6466740 1.4013145663811784
6467011 1.1570057860323355
6467285 1.3035503499788934
6467561 1.2952117801720098
6467839 1.2289601662284007
6468118 1.3158920502770148
6468408 1.5215398373383235
6468713 1.347354664436975
6469014 1.3121168287374594
6469318 1.2332606786853357
6469623 1.3649956842611788
6469932 1.5597830634767609
6470236 1.6090953398986718
6470534 1.4107121809179495
6470827 1.335276314689278
6471122 1.4245604153515095
6471418 1.3897184567432337
6471715 1.2274775130732487
6472011 1.3372369348614617
6472315 1.410063235704704
6472632 1.4717605948845036
6472952 1.2215681656770587
6473262 1.2137701704602657
6473577 1.3454211999843957
6473900 1.350837315253027
6474227 1.49958711766822
6474547 1.4764628102091175
6474692 0.09272458699386432
6474862 1.4230025307033713
6475174 1.2051307099304815
6475481 1.5489233782099503
6475782 1.674189026406969
6476076 1.80191323962332
6476361 1.2233454181926042
6476645 1.2443594466451167
6476930 1.0495266400484877
6477219 1.4254774427982146
6477513 1.3955492916713876
6477808 1.240724351251739
6478104 1.4832411249718627
6478406 1.5056232222575519
6478715 1.5139725745670085
6479022 1.2727273163999802
6479324 1.3263212842246022
6479632 0.6908116291866728
6479809 0.20387453443755293
6479940 1.7363275212010134
6480694 0.46250182783903937
6480855 0.7889144760127478
6481160 0.7394206318590313
6481470 0.607211581758403
6481794 0.4458603669496326
6482116 0.9303020863590641
6482434 1.2846829558530466
6482760 0.9506986041655772
6483074 0.5512378834160867
6483392 0.6351231168282301
6483713 0.4103958218554481
6484025 0.416872342854568
