604303 0.7124543493776697
604702 0.8459120875917756
605121 0.8731821892446796
605528 0.7601095232945014
605905 0.7016467968750499
606290 0.8037657846736215
606679 0.8958026640862641
607055 0.7483918800171199
607434 0.7760894870345612
607822 0.8809432281375712
608203 0.7181916182718829
608604 0.8398818237360264
609025 0.9086023355972765
609446 0.8101967379144146
609865 0.9141710361473419
610281 0.9954104352844062
610422 -0.23251236274816334
610660 0.6419634656249587
611045 0.9496824371857893
611426 0.7047345692664211
611801 0.7614216883119774
612196 0.7169287688508665
612589 0.6605315471117041
613050 0.3105318223398945
613389 0.8852727712167305
613770 0.704103605086415
614149 0.4159275681167184
614879 0.5820729937478628
615216 0.6485144178693308
615542 0.7430826528774416
615862 1.2228217396467618
615995 0.30912417585498503
616187 0.7557650997191885
616522 0.6615358094025267
616861 0.7888134399482685
617206 0.8978613839182543
617546 0.654515360001751
617878 0.654030505236263
618218 0.7000963695055875
618563 0.8376985384814107
618910 0.7975221190053652
619247 0.7995626498906504
619573 0.9296378686941847
619893 -1.2476042060688957
620102 0.14544894156302707
620258 0.7648111494587969
620661 0.8851505877230832
621072 0.8171482770150418
621457 0.41255679516050076
621835 0.8780981332860702
622198 0.9335924624255605
622548 0.42658977757531524
622892 0.9593413415643702
623238 0.8006345220917549
623587 0.6354086661321755
623938 0.6506730129382126
624294 0.5822171283135282
624640 0.5551699353363072
624983 0.5537081772225834
625309 0.7028474190636127
625632 0.691209080061651
625959 0.5205125604511291
626294 0.5539236903450033
626653 0.6361953864144948
627040 0.829806137998264
627431 0.6630703778703803
627802 0.8656911324212033
628171 0.755773961086558
628525 0.2716339642346623
628870 0.6142768207180512
629215 0.6635886253572232
629565 0.7903208939078271
629926 0.8352952397603379
630294 0.670273732379051
630667 0.6358097320568413
631011 0.6968771666488173
631350 0.7900604597743027
631702 0.7175219674693255
632088 0.8067411455208905
632517 0.9151859207775932
632940 0.8662157042350792
633343 0.8226651516981229
633751 0.9255369763585599
