3484639 -0.034374188638743086
3484864 -0.03117617752750329
3485227 -0.031959906559186624
3485601 -0.04899880840989773
3485934 -0.026707522474454404
3486374 -0.04031317041855942
3486728 -0.05714400694179278
3486976 -0.03737892523262781
3487322 -0.048652413893825464
3487689 -0.03362527947006433
3488036 -0.041216464814241516
3488400 -0.029652463257706263
3488757 -0.028661153745155987
3489158 -0.023724523020141774
3489655 -0.029366364758259433
3490018 -0.04366748750696642
3490271 -0.03573220906197733
3490635 -0.030487746689729034
3490994 -0.050611971029055014
3491441 -0.35134248952090585
3491765 -0.12194343684611242
3492086 -0.30155238025178976
3492301 -0.4298221273384093
3492587 -0.33702281385992056
3492856 -0.2031618579654077
3493166 -0.005182917855804048
3493552 -0.06298493201233768
3493830 -0.028079040239228803
3494064 -0.07325417059858141
3494335 -0.08376893219933734
3494609 -0.10787103800942677
3494880 -0.11442943715567089
3495148 -0.10396715234846088
3495412 -0.06887110443812516
3495677 -0.03492627997472164
3495942 -0.06180230660074715
3496198 -0.05772561977567636
3496503 -0.45732348985125415
3496664 -0.11291399758004261
3496974 -0.09437462098194294
3497169 -0.12268125594006518
3497432 -0.2758278455575627
3497677 -0.3338149038578906
3497990 -0.09638558120310536
3498243 -0.14667418697472812
3498541 -0.15818353177407296
3498749 -0.580586487749633
3498880 -0.9967124167293524
3499075 -0.6741328886185654
3499177 -0.26273908442310345
3499469 -0.2655805828190585
3499761 -0.2014288260961461
3500152 -0.1436686769672888
3500307 -0.31168299556689405
3500680 -0.2748269181988492
3500936 -0.04803946304896034
3501257 -0.11032906294801337
3501543 -0.11124430519181172
3501777 -0.10868558634381043
3502106 -0.09215165109560364
3502384 -0.10149666504602062
3502677 -0.14891266683005666
3502951 -0.11549241904906571
3503226 -0.17860688012146586
3503551 -0.03018065578377782
3503773 -0.041481385353351566
3504069 -0.06059919979453295
3504357 -0.12162086407824478
3504643 -0.16730034725115817
3504928 -0.08394114912512518
3505224 -0.1340622008337195
3505510 -0.21298882286275328
3505797 -0.08174397089037569
3506140 -0.314669819961539
3506377 -0.11975020991921581
3506667 -0.07977000879369656
3506947 -0.08137114691991842
3507231 -0.144190433887463
3507512 -0.13303771963905686
3507789 -0.0978891347324713
3508077 -0.09292920812549632
3508355 -0.1295954546520638
3508697 -0.010784706346442019
3508918 -0.09111070849701985
3509205 -0.035011151670166996
3509483 -0.12522700838352208
3509765 -0.08480536920387094
3510052 -0.08391431129359084
3510344 -0.13875863423252632
3510643 -0.08180517150419875
3510932 -0.07481337997497617
3511219 -0.13154128456132896
3511512 -0.1411349699131238
3511817 -0.10670311604359828
3512118 -0.09422195461506888
3512422 -0.14897418679119478
3512731 -0.15257960956613914
3513040 -0.09302300958947995
3513338 -0.08944360689152708
3513636 -0.13583751323904092
3513930 -0.15277603417645036
3514221 -0.12404214109592704
