1324168 0.43622612809774247
1324633 0.4105785381400593
1325118 0.45570323022794207
1325610 0.46623599744890015
1326107 0.4790676384566643
1326581 0.47158168859532207
1327029 0.4337446477458644
1327470 0.4364771851735778
1327929 0.46984111178961774
1328381 0.4828750355208157
1328841 0.4769196610618931
1329294 0.46469881862733925
1329739 0.4390896515442213
1330225 0.4729254103526438
1330728 0.47841006473201764
1331208 0.4587947423712823
1331669 0.43035901811363064
1332155 0.4757786037579636
1332671 0.4924097539851275
1333180 0.47667637939588214
1333670 0.4371077383679839
1334176 0.47256404990399237
1334693 0.4891729362496344
1335215 0.4726785389849661
1335704 0.44005950052013654
1336189 0.46084774195249306
1336700 0.48233501096246995
1337220 0.49122535960231106
1337741 0.47047141843154494
1338227 0.41792998954118027
1338735 0.47402596867538344
1339255 0.47942572905060904
1339774 0.4828029032931993
1340288 0.45149678567263585
1340777 0.42916791186321473
1341305 0.47015550725812305
1341834 0.48028249994255573
1342352 0.46276618610808573
1342841 0.4357216322912082
1343342 0.4637174351440901
1343867 0.48236655096349024
1344374 0.4816140583092501
1344866 0.43583437575304573
1345347 0.4436906197702352
1345853 0.4672546115779436
1346354 0.483359675394476
1346850 0.4526765370982022
1347328 0.4251417231625273
1347827 0.46714566882451997
1348321 0.4786684687392313
1348812 0.4585372302866902
1349275 0.44805093848784305
1349744 0.45129549664850244
1350248 0.47744868437597116
1350780 0.48912530904658974
1351298 0.44442096279908044
1351781 0.3782750755286239
1352253 0.3779781611369999
1352757 0.44052515382462004
1353265 0.4617609572653934
1353813 0.4672409425838036
