2704591 -0.1415026256299454
2704935 -0.2537232089904358
2705311 -0.010032572078111715
2705555 -0.06910921829885575
2705933 -0.22139404029582255
2706293 -0.15720461554682022
2706780 -0.1341700931314668
2707136 -0.016813778621262654
2707446 -0.1566548206894095
2707769 -0.051715926101943865
2708180 -0.1814362744035396
2708512 -0.040415660695791944
2708866 -0.16468985240476774
2709214 -0.4901347567006512
2709301 -0.6775837674480842
2709696 -0.004028809704383518
2709948 -0.17010981074037057
2710378 -0.04802540756506546
2710704 -0.09746056332385611
2710940 -0.17581379191842927
2711357 -0.1236321529819917
2711722 -0.1634375948930492
2711953 -0.1059324783047374
2712253 -0.3191915428735841
2712722 -0.04693898797035234
2713050 -0.0644195119147225
2713385 -0.022874512203653996
2713638 -0.11874598431213723
2713946 -0.33806934200396244
2714148 -0.44971952911818613
2714279 -0.2784682558062044
2714404 -0.050771335529189
2714531 -0.39175469221444414
2714650 -0.4457512114197475
2714815 -0.3537952317182893
2715090 -0.15152858436331407
2715485 -0.08884149759298343
2715954 -0.04891604731079946
2716313 -0.1892564933632186
2716564 -0.07148121234015536
2716944 -0.06736556519436367
2717387 -0.07002293447110129
2717702 0.0
2717965 -0.07544620614020839
2718415 -0.12380973144836366
2718639 -0.05158486125494402
2719070 -0.15346239490071462
2719305 0.0
2719654 -0.0678089938088606
2720014 -0.08059595818558407
2720453 -0.2184846613581749
2720702 -0.0902089118576912
2721173 -0.21790114200212057
2721540 -0.049379650750336235
2721786 -0.028151226643625182
2722159 -0.25472753413291765
2722644 -0.12054222600643832
2723008 -0.2793878197647822
2723259 -0.18364484379217982
2723616 -0.11723853538739595
2723951 -0.09005444661166545
2724414 -0.2193883222570585
2724750 -0.14025238958123895
2725082 -0.046881215418068056
2725389 -0.30058311821817735
2725745 -0.08247773004799408
2725982 -0.3067257586571933
2726321 -0.5491677808617915
2726412 -0.15089282984888164
2726635 -0.13903451060200334
2726974 -0.05466633173667779
2727393 -0.029040443168046215
2727604 -0.07034838669531174
2728036 -0.19017516099268544
2728390 -0.1800098757522073
2728729 0.0
2728986 -0.019391776061412347
2729440 -0.17534771369104263
2729678 -0.2657947536254267
2730012 0.0
2730344 -0.19582126356926133
2730780 -0.19864136094505314
2730987 -0.37327792077920213
2731336 -0.06335712031260882
2731743 -0.36605514786443183
2732050 -0.13289805159771567
2732269 -0.35224417313711276
2732545 -0.10993343118239096
2732952 -0.12371057994325674
2733243 -0.03143937972751076
2733547 -0.014100360397308942
2733741 -0.11924412629989373
2734079 -0.33940372825617704
