3304529 -0.01010556144802277
3304980 -0.05666860699943255
3305307 -0.028069718044445024
3305531 -0.026883954916621988
3305999 -0.03169738801457517
3306215 -0.04806997098949903
3306554 -0.026035734309866138
3306897 -0.02454122661366942
3307234 -0.04381481680487043
3307676 -0.02644484253775331
3308012 -0.017529002554140583
3308345 -0.01108853406247795
3308586 -0.014640950551736476
3309054 -0.015338956295615713
3309396 -0.006411463696973707
3309631 -0.015231739932851873
3309981 -0.034315759118780986
3310322 -0.02143374419522337
3310771 -0.02087698145438599
3311114 -0.01804892357912613
3311450 -0.013637455458323178
3311664 -0.05207277265303423
3312120 -0.019133554652969065
3312333 -0.022756307974489354
3312667 -0.011248385475536304
3313118 -0.011370136101393813
3313474 -0.017452143076848947
3313813 -0.07588792716809839
3314057 -0.04396104403771328
3314395 -0.09363107762156231
3314728 -0.1663147022741876
3315160 -0.05731455354598321
3315504 -0.0684921767848963
3315720 -0.00879694063030162
3316076 -0.02276316084065208
3316440 -0.0355816828386072
3316806 -0.026220734139663304
3317160 -0.017280221714897487
3317645 -0.014373015246813753
3318011 -0.012168900754410683
3318266 -0.012147305868524971
3318624 -0.01840624555844439
3319094 -0.0217292513667407
3319372 -0.14947713419199454
3319797 -0.025225876906954325
3320122 -0.004366502247679316
3320372 -0.10641952826287165
3320824 -0.0040054803528079
3321039 -0.04471671083192741
3321378 -0.017463241644305127
3321739 -0.06156073742819368
3322110 -0.11822429543946322
3322458 -0.020351662852286068
3322938 -0.015425846227460793
3323187 -0.018029303119563078
3323537 -0.03512432107358976
3324003 -0.024317144538105184
3324352 -0.010277593165398113
3324593 -0.021353408388477657
3324940 -0.04171920186716449
3325414 -0.03441256321115127
3325641 -0.03155208591180303
3325989 -0.013987727726541999
3326465 -0.009757612890383571
3326813 -0.03561530368839916
3327027 -0.03172314968267942
3327393 -0.030504788041670783
3327737 -0.0059917148567643075
3328202 -0.020046670267030553
3328419 -0.013659259111804434
3328768 -0.019516883938372143
3329128 -0.01420856019579958
3329596 -0.013557274349886628
3329818 -0.019660115935050737
3330290 -0.01653250212452939
3330521 -0.012269873478916393
3330975 -0.013877387312921319
3331312 -0.019119640557845652
3331658 -0.011898859365071457
3332008 -0.014898404249376385
3332355 -0.02337879400448284
3332699 -0.012880218760477624
3332951 -0.015777089333604555
3333423 -0.009871681205303684
3333651 -0.024213073747272773
3334120 -0.0192035382667195
