1834340 -0.09038648271529087
1834752 -0.06598218906222464
1835168 -0.08159912457268403
1835585 -0.06798733835295845
1836006 -0.10681471100496343
1836439 -0.11454808496065494
1837364 -0.015725438549138437
1837629 -1.061239119507657
1838191 -1.0553669832622985
1838545 -0.20258951526203572
1838808 -0.2562684091932754
1839177 -0.29438450518475984
1839630 -0.28460135224892047
1839975 -0.14978511563647479
1840388 -0.265576888156004
1840928 -0.11199039348621165
1841225 -0.12018126314990585
1841789 -0.06622956745822922
1842207 -0.0859011722272422
1842650 -0.03805520003310747
1842956 -0.09097729688990941
1843449 -0.23525015891068807
1843963 -0.12695596205626414
1844281 -0.026740037599752076
1844806 -0.06204100434940213
1845200 -0.059102603059332515
1845513 -0.10813373312115077
1846021 -0.04083475193001518
1846416 -0.07102811329009928
1846707 -0.13537938659761217
1847232 -0.08852474493131879
1847635 -0.06094872367044191
1847941 -0.19656399369397337
1848482 -0.038725544182522276
1848775 -0.06616492913946681
1849196 -0.07786660947649793
1849723 -0.052717873859019215
1850016 -0.13218469794317766
1850439 -0.16814787270215187
1850833 -0.13382126042472042
1851228 -0.21834160894136134
1851630 -0.10662490426345239
1852025 -0.049800260623673154
1852435 -0.14055415030404284
1852858 -0.0593074951307227
1853388 -0.05102606720291564
1853696 -0.12618093975016142
1854229 -0.09974387006161156
1854630 -0.061640638191382324
1854922 -0.1237821966849525
1855453 -0.05808667302939885
1855853 -0.05143346832788498
1856148 -0.11913296063721335
1856568 -0.06737091009799417
1857105 -0.030390083576590232
1857422 -0.11902234755985108
1857966 -0.08929744646113935
1858250 -0.24812290445778745
1858990 -3.422847654966309
1859861 -0.12250655706396152
1860090 -0.3692187927695042
1860731 -0.03354084500373444
1860792 -0.19778219306496964
1861282 -0.2959301309982762
1861495 -0.2959146333577992
1861987 -0.15312292633374275
1862236 -0.08584942394769171
1862613 -0.14860754789826575
1863043 -0.023089193020211396
1863416 -0.10841363340126142
1863785 -0.11994236261849273
