4204287 1.0330880270124632
4204755 1.2507153294254016
4205237 1.1976831359988123
4205686 0.9255344723291268
4206161 1.0635289802127372
4206627 1.251928013453763
4207070 0.9904703971170259
4207494 0.7551885485875907
4207912 0.9504959529768175
4208313 1.0852751930466984
4208694 0.8012632278237369
4209067 0.9238594330138223
4209435 1.0882002663160197
4209813 1.1121870750518696
4210197 0.8548302275659623
4210585 1.1151836556828219
4210991 1.1315344600837478
4211400 0.9746511680096777
4211838 1.1990128225005576
4212261 1.0848337329718618
4212681 0.951676624140626
4213121 1.1762155570208979
4213549 1.1284198433130488
4213956 1.0374583619523765
4214363 1.0935172869990943
4214754 0.8267408993326373
4215139 0.8612276152287924
4215516 1.0045361536603803
4215888 0.9795605906148406
4216253 0.8151983148707557
4216614 0.8795419840799934
4216970 0.9698460717651265
4217337 1.1025535876601518
4217716 1.1480723288077572
4218119 1.2031587507094554
4218569 1.2106190274600743
4219086 1.2473933296624753
4219586 1.227369456004757
4220095 1.273240318918078
4220606 1.312117260783523
4221112 1.333503803444811
4221609 1.2755954768464919
4222063 1.1302568708346121
4222532 1.281680988888358
4223017 1.335891846643349
4223502 1.350427498614656
4223997 1.2840069151789364
4224460 1.0446092049371514
4224893 0.8085463810087442
4225308 0.7761403386775823
4225720 0.9768019007329773
4226117 0.7784892262180865
4226497 0.6472059145569659
4226882 0.8152121569056416
4227433 1.0537149861076376
4227900 0.7339530475280431
4228429 0.9620607218909689
4229043 1.208801850910457
4229628 0.911343219095258
4230198 1.0860107083738375
4230768 1.1048542760924578
4231324 0.9788976417183777
4231903 1.221403527838729
4232457 1.0355598050305617
4232963 0.9523603964691467
4233518 1.1497480934683224
4234043 1.1501473744984438
