64203 1.2538676876135517
64506 1.2597243152839577
64806 1.0413621229447876
65103 1.292330942679171
65404 1.3202680468107482
65715 1.0804036338867509
66020 1.1781091229350182
66330 1.3471670993178135
66641 1.2935131579556636
66953 1.1108922408535027
67260 1.239530129073996
67566 1.2682480583288738
67875 1.018012070845304
68181 1.1392869654618913
68487 1.202763338573525
68792 1.2323017228734578
69090 1.1404276033557799
69382 1.2770870361136182
69671 1.2546726153774888
69957 1.1215378641875144
70247 1.227467410536725
70534 1.1735147941435264
70840 1.04898103653088
71157 1.3551488843897022
71486 1.2165678359963534
71813 1.2174445284113469
72156 1.345563749324814
72487 1.271041393840646
72807 1.2012004100215499
73119 1.2815268393900157
73439 1.3080560364420473
73745 1.0951758336705963
74049 1.2792026577389481
74349 1.3082012366960685
74647 1.245490093215528
74943 1.103519128760651
75232 1.1735121457624165
75524 1.2958973513708032
75816 1.167353724690757
76109 1.096099865363367
76400 1.2432642344417975
76697 1.2849009014632036
76994 1.192530895315742
77287 1.0825600244613458
77584 1.1990110718480578
77892 1.2593066412940472
78194 1.1643387684401623
78494 1.0817217535727484
78793 1.2404543297296153
79091 1.2750929539469142
79391 1.2501600654873126
79692 1.0863624024984941
79993 1.2512382361479715
80292 1.2939435349198414
80581 1.0836991877496271
80870 1.2891546839527752
81157 1.2908589679702482
81444 1.0870644807032783
81735 1.1882132832380372
82033 1.2298380543753438
82333 1.036337379124665
82638 1.1736171462788798
82959 0.7789166279902866
83273 0.8108255870016199
83578 1.056859285296338
83884 1.0755091958258323
84186 1.1894496001274932
84481 1.138898539087615
84768 1.0381253081950206
85049 1.255355744335655
85326 1.2342371096162612
85604 1.1634514147294512
85884 1.298308976920623
86170 1.299466390867308
86456 1.25951692682129
86740 1.1067645297152664
87018 1.343429434337913
87300 1.301970554554634
87578 1.082677452455036
87855 1.1732602928956966
88140 1.3417313491073826
88435 1.0848826984373954
88723 1.1431246515671012
89013 1.3273922042394208
89304 1.3090805772574947
89591 1.100366098660845
89879 1.2759449038836979
90172 1.32924568799202
90465 1.1878780401335405
90761 1.2005013146608223
91055 1.2509220834254844
91348 1.2463509769961927
91643 1.307702824956408
91939 1.1820354574119665
92235 1.3195665712186135
92537 1.3198704439936302
92842 1.305914114243694
93139 1.2236234766698004
93439 1.316267604197603
93739 1.3206800919366108
