724229 -0.0599936417304055
724578 -0.05461922323518209
724919 -0.04576133957645273
725266 -0.06440967190156377
725615 -0.049725609016679384
725979 -0.052677751132292505
726341 -0.05128543924927559
726698 -0.038762571610788166
727057 -0.035542720001546346
727412 -0.04053280044039703
727763 -0.043866308028890244
728102 -0.08111286871151349
728559 -0.16664986994424058
728769 -0.08776963282935557
729114 -0.06877157485404822
729440 -0.12202179973627247
729855 -0.07581334136539819
730115 -0.22037234944178283
730495 -0.04536063216392494
730831 -0.20359745987217284
731175 -0.178795621142933
731558 -0.07711858648225045
731899 -0.04609358928922769
732265 -0.06163764586869913
732616 -0.0460366095274215
732977 -0.05496951342689771
733304 -0.05789165700753485
733659 -0.051004053334672506
734007 -0.08034919488907266
734319 -0.10512854354851442
734674 -0.05184577234088028
735000 -0.05162188875293078
735337 -0.06149488887860269
735675 -0.063583836374289
736008 -0.04722070160862163
736329 -0.054689155836819436
736647 -0.06683461369832944
736940 -0.12453858556396219
737257 -0.036446901685430744
737566 -0.03479462120273741
737973 -0.23648545135234744
738124 -0.16909937783698992
738428 -0.0060973718678153654
738762 -0.12390126188324335
739022 -0.10001593952545706
739299 -0.24246798514324913
739593 -0.12916044343920036
739881 -0.24074900039921943
740191 -0.07254340441687401
740496 -0.06292906328653769
740818 -0.07841358207123827
741145 -0.0815215147876378
741486 -0.055644400333864724
741787 -0.028050831034848234
742137 -0.03915051546313969
742479 -0.028811007035382225
742789 -0.05402837061417187
743116 -0.05980833308174782
743449 -0.059067355731163396
743735 -0.11218729615657907
744091 -0.2830840572310934
744339 -0.3383162591774007
744673 -0.09744538023450522
745014 -0.08020780609606737
745393 -0.03986810887907222
745883 -0.04689604008012083
746129 -0.02361071695900918
746498 -0.08440093100798374
746820 -0.1890388153986705
747165 -0.04464838229808782
747570 -0.08058637328978924
747814 -0.09669359316884474
748131 -0.022692991206879787
748486 -0.057298162434041844
748819 -0.05608192503139009
749109 -0.07655202247719595
749460 -0.10399580621106652
749756 -0.0796653947546162
750066 -0.06248340759559301
750486 -0.026071498988523123
750688 -0.05268639939450581
751010 -0.050150627110012835
751321 -0.05800910581015739
751609 -0.03975638458102887
751922 -0.054091747757861575
752239 -0.06126288502806376
752522 -0.05159090065612104
752818 -0.029793734272888117
753113 -0.07413200302377548
753405 -0.04562678457714775
753811 -0.20892988280988722
753976 -0.07899387702411542
