4504458 -0.33546855768270406
4504974 -0.3368702177503886
4505514 -0.33629711962069947
4506076 -0.32898430850368465
4506619 -0.3332125340159894
4507134 -0.33939347158553934
4507666 -0.32598788500618
4508217 -0.3306957637377123
4508755 -0.3419362998683492
4509281 -0.333528658927127
4509839 -0.3363710279222882
4510381 -0.32263816514249527
4510906 -0.3377442348250175
4511421 -0.33627869984414593
4511951 -0.3352731638071671
4512480 -0.3379962221834546
4512999 -0.33405981858180966
4513521 -0.33485644325107067
4514067 -0.3285076553558206
4514601 -0.3297516525533395
4515121 -0.3333560426297132
4515629 -0.334303491653988
4516162 -0.33602269797189505
4516682 -0.3235517775295593
4517220 -0.3380114655927642
4517726 -0.33454579553238095
4518249 -0.31848344127242467
4518771 -0.3239412685626688
4519290 -0.3229482992455893
4519791 -0.33363706238828933
4520306 -0.33160142520224417
4520828 -0.328903341928442
4521334 -0.340602682655605
4521887 -0.3311070572088734
4522442 -0.3261288223549048
4522988 -0.32399240842539223
4523496 -0.3370320440523301
4524032 -0.33021268630100964
4524572 -0.32201780547255165
4525097 -0.3355068961225098
4525594 -0.3315071903327682
4526151 -0.32703124716103654
4526705 -0.330669705328457
4527230 -0.33410858654209535
4527746 -0.3401475239326963
4528306 -0.33003652946467715
4528859 -0.3330347338674694
4529378 -0.3383028356050065
4529911 -0.3296451510523295
4530480 -0.32764837179885414
4531040 -0.3383355573017024
4531568 -0.33491017643636434
4532084 -0.32264329919331347
4532702 -0.25035294463715796
4533002 -0.3282442346151586
4533428 -0.25317086921170806
4533841 -0.2761455827706814
4534233 -0.265721853642072
