5704504 1.4745170299780728
5704792 1.587254625302652
5705099 1.51329324115982
5705411 1.3271081134937845
5705727 1.3294006117765045
5706037 1.1341033800838356
5706335 0.7288373272385661
5706631 1.5025819581906108
5706932 1.2783045762372838
5707236 1.4417079657183136
5707542 1.5566613523520176
5707850 1.688386271775935
5708166 1.5339177754115831
5708490 1.6182079804483875
5708815 1.3114146710730936
5709127 1.460620104252995
5709440 1.620903598637981
5709747 1.3664647896679631
5710043 1.2693143430733207
5710335 1.5985224611687954
5710626 1.5684535008839569
5710912 1.2455661411502925
5711194 1.363073639995056
5711472 1.350935746575866
5711749 1.509477591968387
5712023 1.0357224480586193
5712296 1.6326943114899988
5712574 1.6196332769430417
5712856 1.0425094297871091
5713140 1.6057216449168261
5713436 1.5530444697921333
5713734 1.3689974816166544
5714031 1.3290881940208896
5714336 1.4420699747355599
5714646 1.4628712468990366
5714953 1.422023122530815
5715256 1.6031969385324825
5715563 1.333795031466906
5715865 1.3142828861591416
5716164 1.7229787179179605
5716462 1.3728707488792917
5716754 1.5819407531601875
5717043 1.3645457616631338
5717328 1.46112802596189
5717609 1.3823007715132738
5717889 1.3284052966456248
5718165 0.8583334374919753
5718439 1.1077751691760165
5718713 1.1965891865188303
5718988 0.9682894152353041
5719260 1.0334911206085136
5719536 1.0767885857758277
5719812 1.0861631743205797
5720109 1.2024881972001595
5720437 1.2918901032886105
5720770 1.3743320867122795
5721103 1.3452698568372714
5721425 1.2475892780755877
5721752 1.5376970103790546
5722077 1.3899837773761456
5722399 1.463392580650355
5722722 1.7982121122195427
5723055 1.4758134562664176
5723380 1.355208907510242
5723698 1.8596272412896522
5724014 1.7695764463465584
5724325 1.4438779711238
5724628 1.4568923361030448
5724932 1.62795317914439
5725238 1.7082380799603016
5725549 1.7466047618199123
5725852 1.9339905451891983
5726154 1.6357607715411224
5726453 0.5963125773138969
5726751 0.9881162398765038
5727047 0.8382007353722303
5727346 1.4498067098697809
5727645 1.6920030126449008
5727940 1.922809555027818
5728235 1.7636642586237554
5728525 1.4081724720467093
5728811 1.7714080813099353
5729099 1.7764346373245767
5729390 1.418956062545396
5729681 1.4841023927522725
5729975 1.655556116190127
5730267 1.2979135518551266
5730556 1.207743299433777
5730848 1.6627966232941256
5731138 1.4352100754522137
5731429 1.1956460372826636
5731722 1.5959202284056666
5732022 1.0759536471761995
5732329 1.1071219112992754
5732645 0.48927482627039254
5732976 0.6633485915240653
5733330 1.2552269035813777
5733666 1.2060586479993913
5734008 1.5946028342223806
