5554260 0.43957584662358146
5554669 0.46051637437222287
5555112 0.5214138708965825
5555563 0.37584776772708
5555969 0.3425664335937672
5556387 0.36695988354804987
5556815 0.43588542456361423
5557214 0.39896754676043555
5557621 0.46724162887389137
5558045 0.49392136160810707
5558465 0.40938136693830807
5558861 0.3845819591080144
5559285 0.6029421048477123
5559496 -0.14934775347951157
5559693 0.7072376469069666
5560084 0.3678228487704739
5560497 0.39698629402756846
5560949 0.496121629999602
5561384 0.493881149746625
5561794 0.399546071154274
5562227 0.44393177180310067
5562663 0.39511109341193495
5563087 0.4050698264735712
5563514 0.44389251076646025
5563956 0.3773486308766044
5564407 0.41537764494484286
5564835 0.5717079683873976
5565285 0.15337088112541464
5565732 0.5997715617881686
5566157 0.28646199739260725
5566588 0.4780551763816884
5567033 0.4854840641736429
5567469 0.44470846760999294
5567872 0.41669385524897035
5568305 0.4572371611657241
5568725 0.4566504285706759
5569116 0.42680034093654035
5569369 -0.003976063820747111
5570057 2.3035399558045224
5570660 0.46457129865865865
5571053 0.5581878573648064
5571456 0.6053736779389529
5571854 0.5307905149045514
5572265 0.529431411800957
5572695 0.5497712656362158
5573136 0.5671758130144322
5573574 0.5270210137733741
5574009 0.6005420426782331
5574443 0.5711143122567903
5574892 0.5960197227146813
5575333 0.5562807431667272
5575788 0.5680774625539553
5576247 0.5481399203811496
5576693 0.6043156482691386
5577130 0.5777196194550245
5577606 0.5740524582896087
5578063 0.5895950184478248
5578502 0.5252925977689583
5578936 0.4502612893670508
5579376 0.5921210008476332
5579811 0.53834512390208
5580221 0.5013773144152481
5580662 0.5386261047376557
5581121 0.5313251059635713
5581564 0.5488801237327422
5582014 0.5748131715857583
5582480 0.580709474313635
5582941 0.4722605936276062
5583367 0.5199457533897491
5583806 0.5873994311469668
