4534448 1.7914146589482323
4534825 1.7126844565512611
4535207 1.8033519435116756
4535586 1.7282486726119535
4535956 1.7477604907613102
4536327 1.7815086702436385
4536691 1.7199800582873117
4537050 1.7105101476508406
4537408 1.7949769209328568
4537754 1.6632016008569193
4538098 1.7546379692527703
4538448 1.7472929264271344
4538790 1.6811634640068804
4539137 1.783088677878642
4539487 1.7086944363649321
4539832 1.7100499227438868
4540180 1.7856128735445145
4540527 1.7117485672023134
4540881 1.7628408080029148
4541236 1.7685980758134199
4541590 1.6502293006793314
4541942 1.7863921997340912
4542302 1.7244694274857482
4542654 1.717336353693594
4543004 1.5610086505544962
4543347 1.7019865805361754
4543696 1.6676638772778127
4544040 1.6326639215764855
4544387 1.7563188062905557
4544742 1.712525516717712
4545093 1.731415070630193
4545451 1.8020573047297261
4545801 1.6303854160965243
4546148 1.76984755427576
4546499 1.7780523829049426
4546853 1.6860575757621952
4547206 1.8133612103676198
4547557 1.74382671888267
4547909 1.7800918526640577
4548264 1.7698278550031667
4548615 1.7204609975235283
4548962 1.7412982321987807
4549310 1.6829268978801386
4549655 1.7119738084704519
4549996 1.6412519023345322
4550335 1.5160258466834982
4550664 1.6333903469896276
4550993 1.6637077521842256
4551324 1.751450741983787
4551662 1.712538312290763
4552002 1.641534740736994
4552339 1.7558490984757098
4552682 1.557961734723779
4553023 1.6785988262609997
4553372 1.7006075882167624
4553728 1.6358011643282866
4554076 1.5294851971303156
4554423 1.708881388137335
4554772 1.6741291274531023
4555126 1.6016674335770777
4555479 1.6343344774277937
4555832 1.6505692414593278
4556180 1.6376340114948909
4556527 1.5937817218797536
4556884 1.6365947268119392
4557246 1.5669765018998487
4557614 1.5801248648323214
4557994 1.747142818984554
4558368 1.6615658267486433
4558733 1.623597675602389
4559102 1.6447426508475664
4559469 1.6134055024891207
4559830 1.5889149067818902
4560194 1.684765442018742
4560550 1.4354345432830522
4560895 1.5211567874179492
4561242 1.5505985880878237
4561583 1.7218873122740428
4561918 1.585495460622043
4562243 1.6448617362368896
4562567 1.4403518570328433
4562886 1.4498445223120102
4563210 1.4705383955999596
4563538 1.4537836853950483
4563868 1.5311445249839584
4564203 1.6058279124947874
