5434359 -0.025922355948660214
5434733 -0.017754375695164137
5435113 -0.027642485330515776
5435488 -0.026698876920212944
5435864 -0.03418741794084357
5436228 -0.01933646938131328
5436600 -0.03092757730903778
5436968 -0.03345392260547847
5437325 -0.019189666254811666
5437762 -0.029119279697958633
5438041 -0.02087517249862081
5438383 -0.022096887087163508
5438725 -0.03960277650513805
5439141 -0.018862249836659406
5439422 -0.028116947665770997
5439760 -0.03519816171067136
5440093 -0.02024513436558517
5440419 -0.022676166823683952
5440726 -0.0220417219667865
5441108 -0.04652412174415288
5441352 -0.0246889528879507
5441748 -0.02740708141299175
5442082 -0.05840584191462944
5442414 -0.08928573476968482
5442751 -0.05801558988422101
5443088 -0.040772313607673694
5443426 -0.06707040160372252
5443767 -0.09329591111281649
5444107 -0.03768946838488613
5444445 -0.035383523061533584
5444783 -0.0562537785906852
5445134 -0.04956659172433192
5445410 -0.017060819892467827
5445830 -0.04090568400699196
5446204 -0.06666601679682865
5446515 -0.03627487205199553
5446881 -0.03018317064415038
5447322 -0.03571835692937858
5447708 -0.0505930336815551
5448017 -0.033973550472389424
5448473 -0.029421782600484225
5448859 -0.040554801602860124
5449182 -0.035159808094771594
5449671 -0.012237402027593436
5450015 -0.02720547220551478
5450390 -0.04593748613019183
5450686 -0.024821628796597606
5451128 -0.03927561571189503
5451500 -0.041786381688991514
5451881 -0.025479133423139788
5452166 -0.027036730151632882
5452600 -0.031439367054951095
5452976 -0.025997550312983675
5453276 -0.026031328238530604
5453654 -0.030981057084590535
5454117 -0.033711748533299335
5454434 -0.025837737545069017
5454891 -0.028035398358385366
5455268 -0.045557857600950824
5455567 -0.033831911077974064
5455926 -0.018265054188851493
5456358 -0.0358213852337399
5456649 -0.03659658227382162
5457007 -0.029271284499366945
5457436 -0.045743673832592924
5457815 -0.055552301983016195
5458210 -0.039864037866460866
5458598 -0.03640057471223729
5459002 -0.06808466631726634
5459321 -0.04458125370126853
5459772 -0.06369284120410162
5460061 -0.06053063227394295
5460497 -0.10007431612484674
5460743 -0.08642527195336835
5461047 -0.026237873287633384
5461384 -0.04743347669504416
5461708 -0.05855986913419231
5462049 -0.3337336905009919
5462517 -0.05115764654298477
5462747 -0.07142991008135541
5463165 -0.03227792230334309
5463561 -0.0972508867770526
5463795 -0.1868160914626254
5464145 -0.06640574034195346
