5404412 1.376833375700726
5404773 1.1986149013402465
5405461 1.2118273860604958
5405797 0.7474093224249267
5406445 1.2034061092469723
5406779 0.9932658170751725
5407461 0.7712105873030377
5407830 1.399231578402624
5408192 0.9913965166324064
5408560 2.866452098457515
5408928 1.695670909399813
5409287 1.6329130544680066
5409647 1.5400872722200525
5410000 1.4095386954490328
5410361 1.5349668704391315
5410726 1.4894817297148721
5411076 1.363989973839952
5411433 1.4980347228189128
5411790 1.4721307029275392
5412133 1.3113971948625702
5412478 1.4620642119550076
5412830 1.5235318248781844
5413189 1.465524120641257
5413543 1.350468763864672
5413908 1.5307018250187467
5414285 1.5546389888686676
5414654 1.427862699019209
5415015 1.490084279779735
5415383 1.391433111338054
5415743 1.4351984301035345
5416437 1.52922100847883
5417117 0.9252455491339886
5417464 1.1235809486978205
5417819 1.058619936993061
5418169 1.0875493023983278
5418253 0.002725199020188418
5418531 1.2004522239249187
5419246 1.1364296323742973
5419616 0.8845168890766563
5419985 1.1840204791679119
5420100 1.5191794580174278
5420348 1.2675867380543557
5420721 1.2701968092380942
5421092 1.257945957986856
5421447 1.165536463642521
5421809 1.209955363640264
5422177 1.2469442746289803
5422552 1.2324276242287655
5422924 1.149520211422141
5423311 1.2591065935903134
5423687 1.221211875428359
5424062 1.263739288847981
5424438 1.0805661645889895
5424811 1.2239954030091664
5425187 1.2805491011281729
5425563 1.1671653470346515
5425932 1.202008814629742
5426322 1.27986220699093
5427073 1.5061993404124498
5427438 1.8884328503429855
5427804 1.7730209889894684
5428159 1.6803715812389144
5428525 0.5115879886543122
5428743 2.9286945532236226
5428865 0.493824114801668
5429202 0.8489822586814298
5429552 0.8833026985338088
5429898 1.0945913826083222
5430265 1.139796272922068
5430665 1.0848341211633699
5431061 1.181667648162085
5431472 1.1226801125056414
5431887 0.5173050530095356
5432300 0.6168473041946109
5432702 1.138362224504637
5433099 0.9774896175750333
5433481 1.053400018233695
5433865 0.9826179379638095
5434232 1.1912784035832875
