1024167 -0.10293518851201466
1024471 -0.053071704011152354
1024778 -0.07875957654502219
1025079 -0.0673647172686187
1025385 -0.051762162042159776
1025691 -0.04055643604476211
1025994 -0.09072080539949112
1026248 -0.049425710904818954
1026554 -0.08370447829324248
1026881 -0.14247143168356552
1027151 -0.07025300512163929
1027517 -0.16733600002899945
1027775 -0.13121884803866046
1028132 -0.11481226025099506
1028382 -0.054718632510883686
1028769 -0.054674292404312284
1029024 -0.048825788992164276
1029395 -0.08014540107050436
1029707 -0.07013840745853371
1030021 -0.09003341265720538
1030340 -0.06914214386716866
1030657 -0.10677508668326252
1030972 -0.1076365647355656
1031297 -0.08811670215439249
1031610 -0.10830910223442003
1031919 -0.06339220581984173
1032226 -0.043955282654402905
1032529 -0.1759454792106268
1032848 -0.05768441693138626
1033116 -0.029601139436023605
1033446 -0.022283541780598104
1033830 -0.019628231773604288
1034336 -0.03283662045203162
1034625 -0.0984003155568931
1035021 -0.10551155980939853
1035398 -0.03821634412056807
1035783 -0.03153334850929446
1036169 -0.0358504972439283
1036557 -0.048952272794873686
1037007 -0.0393058855230938
1037380 -0.08004913794676183
1037752 -0.08486739993306724
1038122 -0.10158550554618051
1038476 -0.13030158252088064
1038824 -0.08221206791232105
1039109 -0.08112117352210735
1039520 -0.07170453777588337
1039803 -0.031128892534459274
1040231 -0.040582097539872075
1040591 -0.07300504754014048
1040894 -0.06267093721690808
1041317 -0.04307030314317917
1041655 -0.05320448183611681
1042014 -0.06885032169233507
1042358 -0.08281505768697794
1042630 -0.06732310949918707
1043065 -0.043334490898338185
1043392 -0.06252935127141446
1043707 -0.06267361600334032
1044050 -0.058673227778218706
1044306 -0.053844943548064794
1044657 -0.07276586354490866
1044979 -0.15256199204402576
1045423 -0.030913720743906303
1045673 -0.10333425471345214
1046119 -0.056626222704758256
1046428 -0.08768224075543718
1046763 -0.06970310886601339
1047124 -0.15947877697206891
1047466 -0.08053992961324119
1047805 -0.11095610632550057
1048139 -0.10650297833023936
1048470 -0.10773390948691197
1048802 -0.08946382302450795
1049139 -0.05647384093080565
1049394 -0.10724053661590888
1049812 -0.0654966733352661
1050159 -0.036933386194203804
1050511 -0.050354749066747306
1050860 -0.026398365957585712
1051145 -0.06918101590853176
1051482 -0.07538992524644139
1051904 -0.0465790257908959
1052265 -0.016392128375218862
1052619 -0.08447610440085929
1052919 -0.10858252430392512
1053270 -0.062148658576624105
1053700 -0.07989654484704167
1054018 -0.0408793131231151
