4294295 -0.26772302925714964
4294663 -0.08123511911527292
4295008 -0.04260956749959288
4295382 -0.03963273461018807
4295761 -0.0340952385976801
4296248 -0.02672382029072662
4296500 -0.020184652443999807
4296850 -0.05410932398374968
4297226 -0.032729825036902416
4297608 -0.035441271227018234
4297987 -0.028237511483351463
4298382 -0.026790680645216336
4298792 -0.03687838773730734
4299168 -0.030953354970352842
4299544 -0.0481399674854302
4299951 -0.029736000151928732
4300328 -0.04768711097707451
4300702 -0.027574337445229635
4301086 -0.04375273139839697
4301458 -0.01976251758985803
4301858 -0.026476621301135317
4302211 -0.030840597177362372
4302558 -0.023522996068712998
4302952 -0.05770458848631865
4303324 -0.01613536227165918
4303732 -0.029237732206034595
4304097 -0.04724800440292681
4304479 -0.048235047482021176
4304865 -0.03770397028099809
4305235 -0.040578227193388106
4305721 -0.025484507490691866
4305999 -0.025990743491452195
4306502 -0.04283830839858899
4306753 -0.036496175024846644
4307154 -0.030854213984843115
4307527 -0.019906447735904387
4308016 -0.027375099493542887
4308299 -0.020198552214153176
4308640 -0.06619273201100534
4309101 -0.08614987532050744
4309348 -0.07447966880357176
4309655 -0.04909902603474145
4310034 -0.02018164333681166
4310486 -0.049620354281188606
4310853 -0.048582367909352664
4311133 -0.09239970002530573
4311476 -0.15611470992049054
4311890 -0.16760279093606478
4312150 -0.09053856314607867
4312528 -0.0973489787480557
4312813 -0.286907700921901
4313165 -0.5542644191985122
4313498 -0.3921023596007125
4313877 -0.13553718833997064
4314241 -0.19364658902613624
4314588 -0.14939652002009945
4315039 -0.16799305507850293
4315292 -0.16635037665771768
4315765 -0.19317577879723946
4316037 -0.0897048654481683
4316374 -0.038649792618025314
4316866 -0.18753789372751697
4317106 -0.23544810326323506
4317473 -0.05110539839087469
4317899 -0.2661688246645874
4318307 -0.0671199804770129
4318663 -0.049295266995598996
4319161 -0.057566044133070315
4319507 -0.10139783399630298
4319806 -0.17081995075035183
4320337 -0.11411076009764079
4320631 -0.11308054825523595
4321010 -0.05859651468838345
4321488 -0.09600014702929252
4321800 -0.14392855432966145
4322191 -0.12337076341982442
4322523 -0.0993758123442326
4323047 -0.07930354530376282
4323435 -0.10208471233987654
4323800 -0.15312021035400153
4324080 -0.11728669682441539
