94329 -0.14111703377314677
94724 -0.22235581085235445
95110 -0.1923900433260612
95532 -0.18807479251956438
95831 -0.5912631179266016
96371 -0.23212390886069395
96793 -0.1689810563269319
97221 -0.14274617270971784
97645 -0.16603016206231086
98046 -0.12884069199491932
98337 -0.31171765225243264
98459 -0.2472818886783989
98555 -0.18769068904916686
99424 -0.21989094107592944
99520 -0.7711398603664961
99645 -0.156710762039729
99741 -0.3828397734195168
100040 -0.2740566795759691
100583 -0.15984207869740985
100858 -0.23156318330970072
101258 -0.14816182212920337
101690 -0.12338587666217649
102116 -0.11320862801020404
102534 -0.20272573691538442
103094 -0.11765423870751585
103841 -0.1614898827549074
104280 -0.16422791766685996
104755 -0.1091675522305301
105239 -0.15641490205053277
105701 -0.1245019490901933
106185 -0.14399593064754734
106679 -0.09108829172987187
107145 -0.1738173145312219
107649 -0.15402486713863317
108072 -0.17078635290582156
108524 -0.1948334873294728
109109 -0.26538747349850833
109735 -0.5610099456142227
109845 -0.3437568876836257
110085 -0.5097235383451606
110248 -0.20133098007850764
110656 -0.13951189719044188
111060 -0.27091847737154495
111450 -0.17606482456600042
111873 -0.13160616320629065
112297 -0.17002213529660304
112712 -0.1818637803965633
113151 -0.16003152351509864
113625 -0.16277784891785374
114080 -0.14622977413385763
114547 -0.12774053995420104
114986 -0.17670976794021975
115408 -0.260475892968398
115844 -0.14991735309182808
116397 -0.19021658259085794
116656 -0.16704804582783378
116787 -0.38617342316581155
117212 -0.1404680170123258
117454 -0.1946374000778699
117840 -0.22351536877429257
118220 -0.23926792134126457
118739 -0.24491919580543664
119002 -0.23588883722316445
119358 -0.26829735728265514
119669 -2.0917504847775055
120183 -0.2385814270635221
120630 -0.8469231157976574
120710 -0.31651247643248254
120920 -1.3771099016373882
121133 0.0
121373 -0.40998818904022216
121985 -0.8394938546806899
122240 -0.891363367401186
122817 -0.07031216202441248
123109 -0.7625013870559874
123497 -1.1958487498735637
123962 -0.13401468422297735
