5344353 -0.199781842603304
5344774 -0.16993506824321875
5344959 -0.175620435746666
5345287 -0.11388449692369579
5345572 -0.11668776678273463
5345892 -0.12929010069435382
5346262 -0.29063974297479017
5346521 -0.1498389721766315
5346836 -0.15937761139148887
5347151 -0.05393858482612601
5347482 -0.030044219149217177
5347807 -0.010049711336476363
5348114 -0.14245001335019025
5348567 -0.028464093854823402
5348871 -0.15011471790714082
5349050 -0.15721537964092214
5349350 -0.15925749425884217
5349666 -0.05913035467047323
5349947 -0.10759076832579939
5350369 -0.10021645324377892
5350530 -0.24816352895139115
5350821 -0.11519680142303113
5351131 -0.1966364128669036
5351413 -0.18977574526416185
5351740 -0.03415675175485888
5352205 -0.056590274823764886
5352440 -0.058879855170780204
5352875 -0.06356499697190854
5353215 -0.030783211303603508
5353672 -0.12636692527979854
5353913 -0.020373068266543726
5354388 -0.011171533379874199
5354642 -0.06997220911224977
5355095 -0.018811452344199897
5355323 -0.07555559878852802
5355664 -0.06760884717288795
5356117 -0.039700563008579604
5356324 -0.061866854229809976
5356638 -0.07455373769751217
5356949 -0.15975220398517276
5357260 -0.06503451313294362
5357566 -0.07129504434026412
5358009 -0.043585652296217026
5358310 -0.012662328460323558
5358510 -0.5673540754803049
5358762 -0.2525478014514799
5359051 -0.07882883193262169
5359337 -0.16869956441734324
5359758 -0.0834294150658011
5359928 -0.10674384965228001
5360264 -0.084563177324601
5360719 -0.02018649006336587
5360912 -0.07458238312598514
5361222 -0.09169301443208222
5361495 -0.13151983257037286
5361816 -0.09392774772779211
5362114 -0.16395148307221902
5362440 -0.07214181565213468
5362762 -0.06458367277633709
5363188 -0.2023607520284902
5363455 -0.214218411758368
5363747 -0.04737861052241982
5364047 -0.09483824696718846
5364435 -0.12121547742496064
5364694 -0.058031089619837495
5364995 -0.07714955832982995
5365288 -0.08329078950579538
5365712 -0.07084648177275726
5365989 -0.03839987935424777
5366198 -0.05573231030669895
5366492 -0.2249939335558302
5366792 -0.22091358676902606
5367062 -0.13374914180313652
5367406 -0.12402592308170168
5367831 -0.10180504323026551
5368013 -0.19956163839425284
5368335 -0.08036134684287227
5368689 -0.14121866421410378
5369151 -0.08710537155947673
5369386 -0.06376075348464694
5369749 -0.17592150975840382
5370061 -0.12176998704325459
5370378 -0.025128492745807973
5370833 -0.12021140069231917
5371332 -0.267415762012599
5371655 -0.3102423591844394
5371933 -0.09051976599916173
5372244 -0.2836320167853438
5372542 -0.07555194567366896
5372832 -0.06082461932588101
5373244 -0.0996092096156892
5373415 -0.08811987934311583
5373748 -0.17235228154422244
5374042 -0.10517002535228714
