3964529 -0.03799789609388782
3964912 -0.046025360776582924
3965292 -0.0370418286461518
3965659 -0.022897962352375845
3966014 -0.05952483868491487
3966405 -0.03748302505079415
3966777 -0.03529651015689028
3967151 -0.17863039718608426
3967399 -0.3322456496379056
3967805 -0.25359492494391217
3968109 -0.5697552903217462
3968397 -0.141054326936151
3968589 -0.27826276755133283
3968823 -0.34763607233935523
3969135 -0.1373030127235731
3969476 -0.11020506528286142
3969820 -0.2485253104053905
3970168 -0.10808745811427023
3970519 -0.06703952707435334
3970877 -0.11914842160075151
3971230 -0.13517500398133292
3971590 -0.07680976170666809
3972099 -0.11265285226191057
3972469 -0.05131333170473973
3972687 -0.1379744352439629
3973176 -0.07681079664644874
3973544 -0.036096404890150646
3973760 -0.04759791799314217
3974109 -0.09707556356240155
3974589 -0.08887696746960927
3974949 -0.10908565826847771
3975318 -0.1285231295315601
3975533 -0.29679715772607473
3976026 -0.2663396954589232
3976260 -0.2942820591470241
3976758 -0.2500998479810601
3977007 -0.20892652889202945
3977399 -0.1004384344311241
3977950 -0.05594540589530028
3978230 -0.0419571060085141
3978636 -0.11498586581690184
3979051 -0.05486319799349615
3979604 -0.06053738919835783
3979895 -0.06868010088096321
3980302 -0.09267147501918804
3980724 -0.06219191778537214
3981300 -0.11382181219974097
3981577 -0.10534570679837196
3982100 -0.15623295944001048
3982488 -0.08355355998015424
3982877 -0.14711882624777095
3983130 -0.15080785668929486
3983507 -0.16614384470580223
3984042 -0.04601913696390325
3984322 -0.07634463764054944
3984721 -0.17837455537334113
3985110 -0.10439040098528218
3985633 -0.07960551393469573
3986026 -0.10725464290100217
3986263 -0.1534216236824778
3986773 -0.0678644045820731
3987005 -0.09579212138506399
3987374 -0.14513071163034652
3987736 -0.0974103106219304
3988121 -0.1302324440943653
3988505 -0.10209485209251667
3988875 -0.0991982716747698
3989274 -0.17516773492192317
3989797 -0.20484418028881346
3990191 -0.10893791907044992
3990439 -0.12918419424187377
3990963 -0.12220321419679703
3991356 -0.12725238408000739
3991601 -0.1361940819694185
3992124 -0.08584857567814053
3992387 -0.03670327208489221
3992903 -0.07811428359099082
3993148 -0.08520714927277473
3993530 -0.07312955865456938
3994052 -0.07447193241885108
