2314207 -0.007474861960938051
2314592 -0.009282583884837603
2315073 -0.019046582130831435
2315357 -0.014818615298494708
2315734 -0.011100598288503294
2316231 -0.024514741748322355
2316509 -0.010761559590694803
2316909 -0.020758365983446048
2317301 -0.003190355377703291
2317801 -0.006712106929797512
2318103 -0.017473673433359094
2318498 -0.006989247456271774
2319006 -0.018030768989236112
2319402 -0.0156003175697082
2319687 -0.02423908202275865
2320066 -0.01767646223600805
2320446 -0.005532602392555819
2320833 -0.014157911043482185
2321221 -0.007212919910893456
2321610 -0.019487902763749565
2321998 -0.022001364930383294
2322488 -0.016223243674110988
2322757 -0.015990196867159412
2323139 -0.025648197208380075
2323527 -0.025604696738402488
2324020 -0.03381101020374755
2324295 -0.008774355092513786
2324685 -0.012797310570721754
2325059 -0.015418742824752363
2325434 -0.003920917475803809
2325814 -0.019494194249777386
2326294 -0.05234463272163026
2326540 -0.06339985070602294
2327004 -0.015363987145923685
2327353 -0.020016132798257424
2327706 -0.011804051514588854
2327955 -0.006222226431702671
2328421 -0.0026256365686346816
2328778 -0.0033997632715497828
2329146 -0.006271862797781691
2329405 -0.028636082838170207
2329780 -0.0048826031252430235
2330156 -0.04746213929431642
2330525 -0.002814933291595101
2331000 -0.010290909968056705
2331265 -0.014649777299321265
2331626 -0.009735443399751964
2332079 -0.002007869395937667
2332422 -0.01958199858087406
2332664 -0.009655113014587324
2333137 -0.0034930594298295814
2333525 -0.0048452382182915255
2333833 -0.0108189461652613
2334340 -0.01829646940011309
2334730 -0.0343925066925983
2335116 -0.011274632402113072
2335408 -0.012358684700445988
2335911 -0.013179543376125924
2336190 -0.022210608558244416
2336600 -0.02713353104875732
2336989 -0.008041800441267066
2337370 -0.014363101742510653
2337883 -0.025089011728398225
2338273 -0.02210798675304726
2338556 -0.014069236413952024
2338957 -0.023737400079307414
2339367 -0.011787578363725293
2339753 -0.004346456767104434
2340160 -0.04016611357463329
2340561 -0.0071801890074599806
2340964 -0.010866910256392637
2341365 -0.02333123589263575
2341775 -0.002520198012463837
2342180 -0.01712101249318565
2342596 -0.011082557501839896
2343012 -0.016691361533547
2343533 -0.058954692796643005
2343931 -0.02199893113769552
