2284238 -0.13809083996908306
2284734 -0.1778234157929341
2285208 -0.20971320490207657
2285699 -0.15067661027964319
2286211 -0.18072404244644513
2286697 -0.2080442519479182
2287173 -0.1564723149699036
2287653 -0.16560903733209742
2288100 -0.2079596302168727
2288543 -0.16356771904038958
2288996 -0.17546709403735916
2289423 -0.21623978055379572
2289851 -0.21663141453353818
2290293 -0.153247266756654
2290746 -0.16796802678865547
2291201 -0.21410877247880183
2291634 -0.1864340865468962
2292111 -0.14725097161453776
2292647 -0.17581230586549496
2293109 -0.21891862778585436
2293546 -0.17396358228873227
2293979 -0.14249509396633175
2294415 -0.1918080808017975
2294826 -0.21889687905857214
2295229 -0.1723949042516208
2295614 -0.14810540175448111
2295987 -0.1647772346568393
2296363 -0.2080484235867301
2296741 -0.21851008945857514
2297129 -0.14732878884380468
2297549 -0.13380864985817287
2298008 -0.16717394938832303
2298436 -0.2087588371034863
2298846 -0.14822894584905688
2299265 -0.13858288486009068
2299679 -0.18394605492950777
2300079 -0.20582841820643855
2300484 -0.1666822270147965
2300902 -0.12796936556177863
2301310 -0.1401960279618506
2301703 -0.1934602490595052
2302087 -0.23464264606646212
2302465 -0.14602559464701376
2302854 -0.12669194819404678
2303256 -0.15246217155591707
2303656 -0.17559415756206886
2304045 -0.1622531347603035
2304448 -0.13639359615866486
2304862 -0.11907771543547341
2305282 -0.1586882761471904
2305690 -0.19249589010506718
2306112 -0.15347677605863286
2306610 -0.14586196727917228
2307138 -0.17759539352135395
2307581 -0.17007872154347503
2308067 -0.14387959985681403
2308536 -0.17045094250127968
2308977 -0.20233210615535696
2309414 -0.16666035094369014
2309902 -0.1441796229632359
2310385 -0.17258846029379532
2310827 -0.16441000926135613
2311298 -0.15959165928780172
2311753 -0.19443773714725343
2312204 -0.7929753874412798
2312549 -0.1524933000728506
2312911 -0.16516757763799567
2313264 -0.22925719470634826
2313609 -0.17332005440015696
2313967 -0.1980607876853066
