1294263 0.9537160778770656
1294756 0.9399418589175927
1295219 0.8353550726836343
1295694 0.948570232933497
1296190 0.9967068740142302
1296686 0.8916349104375967
1297151 0.8380599224039108
1297643 0.9584326494644501
1298155 0.9948703669245069
1298656 0.8893629061171582
1299131 0.8464343121829068
1299636 0.9658449889492221
1300147 0.963931504757394
1300627 0.8410404965634384
1301125 0.959025510259446
1301629 0.9223226630630077
1302099 0.791867860584501
1302578 0.9162637316475457
1303052 0.9863151556230925
1303520 0.8610736726951567
1303961 0.7450287284786146
1304397 0.8855153132525765
1304816 0.9541348463489758
1305199 0.7243914149294537
1305570 0.7493840246758167
1305948 0.8705634667104206
1306438 0.8484576179732676
1306937 0.7399874719596591
1307480 0.8817578294483065
1308026 0.8482216546448295
1308528 0.7899966092721994
1309077 0.9000012844269334
1309626 0.8355802973622808
1310116 0.8363062760153341
1310653 0.9244643595752551
1311189 0.8813495890196265
1311669 0.8163542190899737
1312196 0.9258771197618217
1312719 0.8979814339816143
1313210 0.8324753932268094
1313734 0.9529080881803487
1314257 0.9301297771400622
1314757 0.9320893400844112
1315282 0.9117978504018984
1315768 0.8648630602438305
1316283 0.9463768109686492
1316820 0.9781723903648348
1317299 0.8840898775762198
1317789 0.9767713660100078
1318292 0.9311134383933696
1318757 0.8954362418130274
1319270 0.9830285120209281
1319760 0.9395148862409994
1320232 0.8411802832764128
1320719 0.9434663082307435
1321214 0.9928771330031356
1321711 0.8979116085390256
1322183 0.8110415026943513
1322670 0.9436834872150476
1323173 0.9940340395602478
1323652 0.8319526315427325
