3479409 1.077281844243247
3479811 1.1444952337673244
3480219 1.1428560499694358
3480622 1.063049432769384
3481016 1.0469826864228255
3481407 1.0286387848484417
3481801 1.1401210797703833
3482194 1.1426255866886517
3482597 1.0648911180721383
3482992 1.0483617622185128
3483389 1.1089019189417015
3483794 1.151588529073814
3484209 1.142194464404531
3484620 1.0771896429284817
3485029 1.081141793581167
3485429 1.100580195684727
3485829 1.1137103718607064
3486229 1.1349804735509514
3486628 1.0746750352916532
3487023 1.0597999615328118
3487420 1.072459428719352
3487819 1.1225902107425718
3488222 1.1506871337836273
3488617 1.0548035505042175
3489013 1.0751420504439175
3489404 1.1004436988387643
3489808 1.1390303321811486
3490214 1.1362780611133323
3490614 1.0240860620160421
3491012 1.067258890265193
3491413 1.1016932417098673
3491811 1.1283065963768033
3492212 1.0509456257034027
3492600 1.0540493733041332
3492989 1.100838563810668
3493372 1.099858592145936
3493751 1.125588742965974
3494134 1.065224593330858
3494513 1.026029455460154
3494891 1.058024930908531
3495271 1.0987064906371686
3495654 1.1283154256758796
3496038 1.0642247820904742
3496426 1.047384535678967
3496816 1.0770330872572356
3497218 1.0972570173742957
3497627 1.1254870423416758
3498030 1.0392021790166481
3498426 1.0532269669784748
3498818 1.0650355817417558
3499213 1.1188931885635975
3499609 1.1309753236316333
3500003 1.0349049990194255
3500390 1.0264793517393198
3500780 1.0559289183567997
3501169 1.0667145588191669
3501552 1.133028198745055
3501939 1.0475726714267592
3502323 1.049927117587174
3502711 1.0542203242531671
3503101 1.0845397040559286
3503503 1.119258838505992
3503912 1.0853822337343266
3504315 1.0342014655470064
3504714 1.0536090397177902
3505108 1.079488518779945
3505507 1.0926074493944702
3505899 1.0918810374504138
3506288 1.0303004475442201
3506670 1.0381349478698714
3507051 1.070850869377594
3507433 1.067790108757857
3507818 1.094511688856361
3508202 1.0355640403852906
3508583 1.0310690130527056
3508971 1.0038350205834896
