1622047 1.2311269292420266
1622419 1.162682135738405
1622796 1.408468400871928
1623175 1.1861592847065057
1623554 1.3227486023725028
1623937 1.5445016694557228
1624321 1.3246311207638155
1624694 1.3838319106046755
1625051 0.9705924068351874
1625400 0.9420812146409767
1625744 1.115388840819798
1626091 1.5127036010957564
1626439 1.2180497051012902
1626811 1.3907023741663547
1627181 0.9488294003605419
1627548 0.8460657055697272
1627910 1.2201535376909978
1628271 1.1275922222144192
1628633 1.1598557575962976
1628998 1.1194511331803847
1629384 1.4204601582307845
1629768 1.2005010560114306
1630162 1.2629655831795061
1630548 1.3126649256086358
1630927 1.3566455078386381
1631288 1.1494827711704934
1631638 1.2155744664428425
1631982 1.3068431099866227
1632316 1.201740711658897
1632652 1.179849161127761
1632999 1.4866386467068726
1633352 1.3595604964573444
1633718 1.290016415362423
1634106 1.4567055815715255
1634505 1.3315265156123204
1634886 1.2232564352554867
1635252 1.0976845423993526
1635614 1.2777881608144237
1635969 0.9687108866859964
1636319 1.195659790441793
1636671 1.0769515185194303
1637024 1.2010515121518368
1637400 1.1897446005013508
1637782 1.3578917185932142
1638165 1.2933179509969452
1638542 1.3726482981442603
1638911 1.3665746933741694
1639270 1.0450694715875661
1639617 1.394784028415327
1639960 1.48774386760761
1640298 1.2957961279829868
1640637 1.110600606617374
1640975 1.164162616564379
1641318 1.5326699403839568
1641682 1.3849239924243661
1642062 1.1011124114531712
1642435 0.8281961336458825
1642802 0.9392696486818773
1643172 1.26771395814963
1643555 1.2650638140408885
1643938 1.3131933889592902
1644314 1.3297924408285615
1644682 1.2081084463277472
1645030 0.8886334397059618
1645371 1.0956220418275575
1645703 1.2218664242137562
1646032 1.2658304277083663
1646361 1.3253361899587532
1646693 1.331586863507336
1647023 1.273090051264721
1647350 1.068531093864915
1647674 1.5086067114392663
1647995 1.0281308650276038
1648313 1.0027424566788812
1648630 1.018464646264841
1648943 0.9871909455376775
1649261 1.2788189378424262
1649581 1.3026696617443803
1649915 1.2211961918484913
1650252 1.065428745189978
1650591 1.156160899925927
1650953 1.4004818377400192
1651330 1.416682779181998
1651715 1.180589513799147
