5637224 0.8921551809827866
5637566 0.8760946428278631
5637905 0.7291005360200131
5638240 0.6539256593131322
5638573 0.6189508682623459
5638904 0.846064132384063
5639236 0.8934925851546764
5639569 0.8709133088290791
5639902 0.7068825010276942
5640233 0.6341359850557703
5640561 0.6097327413819233
5640886 0.7807801563364954
5641214 0.872433001727162
5641543 0.8924722790689633
5641872 0.8366116915222359
5642203 0.6857689800832337
5642535 0.66537945603214
5642877 0.756373502517296
5643231 0.9337075434650468
5643593 0.9322766561982758
5643965 0.8298450919511533
5644335 0.6865589891691759
5644685 0.6224609530730478
5645037 0.8326355495246796
5645395 0.9223939104106786
5645756 0.8950770609371714
5646115 0.8166282701155219
5646462 0.6805981953928524
5646809 0.63925484770563
5647153 0.8410191738111742
5647504 0.8980511654987968
5647845 0.891652299614458
5648189 0.7365574884183093
5648530 0.6609246686814225
5648868 0.6506259993216185
5649205 0.8534113044136664
5649543 0.8914562747520234
5649880 0.8278261769553552
5650216 0.6862030377757207
5650548 0.6300818360954707
5650881 0.7962092713749452
5651215 0.8848709162719828
5651558 0.8473328476154572
5651892 0.6907892638155688
5652229 0.6230148992046611
5652559 0.7845157413560676
5652886 0.8909953501939782
5653210 0.8704855907940202
5653530 0.6851565070741938
5653848 0.597192899034881
5654165 0.6847424924994685
5654480 0.8077690696637672
5654795 0.7942908122853194
5655107 0.8347246017501226
5655416 0.46377900655566906
5655724 0.7310560530685386
5656032 0.6302698820324908
5656341 1.0567391330226918
5656648 0.7806324130346303
5656955 0.5435632820116991
5657261 0.5030551231423166
5657566 0.48108245677314976
5657871 0.5018413608370587
5658174 0.5723997424784733
5658475 0.664521320480443
5658775 0.7960651789088256
5659073 0.8915996631380586
5659371 0.9812998874129641
5659668 0.8764040522013378
5659963 0.8733033555099259
5660259 0.9885801194680657
5660554 1.07150590054442
5660851 1.112792462542825
5661146 0.9819967242922217
5661442 0.9304805182647423
5661740 1.0517182027270926
5662044 1.1339206405761222
5662358 1.1603675576364565
5662675 1.094298753628453
5662997 1.051902320399937
5663318 1.0515013416602865
5663641 1.0827894557026392
5663974 1.2326907623053183
5664314 1.3711449229377985
5664665 1.3482220710676132
5665026 1.1839134702081613
5665382 1.1697202542035796
5665735 1.1909854225803505
5666099 1.391384002504632
5666519 1.469627185240241
