3149683 0.9734573126855981
3150076 1.1090216689050862
3150477 1.1355317527137128
3150873 1.0135513878900044
3151269 0.9899317827228826
3151669 1.12693948461233
3152079 1.117049758195514
3152486 0.9916045379440513
3152888 1.0116963715822342
3153298 1.1387982107263115
3153708 1.0640125061385795
3154111 0.9600298968794765
3154507 1.0695173339559993
3154930 1.141072058123491
3155339 1.0547464820382904
3155747 0.9897237570421362
3156152 1.1130290583771596
3156560 1.1291172516282912
3156956 0.9829812648445393
3157354 0.9870790394914545
3157750 1.1186717562780097
3158148 1.09112227826084
3158538 0.9748771819347273
3158933 1.0169475612836372
3159333 1.1140389670614894
3159738 1.0455284021036229
3160135 0.9844167572937308
3160538 1.064734895882474
3160937 1.1228389476086524
3161341 1.0355618588666915
3161730 0.9768067018945104
3162129 1.092261067585497
3162536 1.1057412992851199
3162948 1.013975913693696
3163351 0.9843778853559326
3163758 1.092002404858105
3164166 1.1275324525069925
3164574 1.0042283998199684
3164978 0.9810888843597259
3165393 1.1330096478366345
3165804 1.1189914434275272
3166211 0.9549357279018487
3166622 1.0108419044779569
3167038 1.1040111163452793
3167462 1.0854599539366272
3167877 0.9474134437035839
3168286 1.0510850488595567
3168706 1.101850975890203
3169124 1.07534854190367
3169530 0.9480185166700388
3169942 1.0333826195076352
3170359 1.098999843266744
3170779 1.0307872861697764
3171192 0.9654965232229915
3171593 1.0780705738332572
3172005 1.1280164612044232
3172404 1.0296499815616613
3172800 0.9425644330540163
3173201 1.1014505588454162
3173610 1.1034770897548356
3174009 1.0283049637056552
3174400 0.9425545427436359
3174798 1.075885328765337
3175203 1.1003100658066634
3175607 1.0364758360208217
3176004 0.9396870927183468
3176401 1.0445533930735433
3176812 1.1005575375092478
3177226 1.068390367287031
3177633 0.9568796257638507
3178037 1.0497065001648074
3178457 1.0984859325700476
3178875 1.047554638710916
3179281 0.9664526707482937
