3629177 -0.18334706488268648
3629634 -0.2140963804450327
3630034 -0.2301694400839306
3630443 -0.20921733093912553
3630881 -0.2039456231458452
3631293 -0.19873352550633955
3631709 -0.18258514254994568
3632115 -0.21985917975596375
3632530 -0.20439034289657343
3632972 -0.17315821609210452
3633410 -0.19313720378144023
3633856 -0.18170264895251037
3634258 -0.23275356623264748
3634677 -0.21208539788105674
3635097 -0.19282668120961866
3635549 -0.1900820529797343
3635951 -0.19087657707217276
3636368 -0.22396953116709345
3636767 -0.22534157540855398
3637171 -0.18290514070878394
3637611 -0.19146580518398515
3638008 -0.17391791745794072
3638417 -0.20624747616787442
3638822 -0.21520246585137848
3639223 -0.19634160839296955
3639666 -0.18852053486110731
3640067 -0.1856650371881325
3640507 -0.20397141107892203
3640891 -0.22146588829270536
3641309 -0.2155461578778367
3641712 -0.2114490313783952
3642162 -0.2085806073631158
3642568 -0.20026589848746118
3642980 -0.2063277167706259
3643385 -0.21704949038055593
3643790 -0.20874608146713025
3644196 -0.19724563601168615
3644632 -0.17792123504720686
3645038 -0.1733858795709453
3645451 -0.21011265068235613
3645859 -0.2204678600674867
3646265 -0.19250114472037
3646712 -0.1739247916302693
3647108 -0.18786030661206138
3647518 -0.2315696280230688
3647929 -0.20528613915363286
3648331 -0.17307047072761578
3648780 -0.18639157297345121
3649182 -0.19282146879823747
3649631 -0.19010729808812687
3650016 -0.22326561969873565
3650429 -0.19652583658870798
3650835 -0.19906624077526613
3651289 -0.18177338818801508
3651721 -0.17633169689341582
3652122 -0.228371404712024
3652534 -0.22741729522924692
3652936 -0.20996056760510684
3653394 -0.19786128041397633
3653840 -0.1769557496436907
3654237 -0.2254120165775454
3654646 -0.22152658872293368
3655051 -0.1796284240576595
3655508 -0.1834173540114088
3655911 -0.1956035846449094
3656364 -0.199614973496968
3656761 -0.2171514372283876
3657209 -0.2214084980622404
3657617 -0.19281592679931286
3658130 -0.179180859233196
3658645 -0.2165779624975071
