2670351 -0.12803440151610523
2670700 -0.1331989904346511
2671049 -0.054501706726044485
2671404 -0.1648250707431056
2671760 -0.1808568156347099
2672115 -0.09966248588555571
2672508 -0.0537722350642571
2672847 -0.1760280730614101
2673214 -0.0618003828349446
2673586 -0.06452251276198617
2673967 -0.07170822615672978
2674349 -0.11803838387163956
2674728 -0.07376525347002905
2675189 -0.053145062189708936
2675488 -0.1389578874224382
2675854 -0.16825201432885883
2676216 -0.09954888878475698
2676573 -0.14720845633065338
2676935 -0.11297604986557497
2677297 -0.13993991091803137
2677667 -0.03966887028756905
2678050 -0.06380031539127407
2678439 -0.11449451143287726
2678820 -0.14591076951690662
2679292 -0.1270548694080229
2679672 -0.07582101455767543
2680056 -0.09309957852597694
2680350 -0.10550230463743726
2680716 -0.12180125889808258
2681077 -0.06551201831399478
2681435 -0.04574654197425854
2681790 -0.1556142312116071
2682144 -0.10531881555702349
2682516 -0.07374093186657804
2682904 -0.060584647092120414
2683291 -0.16046984162605482
2683686 -0.10799275349973925
2684089 -0.09333559203254504
2684493 -0.06794311059404234
2684892 -0.16184243590332836
2685279 -0.14208127139930027
2685661 -0.10422333296533492
2686042 -0.0786738842075787
2686418 -0.06959883937532818
2686790 -0.14980125660448218
2687161 -0.13794868727955772
2687539 -0.08798926871329543
2687922 -0.11297971922626987
2688310 -0.13652108067810037
2688691 -0.1745291317434059
2689158 -0.09407479970008453
2689485 -0.06582922607284436
2689888 -0.15652597405008328
2690285 -0.1699603019819672
2690688 -0.11235436840022572
2691094 -0.09477887099773302
2691497 -0.09271113431783101
2691894 -0.1708793503500594
2692285 -0.10255881175794349
2692673 -0.05028040920259841
2693053 -0.06806368311652879
2693424 -0.20653872033618345
2693777 -0.22229022915170601
2694135 -0.1271104832948483
2694508 -0.09973322273396024
2694879 -0.03655144386150111
2695264 -0.02213834682217286
2695641 -0.07723431964872451
2696006 -0.17681601662807322
2696366 -0.16995790576314193
2696778 -0.12192741498192472
2697179 -0.12549172652736867
2697589 -0.13179630112083773
2697993 -0.12000549591408133
2698391 -0.11264165309650259
2698781 -0.09782828434146029
2699166 -0.11519463548213182
2699545 -0.11092371341595841
2699922 -0.11737937767311468
