3809522 -0.19054076345322918
3809861 -0.1506355719823536
3810199 -0.15997678911907887
3810536 -0.11934240744445479
3810867 -0.12237255954205103
3811197 -0.16041896069342665
3811525 -0.1592026579020136
3811850 -0.13345345316871204
3812171 -0.14570398190954265
3812492 -0.1397496425418942
3812808 -0.1915597083068144
3813121 -0.2399152676139007
3813435 -0.17790413429955
3813745 -0.11833499334493425
3814056 -0.3264337379027378
3814365 -0.16544993550140186
3814673 -0.27318833115807317
3814980 -0.11566418578264592
3815287 -0.12228105662563316
3815593 -0.1355183045044619
3815898 -0.12862973880842699
3816202 -0.13794915419193332
3816506 -0.14951676642309375
3816810 -0.14885509633538468
3817114 -0.14925949374381237
3817418 -0.13308672540146083
3817724 -0.16559844743122065
3818029 -0.16988260534796118
3818335 -0.15419464549218365
3818641 -0.1803206929514901
3818949 -0.180584802651657
3819260 -0.17977687542650145
3819572 -0.18604030187531972
3819887 -0.17208010738109503
3820207 -0.1700372083568994
3820527 -0.20147563872425345
3820853 -0.15939782703081784
3821183 -0.16105016088870272
3821520 -0.16388628990461185
3821852 -0.16737823829384546
3822201 -0.1806738525467727
3822554 -0.17931532628196406
3822967 -0.1396540165110905
3823421 -0.14466716210796354
3823871 -0.16242090630129627
3824305 -0.1692606810011584
3824736 -0.1676954006515241
3825128 -0.15794844111868006
3825510 -0.16555993146283923
3825887 -0.15851954902526658
3826257 -0.18976015932985257
3826666 -0.15384318775034642
3827024 -0.17092904998224193
3827438 -0.1606624194090882
3827781 -0.17327896784188768
3828156 -0.16780560788363896
3828512 -0.17935678527909976
3828942 -0.13548212954377647
3829369 -0.1557147896666296
3829752 -0.16171836842502596
3830126 -0.1705635811594244
3830497 -0.1780975295711335
3830870 -0.1480006337748082
3831245 -0.15822519415532255
3831623 -0.15702007618071762
3831995 -0.17498880602617448
3832365 -0.17356105366127636
3832724 -0.17067303076108484
3833138 -0.14662894906708038
3833487 -0.18691503173176757
3833865 -0.17069115806572835
3834236 -0.17053762955459795
3834608 -0.17440724086504994
3834978 -0.17968370305129536
3835346 -0.14908224160458852
3835718 -0.1708426880620981
3836086 -0.19076922264470245
3836456 -0.18769381358765555
3836828 -0.1777802453959535
3837241 -0.1551044196437686
3837597 -0.17739527291575105
3838022 -0.1695905604596099
3838378 -0.18266901535131974
3838800 -0.17501108973290358
