2910620 1.6057989888019255
2910954 1.2999537479442749
2911287 1.2391695822106157
2911615 1.4542589653684619
2911947 1.511282030894884
2912269 1.4208280352398706
2912593 1.6200802385921682
2912913 1.3058042118154896
2913234 1.5197152788013897
2913558 1.6303267330939153
2913889 1.5218693830744376
2914220 1.1134393705077836
2914547 1.3534481792587223
2914875 1.2433050980190978
2915197 1.1537664283083986
2915514 1.2158786321336224
2915830 1.06594432894599
2916140 1.1651508088613913
2916454 1.5480205834753125
2916767 1.2240031231443989
2917080 1.2075013158004964
2917395 1.5024659571782473
2917717 1.664144432746514
2918046 1.6630304501621989
2918377 1.3583936637053176
2918705 1.4482424221127754
2919038 1.7179867705878396
2919368 1.323612530868048
2919695 1.4197503213174794
2920022 1.5223626903724679
2920350 1.4927648116115213
2920677 1.2897651201177842
2921002 1.3747282131672522
2921326 1.1089629870072883
2921650 0.8898471509143091
2921976 1.0041602971443058
2922300 1.3423401933015258
2922625 1.6035709397266888
2922954 1.5013911858791524
2923285 1.2955080982501348
2923614 1.3823402279493586
2923951 1.4113595126428844
2924288 1.3664653268520193
2924627 1.4099220070217282
2924971 1.3334612399371863
2925310 1.4194216645207585
2925648 1.461569707870308
2925976 1.352564685062159
2926273 0.25674226113555376
2926615 1.2926693697059237
2926931 1.2429605329888047
2927242 1.1900047201975037
2927553 1.4487070926167112
2927693 0.49622736898275943
2927870 1.6361332708068002
2928194 1.4530430337796174
2928520 1.1376814289094752
2928845 1.28078027800702
2929170 1.5164013160783434
2929499 1.36611946992735
2929828 1.4177966320477995
2930152 1.3619989454905623
2930469 1.352280977927736
2930783 1.533880757678387
2931100 1.3092670963652946
2931423 1.2734834175878345
2931753 1.757587800316208
2932086 1.5529388529240302
2932419 1.166850358009659
2932747 1.0082358573755354
2933072 1.2416768604458597
2933397 1.2731852890340702
2933715 1.1900453798000525
2934029 1.1940396126454091
2934344 1.1404584562427038
2934658 1.4321222187173643
2934972 1.2777628217164065
2935286 1.5513189023166307
2935605 1.7336121660957844
2935929 1.551951918370717
2936255 1.1320327979766667
2936379 0.4595792724569042
2936594 1.1785568690692394
2936934 1.5191358741725147
2937285 1.356133123843843
2937634 1.1647955282884679
2937985 1.5168208342856162
2938346 1.4519503791800168
2938708 1.7933027217357653
2939062 1.5106732082617804
2939407 1.4460727124943322
2939741 1.154857575214394
2940068 1.2937947705915402
