4018500 -0.1555796208526322
4018843 -0.18304234165924677
4019189 -0.13249896212006768
4019538 -0.08016995360555668
4019894 -0.1281867633518723
4020267 -0.05990235274999467
4020636 -0.05408219910353118
4021016 -0.03557412079294875
4021397 -0.06768189497243993
4021712 -0.13391825393281076
4022060 -0.1704695618479538
4022410 -0.06022549939372257
4022845 -0.10321773726351757
4023136 -0.08394947805080688
4023571 -0.10348815187214272
4023829 -0.07617292772377826
4024151 -0.1749195873719889
4024476 -0.17491699944255293
4024794 -0.17789784173789958
4025118 -0.16935450550854858
4025455 -0.13565184250239737
4025806 -0.24308957441401102
4026177 -0.11065190456767832
4026551 -0.14296419340425326
4026930 -0.16767270193343164
4027320 -0.17585289629461953
4027701 -0.17232551140676167
4028081 -0.180070742250032
4028459 -0.13007967529198627
4028823 -0.1873805109330301
4029182 -0.13144558796341943
4029539 -0.15241839289729175
4029893 -0.13577827236864615
4030239 -0.09613525785122345
4030564 -0.1816881042327274
4030884 -0.23018683251417105
4031206 -0.19308022681883064
4031518 -0.22530190328644645
4031832 -0.14172509726934157
4032145 -0.1008159219645181
4032468 -0.07778785870522997
4032795 -0.2000234062565177
4033134 -0.12246862701997513
4033492 -0.13117793792991078
4033855 -0.23403302651190855
4034184 -0.19698864471367977
4034591 -0.12367473575352148
4034968 -0.1298565268554632
4035354 -0.2657549434954309
4035716 -0.16832556099856671
4036056 -0.18755690257159774
4036381 -0.1614799814826967
4036694 -0.1245417999878366
4036996 -0.19059640523239035
4037294 -0.22982200862886132
4037591 -0.1485985679491186
4037888 -0.11583636433850954
4038179 -0.22491140161524822
4038471 -0.17563067877522376
4038768 -0.09814590733914622
4039064 -0.15684124953976317
4039360 -0.15290936097504018
4039655 -0.20524659690912578
4039954 -0.13819006822593385
4040252 -0.14343993341635874
4040548 -0.08414936912346543
4040841 -0.2532194780562701
4041130 -0.17708280174520133
4041423 -0.02332952197688226
4041714 -0.12113035777381942
4042006 -0.15227185417156996
4042300 -0.10985330052784859
4042600 -0.07519267595680701
4042902 -0.1550319223567861
4043208 -0.18054695371065288
4043530 -0.17014376510553098
4043861 -0.17223813345395322
4044206 -0.200961282145095
4044569 -0.12654146549163847
4044931 -0.0869164426387713
4045290 -0.14394362471796585
4045625 -0.2273550476485664
4045956 -0.09108771557576811
4046291 -0.03265116620191377
4046590 -0.11398356548985844
4046905 -0.050263687041567584
4047226 -0.12277792536830723
4047548 -0.12408796660371646
4047879 -0.055529938967246895
4048218 -0.1462791860204592
