6625807 1.123797566101866
6626156 1.4210025780887638
6626506 1.3019029244109812
6626851 1.5830983157375618
6627198 1.2571768225421172
6627541 1.2671657733117847
6627883 1.3268444918392155
6628223 1.4972404816444305
6628560 1.4535620442990453
6628893 0.9803514786609966
6629221 1.2638636529457257
6629551 1.3614199201644694
6629880 1.4652939032996413
6630209 1.264665272889917
6630537 1.2988150554083149
6630868 1.479204867175322
6631203 1.2378841510082241
6631537 1.1588464788670751
6631872 1.418951389139569
6632206 1.1519849493792411
6632539 1.126541330140528
6632874 1.285114696942724
6633211 1.3299595415361287
6633551 1.3322834645791242
6633893 1.3235824997552759
6634237 1.3616025823542266
6634584 1.1625104274311258
6634922 1.2373813414827128
6635258 1.767795985567194
6635596 1.4655944182146166
6635929 1.33141249536328
6636259 1.333332859915545
6636591 1.553684805588774
6636924 1.497924972313982
6637263 1.4140380538587043
6637599 1.1808173245481348
6637939 1.4489003413771786
6638278 1.4517769819317605
6638615 1.2348355049675797
6638952 1.342447029159367
6639287 1.486031204062904
6639622 1.340098921914645
6639955 1.2781334765663022
6640292 1.5190771620933141
6640634 1.540269362201094
6640977 1.2509435039762649
6641322 1.4400250638727297
6641664 1.289080167408829
6642007 1.2820654752802276
6642342 1.3601025063578305
6642679 1.4209330655781969
6643008 1.2422496784424846
6643337 1.3089388673997426
6643668 1.4451246399574744
6644003 1.371275537184418
6644338 1.4054314742458076
6644667 1.2093715315052374
6644988 1.044123662684195
6645305 1.1943858539026917
6645627 0.8977262123141685
6645946 1.3547075778757214
6646270 1.3094298463661214
6646601 1.4972715520493025
6646936 1.4581852507493114
6647268 1.348679741009987
6647610 1.4887909325878963
6647955 1.5253128003833392
6648297 1.3365078257863627
6648638 1.065464756333821
6648978 1.1480012322349822
6649316 1.236802559265159
6649644 1.0279042425496892
6649969 1.0479890092572857
6650292 1.2117001499959672
6650615 1.2343976370667713
6650942 1.06979815260058
6651272 1.132042025586958
6651609 1.1850403480986529
6651950 1.181690642944233
6652080 0.6791330196390736
6652301 1.5281424935472667
6652656 1.3860711998760422
6653006 1.083619394553957
6653355 1.230398517227695
6653709 1.2630058712024055
6654057 1.2301302697210907
6654403 1.0475755027827633
6654748 1.2963457809048449
6655092 1.17168104896937
6655436 1.1803776762653615
