902841 -0.059316413563862164
903280 -0.08584524467330568
903739 -0.08096914138395522
904187 -0.09429184943703084
904604 -0.21101416532210573
905126 -0.09648154940831295
905574 -0.06108032256003382
905933 -0.07448351481147575
906466 -0.05306075189944087
906896 -0.09972507377861206
907301 -0.0931673959312298
907612 -0.07490754789069576
907990 -0.1159931032241916
908449 -0.0845011793728892
908827 -0.09750394613264635
909134 -0.131888810388613
909543 -0.08545834268803243
909984 -0.03771996078717135
910460 -0.048086594375046185
910928 -0.08004666490508625
911414 -0.10095975951776126
911891 -0.10488464009385651
912433 -0.07110326003400622
912801 -0.12628402170657732
913215 -0.115409277536827
913636 -0.09841924737059826
914083 -0.06288077666006653
914543 -0.09505256299047399
915032 -0.06383750708746322
915631 -0.08644137657431294
916042 -0.1399459566174362
916528 -0.09565399953337961
917113 -0.09309155915937717
917506 -0.096608356012164
917979 -0.07968941654653816
918530 -0.08523140922411354
918906 -0.1476478770512536
919337 -0.17264265191390693
919788 -0.10696252934471462
920287 -0.133638493234832
920749 -0.1831429814430719
921230 -0.13924006667566935
921735 -0.11050909205333742
922215 -0.11599403176799067
922712 -0.14246933712515342
923213 -0.11342569439721756
923680 -0.13379596238548574
924173 -0.15050450109838415
924651 -0.11879817239569429
925143 -0.1318657870991478
925630 -0.08831276734471522
926108 -0.1120037144988863
926556 -0.16603339331005834
927101 -0.0673157056317989
927492 -0.15289641763151574
927952 -0.15965650013231905
928438 -0.07145555154967909
928928 -0.09683635997344969
929391 -0.18629250524181445
929815 -0.14618251630297757
930250 -0.15336691599607177
930701 -0.09897528780950618
931151 -0.16619063065282075
931608 -0.17971378172473196
932057 -0.14992046701926665
932517 -0.10659038456994935
