3719704 -0.147774966730309
3720079 -0.14045347399736163
3720453 -0.1664035688952935
3720820 -0.17803957389751845
3721185 -0.17061381112451934
3721555 -0.13215721069622755
3721934 -0.10600382707078115
3722318 -0.12915197907715903
3722699 -0.10500373341486491
3723072 -0.1006289173317132
3723573 -0.23443376416555134
3723795 -0.12925680284048452
3724151 -0.10176478906340991
3724522 -0.5907451203613299
3724960 -0.04403654291991499
3725209 -0.12343547533877602
3725547 -0.04029768336243311
3725973 -0.034412105340276944
3726292 -0.04531329871597389
3726649 -0.066582115804527
3726934 -0.034208097647007385
3727268 -0.08007431024796574
3727617 -0.10972166873080103
3728011 -0.3161836135867061
3728321 -0.2487139085749297
3728670 -0.10439017157289682
3729038 -0.1811147657547793
3729361 -0.16020189386838535
3729731 -0.09393392035693626
3730050 -0.03721594943782547
3730400 -0.07437132784304545
3730750 -0.16161428639285425
3731104 -0.1652965750252673
3731541 -0.018162492125337437
3731816 -0.09216886039209903
3732175 -0.12654014529266866
3732531 -0.12444470702729049
3732902 -0.1835471090943122
3733278 -0.08002111192592104
3733667 -0.07038449901447275
3734064 -0.12450133849539058
3734461 -0.11209948191804409
3734851 -0.11044620882521461
3735232 -0.1634222312005323
3735609 -0.15211415888132684
3735980 -0.12097135769769124
3736345 -0.12635487409610086
3736704 -0.15861816063533352
3737058 -0.10752611245312785
3737412 -0.19273570108253132
3737761 -0.11031504418221671
3738113 -0.12531111050550947
3738473 -0.13318219498215678
3738846 -0.13451922560323715
3739230 -0.11540468457005253
3739626 -0.08756448000845425
3740052 -0.09039178237515322
3740411 -0.18583544205232672
3740796 -0.14831229589831063
3741172 -0.11005655633134531
3741644 -0.09410148925650463
3741898 -0.11701652506876203
3742255 -0.16006236934948292
3742612 -0.09104957507610134
3742968 -0.07676387609361335
3743361 -0.10437097594341993
3743705 -0.07990229851604669
3744043 -0.08373247211607182
3744482 -0.016021095040465727
3744870 -0.04451528172181596
3745235 -0.041781577642669765
3745530 -0.04646080070466363
3745901 -0.03960445114418243
3746287 -0.16004932307939634
3746601 -0.12259803470087727
3746942 -0.20106252998705676
3747428 -0.06288291555783487
3747630 -0.15788853056845265
3747964 -0.14506786070975142
3748379 -0.08306713109765429
3748639 -0.08277948817178427
3748979 -0.08924568968259483
