6416060 0.9217554916751023
6416395 0.9776917831766694
6416734 0.9742760466119651
6417070 0.8035648447950086
6417406 0.7526285457915902
6417743 0.7961199703669641
6418083 0.9940802436614733
6418423 0.9859651892959345
6418771 0.8720460789393125
6419111 0.7894680326625495
6419451 0.7926427654254888
6419791 0.9544316594409861
6420131 0.9841946641200199
6420469 0.8831829108018336
6420807 0.7636052855475107
6421140 0.7275345200460561
6421475 0.8425212839842162
6421810 0.9730142722019315
6422145 0.9615497535270804
6422482 0.7835024030503904
6422819 0.7089619079928302
6423153 0.673328032700678
6423488 0.8955960615929063
6423832 0.9811760948338715
6424163 0.950749878317352
6424496 0.8177352739105439
6424826 0.7310151022301932
6425155 0.7109695319433748
6425485 0.8930119533393241
6425818 0.975484552471716
6426158 0.9728528313079656
6426494 0.8134819071611838
6426831 0.7357005283174924
6427168 0.7404705741875304
6427516 0.9792960854889949
6427855 1.0039170160606226
6428197 0.9312242911956934
6428536 0.766790156943147
6428872 0.7262278913466294
6429206 0.8560979727806848
6429539 0.9644278021051047
6429873 0.9630735823104211
6430208 0.9211692572124237
6430540 0.7631376818276507
6430870 0.7150303827985252
6431200 0.7917698703316551
6431531 0.9592094737943317
6431865 0.9828992777425869
6432199 0.940671319009367
6432537 0.7591603254395004
6432871 0.708581860564466
6433204 0.8257737440956768
6433540 0.9678171828871969
6433873 0.9702409263670415
6434206 0.7975279267516296
6434540 0.7513364386422723
6434875 0.727972860922875
6435211 0.9195600267596309
6435548 0.9895684637419737
6435895 0.9737341335011247
6436233 0.8154196144594318
6436572 0.7740208636470758
6436908 0.9146229909296765
6437244 0.9880009873483522
6437580 0.9522692140054505
6437913 0.7673308179830208
6438243 0.742709546652173
6438571 0.8624990279847036
6438901 0.9842062601577323
6439241 0.9797768836131218
6439574 0.9201105928769807
6439912 0.7718533577461177
6440245 0.7363808969313427
6440580 0.8145813024769275
6440913 0.9524571915103812
6441248 0.9667387634646136
6441592 0.961328245734271
6441927 0.7893070411442213
6442263 0.734977077766406
6442599 0.7541103970235332
6442937 0.9332248858456733
6443287 0.987014441597013
6443632 0.9568716081232265
6443975 0.8036363237053035
6444320 0.7567081295135353
6444661 0.7492498487907342
6445003 0.9441682226765492
6445345 0.9828791244002542
6445686 0.9585210615324491
