34140 1.3932963413332669
34462 1.1351075211492703
34783 1.516666152660825
35106 1.4115714673025523
35432 1.3144424511783568
35760 1.3212380085677382
36086 1.1638485647325756
36409 1.2569930464311685
36732 1.4851475913118146
37064 1.5299902339507505
37403 1.452503819925062
37738 1.2952949266850782
38069 1.233374997572858
38397 1.54869472572438
38729 1.5153616890311405
39064 1.3920104952914185
39392 1.2536895181483836
39717 1.3332121121751468
40045 1.4882743469814348
40377 1.4377478183729835
40703 1.1975572408468191
41028 1.4015817217388462
41354 1.4842586936958697
41687 1.3605393354436657
42019 1.389838262546374
42357 1.4931223598913208
42696 1.52059720374275
43028 1.1819741059172892
43353 1.2176033971385998
43675 1.3748117594383764
43999 1.4907040489824603
44327 1.4051866441849477
44653 1.426886350056801
44978 1.2966370360193136
45295 1.2278004955131367
45625 1.3868527521344105
45953 1.3645487699037555
46283 1.204285464055015
46610 0.9806650902787808
46943 1.1924042574567506
47280 1.3813813327
47627 1.3889859122028432
47973 1.184093213087582
48308 1.0307767779639665
48645 1.2099887077685056
48977 1.2288403458120158
49304 1.0299224380719831
49629 1.2255999154193995
49950 1.0527732116989912
50265 0.9297786109147193
50593 1.1214000431489932
50912 1.2870156749835546
51230 1.0051066467452554
51557 1.2290592617627203
51893 1.2868537010844063
52238 1.728825458081603
52568 1.0147146489931007
52903 0.9220072719036511
53257 1.0368696417171086
53626 1.1499426731244917
53984 1.6025309322146724
54330 1.3175398845353143
54668 1.0789099438502419
55000 1.2777406332957533
55323 0.7700742290771398
55649 1.40626591821304
55971 1.1798526588809868
56288 1.198594843916507
56601 1.1657748483610046
56912 1.275354274715007
57221 1.2023902342962696
57530 1.0521522063701712
57835 1.0646232079350095
58144 0.9588758204761785
58457 1.1770136871012125
58772 1.1689979550705227
59092 1.2427162200307702
59251 0.5370897513836685
59414 0.9519884443684961
59739 1.348616311967292
60070 1.1216093234502038
60396 1.1335707290591208
60727 1.3290936603146297
61058 1.4792386789371021
61386 1.0561852612089435
61707 0.8944745393630349
62029 0.9880258230596525
62357 1.248210589983384
62682 1.3907170708744672
63001 1.1557769169552272
63317 1.3616938958344749
63633 1.5133117572714905
