4647516 1.2647624000720812
4647871 1.3756759599921875
4648229 1.1020818196276787
4648584 1.1753112243923827
4648970 1.3207452629029466
4649390 1.2528325342333566
4649814 1.185571304876862
4650273 1.3936712555852337
4650743 1.594616283293961
4651204 1.5317692282030673
4651641 1.153308505255891
4652038 1.1122339647183541
4652431 1.3659629903926902
4652824 1.5477791651718737
4653229 1.3619602860626079
4653609 0.9114333680825677
4653971 1.0551745075683039
4654350 1.302333995652499
4654745 1.414202890980822
4655156 1.4293930639714327
4655570 1.2680368132169102
4656007 1.3238837722490933
4656472 1.5467075728670403
4656965 1.6026504756935005
4657437 1.294225908885102
4657913 1.5135760042982331
4658385 1.3242304180280027
4658844 1.4019171396532086
4659293 1.4394734991557725
4659734 1.2959239447339348
4660154 1.3376247911171681
4660540 1.098076140849566
4660906 1.0892969044199061
4661269 1.3708301520136148
4661628 1.228011271108304
4661988 1.2124073712241863
4662360 1.297444417370237
4662753 1.2350922252986072
4663148 1.1036985215489235
4663580 1.681037128649969
4664004 1.1314366056420142
4664415 1.3500579203184526
4664830 0.7781897784704415
4665232 0.6546477949387028
4665634 0.9980803137708105
4666038 1.5263996749502622
4666437 1.3405460718342526
4666819 1.048023298564785
4667202 1.1722338647047463
4667589 1.0931732350501417
4667964 1.205690484634614
4668341 0.9794999862150358
4668704 0.7380539955814103
4669077 0.9408470278780865
4669447 0.8934846706992658
4669819 0.7351404574261665
4670203 1.0617000476091307
4670585 0.792198131338091
4670968 0.9168484926040761
4671356 0.9186881020346682
4671745 0.9445492644546905
4671882 0.3813654396853147
4672135 1.0054858292924411
4672519 0.8809785608865851
4672896 0.995157672620187
4673281 1.2294552912895775
4673666 0.9324104585729293
4674028 0.7511476647037582
4674394 0.8420241622983868
4674759 0.9158077730433992
4675115 0.7496119490329254
4675466 0.733255524996679
4675818 0.7961028563172701
4676169 0.9441173377361197
4676522 0.7852023580215108
4676871 0.8961230989421098
4677234 1.0195174347584723
