453728 0.9811944924771958
454050 1.2306373687392718
454371 1.3555595302957346
454690 1.2835997778822485
455008 1.0598057235287017
455324 0.9830552868720966
455640 0.9793478636927322
455955 1.1431666630812838
456268 0.8809239831331754
456578 0.6530544371699587
456888 0.6512353212067056
457197 0.4908406850827494
457506 0.5483856098181834
457817 0.5843309625185088
458127 0.6322264896544695
458437 0.695882004262728
458748 0.8340896398617463
459059 0.9015316038363772
459370 0.9874942722369362
459684 1.0232602944170113
459999 1.0671465854152582
460317 1.0427151385069768
460637 1.046438554861189
460960 1.086434115452989
461288 1.1028485077624457
461620 1.0836761749912267
461957 1.110273824718007
462294 1.0629635504728356
462631 1.0879076876665321
462972 1.1353705750733265
463315 1.1543479674384165
463657 1.141543576617674
463999 1.080472284388765
464339 1.1055830439357004
464676 1.1530878414913608
465012 1.21525085902676
465347 1.1851736948568916
465680 1.097879970334181
466011 1.1581061229079581
466341 1.243272904624939
466673 1.2815430674078954
467001 1.250609092169137
467324 1.1917158535329033
467644 1.048868438560619
467963 0.8928091170500168
468280 0.8175750956201048
468595 0.8913584916142927
468911 1.0929412037049517
469227 1.0547785665532938
469541 0.8489447702001199
469856 0.7973253775893119
470171 0.8683737843233638
470486 1.020110626219028
470800 1.0790862475628673
471114 0.9551884369561627
471429 0.8424280184146071
471743 0.8791994997661752
472060 0.9595105927691306
472378 0.9960889305714884
472697 1.049358255235337
473015 0.9612660640933421
473333 0.889228250395335
473651 0.8921974834036539
473970 1.0171683128517055
474292 1.0846093819065035
474617 1.1306428610104997
474942 1.0706450732222876
475269 1.0973630949178599
475597 1.12197040876053
475927 1.1221484804688384
476257 1.120419708207006
476584 1.0837132368764526
476911 1.04033690042841
477239 1.0292434760465758
477568 1.0771328552097414
477896 1.0634744255222586
478223 1.0950561886591061
478552 1.0825488679244784
478885 1.0811685317562645
479216 1.0728778389878328
479548 1.1608894311894349
479881 1.1834064706201874
480220 1.2460363863901804
480569 1.2322814954199586
480910 1.1815652117133748
481257 1.2086376193765824
481605 1.249876601665457
481953 1.2597964027719928
482296 1.2148169913269153
482638 1.1552969126002504
482978 1.1431660276306217
483317 1.0963583640858825
