2280910 0.41317167895009355
2281437 0.3982733612605167
2281960 0.4441621542634011
2282516 0.48838166206725264
2283079 0.41646190924462834
2283627 0.4033458206389967
2284168 0.4654587307350927
2284714 0.48835199782727845
2285252 0.42069990626406895
2285750 0.40369036845732664
2286214 0.4297547185298793
2286687 0.4896646107990157
2287143 0.47506920095924854
2287593 0.448018062048631
2288018 0.46386512040740213
2288420 0.4549203252294893
2288839 0.5446713035320536
2289284 0.5040857836061549
2289760 0.462990556695848
2290296 0.49524640453767793
2290883 0.5006085973568114
2291475 0.4228882788034532
2292049 0.42191663520267103
2292607 0.48719503702294564
2293161 0.48241560073131295
2293696 0.3977543508521904
2294208 0.40041603164305706
2294721 0.46609995882888877
2295249 0.44026649331940054
2295781 0.4027297117614185
2296307 0.4473937456409992
2296832 0.47400358108387114
2297345 0.43183576432599907
2297844 0.4316751456925418
2298371 0.4922449947173803
2298898 0.4907941773515597
2299404 0.4253538282687247
2299892 0.42873666661220927
2300372 0.4649685076148811
2300864 0.4882782732416743
2301364 0.41379712316945844
2301868 0.4293889449458578
2302372 0.4392218882253232
2302890 0.4869231532205539
2303396 0.471300796838091
2303862 0.4188457526608608
2304300 0.43491925890023164
2304715 0.4880114514154521
2305128 0.5470589215848788
2305554 0.49771520681103143
2306014 0.4698238209125996
2306548 0.46584341727478545
2307141 0.5188991688993043
2307748 0.4767413096949023
2308326 0.39304896957801766
2308877 0.3925432495554598
2309428 0.46276439459548746
2309961 0.46474011861739384
2310465 0.39968447218820136
