753109 0.30303352670478007
753546 0.271435858405084
753985 0.2567076391365239
754422 0.24908584282690144
754856 0.2966633772957533
755318 0.30029536925365513
755810 0.2967716231167662
756317 0.2424699376298126
756813 0.24809874719839178
757285 0.27803388919635436
757762 0.2926953005850515
758240 0.2926492695975108
758729 0.24868228471992954
759227 0.2499191636407394
759712 0.24213866689755126
760213 0.2948911208545694
760721 0.3067988824218795
761226 0.2542013108252742
761729 0.23380616094500065
762222 0.27369975746108693
762748 0.29198844942354596
763301 0.2840822997509872
763845 0.2234017867188075
764395 0.2773836348835907
764945 0.26665302883913583
765474 0.24310117351435204
765993 0.21667309860894352
766485 0.22777466091976373
766980 0.29696330933520604
767464 0.26284138507348315
767946 0.23863220491041143
768426 0.24701291666106584
768923 0.2892979999994852
769441 0.26464406669504265
769965 0.23232615346893398
770507 0.29235294032799364
771041 0.25041467772728004
771566 0.21910702206047095
772095 0.27422846000936085
772614 0.28028803653683054
773118 0.21473990271474613
773605 0.24759881510908996
774097 0.30116930299931505
774626 0.2651070947306232
775161 0.22328939658812985
775688 0.24617064785778514
776218 0.3183015873535453
776740 0.24173831528972597
777256 0.2139682679659302
777764 0.2847207331158439
778279 0.29290298810983667
778791 0.23169706420882027
779312 0.2512494490125061
779829 0.2587554822620074
780354 0.2509168070464261
780873 0.2444993134462539
781386 0.2534761092917637
781903 0.28073950373881496
782416 0.2447007940611639
