6475920 1.1838862817117486
6476379 1.1172176619076013
6476815 0.9236197809950171
6477254 0.9970649624612049
6477699 1.132993162845036
6478130 1.1579371221651793
6478553 1.126930624194284
6478958 1.1409400327765857
6479357 1.1508442273192316
6479773 1.0608115570598988
6480187 1.0326745838432805
6480623 1.1100779100630223
6481069 1.1426436055234133
6481521 1.1423361717288065
6481964 1.0025314153086866
6482402 1.007830487570638
6482840 1.1178969690287657
6483281 1.1389320297648244
6483731 1.146929401511056
6484184 1.106926566468222
6484622 0.9620855467571168
6485065 1.0425073279600274
6485507 1.145538693199975
6485954 1.171981881781227
6486404 1.1008357415664534
6486839 1.0063913365164463
6487284 1.128030008440204
6487736 1.1724062666008435
6488192 1.157576908671835
6488644 1.1040625436011555
6489074 0.987154169668958
6489497 1.038832474340315
6489922 1.1286921432791777
6490347 1.1527394511125562
6490785 1.1534874598648566
6491226 1.0543027892570893
6491658 0.9923573925306262
6492096 1.0931533093339707
6492547 1.1964959936608117
6492996 1.169232254044541
6493420 0.8789854930217651
6493852 1.1456456606098468
6494273 1.1639333692056533
6494687 1.0178601907712053
6495095 1.0984400832887602
6495497 1.3333553136027796
6495886 1.1522212368120424
6496267 1.1443886036817763
6496649 1.3988551194223242
6497028 1.1951313374927266
6497407 1.0630436057935215
6497787 1.2596806990164247
6498170 1.4175443524865043
6498560 1.184858808992738
6498951 1.1416162016294358
6499350 1.2129322647054703
6499763 1.3015496335669834
6500184 1.272932716466098
6500601 1.0802454275076845
6501016 1.0699668300331608
6501435 1.1052889418835863
6501860 1.1869069448352354
6502287 1.1947860005389161
6502715 1.148452237632821
6503138 1.0859362290097163
6503558 1.1451908556256984
6503984 1.16597744013466
6504412 1.1861453527725185
6504837 1.1460495865547795
6505258 1.0567118491404135
6505680 1.1415363515047403
