5816317 -0.18208526486336563
5816646 -0.25421510503368566
5816978 -0.13174449881739864
5817312 -0.11953314443099863
5817649 -0.09378404301166668
5817992 -0.11232630177773598
5818359 -0.07344135674290803
5818675 -0.19406723757005584
5819008 -0.09051210428766554
5819343 -0.09729716567070874
5819672 -0.15762066362691335
5819995 -0.1407067334495778
5820315 -0.1288745158520337
5820717 -0.1091022223937449
5820947 -0.18046960611265062
5821258 -0.14021022908427083
5821565 -0.12671446525276187
5821873 -0.11502839295780737
5822179 -0.11502620594141859
5822483 -0.18964671703593353
5822783 -0.2880377208128934
5823083 -0.16399941806223095
5823382 -0.24598830480615996
5823685 -0.13483474505410253
5823978 -0.15827838537453442
5824273 -0.17949919252990593
5824566 -0.1338633987646648
5824866 -0.09229743502300955
5825173 -0.10165342219793833
5825485 -0.1270929578441864
5825813 -0.11445739782896808
5826150 -0.1167985244931774
5826483 -0.2609623065429696
5826813 -0.16970664455584306
5827146 -0.13650567119115342
5827534 -0.27418493327839766
5827833 -0.23668609827049503
5828172 -0.17536757606472975
5828505 -0.2254306814992708
5828862 -0.1496199993438294
5829153 -0.15417647973488724
5829474 -0.14995887956273501
5829795 -0.1875597193671401
5830115 -0.12559569134559873
5830429 -0.14087194449675006
5830747 -0.1198010146470739
5831073 -0.13752166258434542
5831399 -0.1472260286955852
5831724 -0.1513378505405581
5832051 -0.21494557751056892
5832406 -0.07809584643083395
5832711 -0.11449333230439962
5833038 -0.18615366770119257
5833362 -0.1941634164836505
5833681 -0.10261372767447055
5833996 -0.15571048491499495
5834308 -0.16958002893042762
5834617 -0.12804879526504032
5835064 -0.20893012094604124
5835234 -0.1868723343895421
5835535 -0.18260222988460298
5835848 -0.20898482400009577
5836162 -0.09822408986709685
5836497 -0.17523871409121405
5836747 -0.06425808329478389
5836835 -0.12182803043853285
5837191 -0.1618085503881705
5837635 -0.11783330829887992
5838002 -0.10159966466174503
5838360 -0.10369737971584375
5838634 -0.11138153000317597
5838981 -0.14080488009618963
5839322 -0.20469167197482796
5839649 -0.16669180668502315
5839967 -0.20309426345504997
5840280 -0.24245320077984844
5840589 -0.17962241747698826
5840896 -0.15278584703008197
5841204 -0.09265762636655345
5841507 -0.2827122655779564
5841819 -0.1765626647817679
5842136 -0.18639131812475315
5842501 -0.09815461192148839
5842788 -0.07903812947559674
5843113 -0.16537812202849977
5843525 -0.21100600406993425
5843809 -0.08224094006076904
5844158 -0.12466757504008386
5844547 -0.10199831981642427
5844940 -0.10243970525705726
5845302 -0.08976060023126742
5845555 -0.14811559989437928
5845900 -0.14972505187201224
