872938 1.1150066858788492
873306 1.2732391141445143
873693 1.4750209703598676
874095 1.128707753153104
874497 1.343579860557858
874913 1.393020669138328
875348 1.2972882938784054
875768 1.283213631722966
876208 1.447634038995383
876642 1.1859663533402862
877060 1.2724255670942717
877497 1.4310013107821
877945 1.5567731283414439
878380 1.4403597844700013
878805 1.3250057056918836
879210 1.3011618193502394
879614 1.4206548592575206
880022 1.29483743317118
880414 1.2482324415562
880827 1.3398217214163157
881259 1.5047485573726016
881681 1.0719702668326916
882089 1.0761570761533874
882506 1.1956012085819567
882932 1.2806608534429835
883371 1.2844778639705292
883815 1.4553641091304654
884257 1.450344007397026
884701 1.5146881999719504
885131 1.4326161273827718
885549 1.5159003246145195
885945 1.4106185828157272
886321 1.0673159426293406
886691 1.5228911602952604
887056 1.5375732193850362
887438 1.6954596161554178
887816 1.3175012857521882
888184 1.0542355543767794
888556 1.4735098644107973
888941 1.3824095969792027
889352 1.4734192977726994
889770 1.4246264346563196
890201 1.5817953839301213
890634 1.6434853145138029
891054 1.5171713526200425
891453 1.2313203462212472
891842 1.5496496979713899
892244 1.5759416226368792
892639 1.2991727245185534
893042 1.522760840371326
893484 1.6500608248877433
893932 1.3564341132149078
894359 1.1306539057350964
894782 1.1283948018871843
895211 1.2693721257103716
895632 1.315618039667074
896043 1.464758890103008
896438 1.01687662834661
896812 1.0930666390814263
897178 1.1491740239522081
897538 1.006469249646453
897914 1.3010784250496386
898300 1.316178475001537
898710 1.3798831130706284
899110 1.2905623622644025
899540 1.4586320336365217
899972 1.3516866190716432
900380 1.0799277160274268
900783 1.2171464953020785
901194 1.4051764999524097
901604 1.3613653712717135
901997 1.0582289980357598
902403 1.2070647128746699
