3599600 -0.1551097362839442
3599947 -0.14844087958149849
3600295 -0.16204118430711673
3600636 -0.15251384458559197
3600984 -0.17649562887036052
3601335 -0.15762251776249842
3601678 -0.16340451586609683
3602022 -0.16582799757347277
3602360 -0.17053958547735754
3602703 -0.17199090177327886
3603044 -0.16036660836756966
3603380 -0.17084979826423885
3603714 -0.17043689064671325
3604046 -0.17951166318296113
3604373 -0.1707037345146169
3604699 -0.16952784187323822
3605024 -0.17915709540779257
3605350 -0.1834732007396787
3605678 -0.17598634030550536
3606009 -0.16158381922441772
3606338 -0.18111661176852806
3606667 -0.18156309496465123
3607000 -0.16743486071364988
3607336 -0.16147841513691613
3607673 -0.16164609885189274
3608009 -0.15555015061307448
3608345 -0.17471534058464916
3608688 -0.1681135589886949
3609028 -0.15975327336399225
3609372 -0.16316061451491748
3609711 -0.17314122587942343
3610056 -0.1583411853605033
3610396 -0.16419094028934877
3610734 -0.16391004820685412
3611065 -0.1700857979117429
3611403 -0.16411497459815644
3611742 -0.1562246199053497
3612073 -0.17384247512507656
3612409 -0.16692725583831464
3612745 -0.1642151792936556
3613078 -0.1667014873353273
3613415 -0.1744167847696163
3613747 -0.17112823617299094
3614084 -0.17065075989824918
3614426 -0.15242974992237812
3614769 -0.15064646193415132
3615111 -0.160420768080537
3615447 -0.15922129094843385
3615783 -0.1568232801776378
3616118 -0.153370016348786
3616458 -0.15406145059435838
3616793 -0.1657243645096963
3617127 -0.17093039203761745
3617466 -0.15329723640909337
3617811 -0.1695158325437543
3618148 -0.16464666032347225
3618495 -0.16166663957238264
3618835 -0.15623198739871713
3619192 -0.15463852952306656
3619540 -0.15727083329749297
3619889 -0.16808423573230985
3620229 -0.15558030791535377
3620588 -0.1622717500321833
3620928 -0.15561225693842506
3621280 -0.16368810660573013
3621617 -0.17702342051667025
3621964 -0.1743308389821821
3622310 -0.17197535521429402
3622655 -0.16543175389274017
3622998 -0.16274121647542755
3623346 -0.15825142131932385
3623702 -0.16417969807160876
3624036 -0.15998082142936088
3624372 -0.17096724455266116
3624704 -0.17960599861079685
3625034 -0.1679153170987004
3625375 -0.1625095240726061
3625711 -0.1587749592566829
3626055 -0.1754531448824317
3626397 -0.18259974192776451
3626745 -0.16828387910178422
3627111 -0.14404102030088872
3627465 -0.16508756606145936
3627820 -0.16267032614554022
3628174 -0.1632516589953062
3628539 -0.15422012437184623
3628880 -0.16087433120896566
3629228 -0.16706947245731318
