423659 1.079667943820789
423989 1.2562488536624452
424320 1.3146321855076475
424653 1.336558520397622
424988 1.22201442193321
425321 1.156373537830273
425657 1.120758291617273
425997 1.2901269990988669
426340 1.3387237402437666
426682 1.3506252756667436
427026 1.1866504307283514
427369 1.1564790886038234
427710 1.2391820852400035
428050 1.3761292706599588
428389 1.360925740663482
428728 1.2659342899017338
429065 1.150872524135349
429403 1.1293848564479982
429742 1.267272393989489
430080 1.3782781606607606
430414 1.3092249852496691
430745 1.1595589772322423
431075 1.1097486252082098
431402 1.2005113179126685
431730 1.3367448612923425
432057 1.3762782555151465
432385 1.2306297233160477
432713 1.1524888622429532
433041 1.138706813794691
433371 1.3609522819845656
433704 1.372164362442562
434039 1.2657238528733217
434375 1.160812123364649
434709 1.1173440672072381
435045 1.2709819472607617
435381 1.3774848169794056
435714 1.3492917674683693
436046 1.1498822344294957
436376 1.1287997890074712
436708 1.066725459446401
437039 1.2188474998074965
437371 1.3221357287025939
437704 1.3558278331223854
438036 1.2182744673513435
438369 1.1606760250405341
438702 1.1284855434816237
439034 1.3072038278103992
439365 1.3688568222017237
439696 1.333094136925324
440028 1.1734651257629367
440361 1.1336082541061727
440695 1.269270198007335
441031 1.3731250484800777
441367 1.3045617846367732
441702 1.2061084986850739
442037 1.1374332759937253
442372 1.3192087616623782
442708 1.375584332297113
443042 1.3345833056437653
443374 1.1630098497305694
443705 1.1415043605142827
444036 1.1373594561232423
444369 1.3302262852457094
444706 1.381423680926368
445042 1.305158203453831
445376 1.1628320218326733
445710 1.1473510496166042
446045 1.2072518970930275
446382 1.3641499755605118
446721 1.377906825645434
447063 1.296840479118814
447402 1.1941056751373496
447739 1.152025082594188
448073 1.3186844039749568
448406 1.3712945632534372
448739 1.3627161331721613
449070 1.1949180796818035
449401 1.1353875490073553
449730 1.1846269825558688
450064 1.3434819454071818
450399 1.3833751614128966
450737 1.3592987807156507
451074 1.2261472171844083
451410 1.1615260998190662
451746 1.154295678304942
452084 1.3199037233931652
452419 1.3679619977014497
452751 1.309424608895641
453079 1.148724464834358
453404 1.0105081869363326
