932852 1.0631482403874861
933182 1.2933356860840375
933519 1.4212693491261166
933862 1.532769315000225
934214 1.5608353718514434
934562 1.374008665685595
934908 1.2313493566672606
935253 1.5280843733392184
935598 1.332015201412791
935940 1.1611029828442525
936273 1.318221215832605
936626 1.6935892131725265
936982 1.4667621844170744
937338 1.3394242186642322
937688 1.324220477515917
938056 1.4446046305882116
938429 1.4173528537338196
938796 1.20438029765644
939157 1.3266231433180604
939511 1.4361234470869744
939855 1.1705873946233527
940192 1.2405711840123481
940530 1.594976600173167
940874 1.6263304682763702
941215 1.333269162556132
941562 1.6395801805577763
941909 1.5685921086731285
942252 1.2526670817970837
942591 1.3696717622088015
942945 1.3490115887312604
943306 1.2823252868467956
943664 1.0358744602999619
944014 1.3960156999022733
944364 1.544076867372878
944708 1.5591455988476723
945044 1.346588361853766
945374 1.318970188870903
945701 1.619320862880871
946025 1.5188448645538768
946345 1.6104336818763771
946667 1.4374449794188227
946993 1.2382445682016137
947325 1.5320109661011603
947668 1.6803923096276328
948014 1.4408940776117858
948364 1.2937291097139794
948715 1.6094684121201612
949079 1.6878338210406558
949436 1.3129255493771614
949790 1.4810795072873333
950142 1.5277067198540268
950490 1.446033950159395
950832 1.3026359584947587
951174 1.6001503404971238
951516 1.5766282192756824
951854 1.398184887206935
952191 1.3228126506092526
952528 1.6156079495464528
952868 1.4156772653622358
953208 1.3243228056480265
953549 1.3357623686702311
953891 1.2164121510023187
954237 1.3035441388189426
954577 1.4514959402009169
954923 1.5535352171013534
955268 1.3589102074173414
955620 1.5603679106520607
955965 1.4832534101854782
956309 1.3813136784140752
956654 1.3798950212844265
956997 1.289566752860305
957334 1.189101923378431
957672 1.2337099687199962
958012 1.4941786607930378
958354 1.394147465492839
958703 1.5939776849290428
959054 1.4329328564616397
959393 1.5607763695503594
959727 1.5737051649488172
960059 1.451715754467719
960396 1.7289765962921466
960728 1.2723099095798855
961057 1.1186707150305346
961385 1.3968453174263031
961715 1.3070923970786104
962044 1.1843725707580823
962371 1.222408402701914
