34152 -0.04873568001992623
34475 -0.14440720481539243
34879 -0.24468197170636768
35196 -0.040087076024187845
35491 -0.06618647702340008
35772 -0.07296170827808407
36099 -0.11790754386079456
36421 -0.08313059667511152
36745 -0.057889026527606746
37077 -0.04027381968212834
37502 -0.06766697151244347
37751 -0.05744297788135583
38082 -0.1436707765290003
38410 -0.0969542275070096
38742 -0.0689348059834003
39077 -0.07745074047808109
39404 -0.10646886311561743
39729 -0.1048237923293924
40135 -0.06606195019124106
40389 -0.058635473780094094
40715 -0.18001083055660128
41040 -0.15047659777647382
41366 -0.11760494090308138
41699 -0.1109057109848437
42032 -0.10085233349004219
42370 -0.10184762105239653
42709 -0.09859066527003624
43040 -0.1565679931986546
43365 -0.1401332413613844
43687 -0.14171072185986955
44012 -0.08750301286687151
44340 -0.10818005878538528
44665 -0.07362984779944937
44991 -0.06961888327347776
45307 -0.048170551869096634
45638 -0.051022912305673324
45966 -0.037063890190994875
46295 -0.11778705309193876
46623 -0.24523092980569144
46956 -0.16303118873487832
47293 -0.0877957036143627
47640 -0.11469423777679572
47986 -0.15841736326520506
48320 -0.1978530718930991
48658 -0.13384372841499395
48989 -0.11901860897410349
49316 -0.17290997469054176
49642 -0.1306129347523624
49963 -0.12625783580595548
50281 -0.22377576151909806
50606 -0.08580887488337235
50936 -0.11481826595620837
51242 -0.14803035662823852
51570 -0.17121272868790874
51950 -0.15064523154357268
52334 -0.11793817369967807
52581 -0.18713246076406942
52916 -0.15097032380330033
53270 -0.18568049884381765
53639 -0.28875479308690655
54056 -0.06654574878716335
54365 -0.10731431979595962
54681 -0.4047958925485792
55013 -0.0761245238501469
55336 -0.41810149511892813
55686 -0.5440669720203845
55984 -0.1224620238462365
56303 -0.2688961429432165
56615 -0.23974410793016654
57039 -0.14258947764830565
57361 -0.10497523030006128
57542 -0.17158070402304748
57890 -0.1451235481209937
58155 -0.19355142558039673
58472 -0.11202590100339271
58785 -0.1956962583563443
59104 -0.1575681471444803
59269 -0.2114295202991237
59425 -0.212729041485184
59804 -0.20711464837316523
60082 -0.14108725651313148
60410 -0.15253949616277296
60776 -0.06569471440356012
61115 -0.09630408078239872
61398 -0.1977383388806634
61719 -0.21076488525342685
62042 -0.15060501433760065
62370 -0.09875555859698149
62694 -0.10481923474312338
63014 -0.19686950068964193
63390 -0.19717403730134242
63744 -0.2724218059897533
