3539219 1.030743569652487
3539623 1.0076503957648013
3540038 1.1418899802984104
3540454 1.151467463077584
3540865 1.1035012493513598
3541266 1.0144853457438032
3541661 1.0485239131003448
3542056 1.0942780522211597
3542451 1.1200800730398706
3542846 1.098077001090219
3543239 1.036540017274386
3543630 1.068233450342626
3544024 1.0958753831181047
3544426 1.1471949509950243
3544836 1.11842549792126
3545241 1.0815912009051405
3545642 1.0171232557802883
3546040 1.0593285855742438
3546441 1.1258322801237042
3546849 1.145819504655445
3547257 1.0617804767889736
3547663 1.0752666004295832
3548068 1.1021663547003708
3548482 1.13674149965777
3548892 1.0679128988062745
3549297 1.0873682569807506
3549703 1.108898732982353
3550110 1.1156654613533716
3550517 1.1544731405011177
3550918 1.081384257613466
3551319 1.092597740661752
3551715 1.0739038464847557
3552120 1.136154947814977
3552521 1.1048962177032373
3552913 1.0363810617807931
3553302 1.1196101355110242
3553690 1.122289535687371
3554075 1.1091739423361224
3554449 1.0263689146244794
3554836 1.1186088677974246
3555230 1.1960776609906274
3555637 1.1873124891451674
3556057 1.1095066743900426
3556494 1.0531310956564344
3556950 1.1461683793343178
3557413 1.1768523289872137
3557865 1.0514177119262378
3558285 0.8935675266608747
3558705 1.1930823728477666
3559098 0.9535340684175169
3559480 0.9496081771019477
3559848 1.2049637705678395
3560208 1.0877803954015737
3560560 0.9209016439735997
3560913 1.1811094483268751
3561263 1.2923902909935625
3561611 1.2780728738140446
3561954 1.0640298867016513
3562294 0.7641390190437991
3562636 0.6089813855477706
3562980 0.6265174558549343
3563316 0.7344892746759242
3563650 1.1465774173099648
3563980 1.1747506813491122
3564310 1.2228368461550794
3564641 1.2493558271419194
3564970 1.2334344056280846
3565297 1.2190171235781229
3565624 1.2579045156072306
3565950 1.0721212651088758
3566280 1.1220478512961312
3566615 1.2850717841465076
3566952 1.2633353802184177
3567297 1.2144861617661002
3567644 1.2336316763393447
3567995 1.2319308466031782
3568351 1.246148382468711
3568708 1.2391733920240657
