64080 -0.06595797744148817
64409 -0.10321990107211723
64748 -0.06713569192768284
65123 -0.0758448536075691
65445 -0.059343216358699324
65835 -0.0380404554366065
66108 -0.0726266631967124
66458 -0.11810162594476203
66817 -0.07465023292647865
67183 -0.06924699680380975
67596 -0.13777620445377992
67915 -0.1988322167928665
68274 -0.06239227502327954
68756 -0.006208877682149758
68972 -0.2707063289169662
69356 -0.03065917659760492
69648 -0.10138086890443332
69991 -0.07371537309397735
70331 -0.06812295632038201
70671 -0.09609521199489302
71011 -0.05085247592772352
71344 -0.07077640686597764
71678 -0.07094043182653365
72055 -0.04692764537703753
72369 -0.06480026458539523
72717 -0.09707156391847183
73063 -0.1262603339206474
73430 -0.04815410618769833
73764 -0.0781857044345351
74160 -0.04853550519369698
74460 -0.06384253534879547
74804 -0.11173051294544972
75148 -0.1170340833545434
75490 -0.10390007028408865
75876 -0.03418047698613025
76162 -0.11810789805545596
76504 -0.08374017175976722
76857 -0.050297451060048126
77209 -0.053936198482211206
77561 -0.0900649544000951
78050 -0.4436923414624184
78266 -0.11032431117611996
78636 -0.0803181603267102
78974 -0.017179663641651563
79322 -0.0974146983383127
79670 -0.07955277378983933
80024 -0.035860049215296175
80378 -0.035626041604265746
80723 -0.06704679478764153
81079 -0.053449858393213145
81399 -0.07096245788019312
81735 -0.11616507746249938
82078 -0.05196803367832914
82436 -0.054613234850602765
82769 -0.13997799444994974
83114 -0.10590063607316735
83534 -0.14726127480134066
83797 -0.09354378691747334
84134 -0.059543549138334706
84474 -0.03505844934934499
84816 -0.09717992019640731
85160 -0.09250700466338257
85506 -0.08106672512661695
85854 -0.0739064146591274
86203 -0.027161542933172966
86540 -0.14576136166982567
86881 -0.10395764466970153
87232 -0.06513167129076441
87587 -0.07464284927308358
87934 -0.08803121013958876
88284 -0.08972712839862887
88655 -0.05634093007263369
89005 -0.03749891166864405
89360 -0.1209077130316224
89718 -0.0981590447343354
90085 -0.1195706293987977
90453 -0.06528616843596363
90867 -0.03979662484211971
91174 -0.05454836276553893
91516 -0.09804825780085263
91857 -0.04951540864880816
92208 -0.06085699682590212
92529 -0.08135001777399792
92860 -0.13012853427641125
93194 -0.2165972080332792
93530 -0.1881430565877853
93869 -0.2720099138693084
