4977950 0.9046525103797981
4978253 0.9753603424117283
4978557 0.6511075334570781
4978854 0.596674975850143
4979167 0.8929273975790966
4979479 0.9736126347189038
4979786 0.8265643206382663
4980089 0.7590085322949558
4980394 1.0031793216755989
4980706 0.9588579418570209
4981019 0.7227445030182871
4981334 0.9779358747071865
4981663 1.0121935395939448
4981986 0.6885859647905849
4982098 0.39013999960998735
4982601 0.5354196452742022
4983512 0.7591070640783826
4983811 0.7001171097134007
4984105 0.8679853233154469
4984390 0.6678326114215292
4984675 0.6450241782636056
4984959 0.9375843697321025
4985239 0.6473644957028823
4985515 0.5086106148785762
4985793 0.5626659891628967
4986086 0.8583242603729361
4986380 1.0895556859825049
4986676 1.0449001396133795
4986966 1.0278815835492694
4987251 0.6655816136720479
4987537 0.7478887401371637
4987830 1.0496083175115054
4988129 1.1117018844483697
4988432 0.9163524317707877
4988721 0.6019765469097496
4989016 0.5770939761022911
4990208 0.7651947822613553
4990503 0.6805059467360868
4990795 0.8674015207126571
4991082 0.8098865252211626
4991361 0.5337661006108094
4991641 0.7206422366483085
4991922 1.0008431249100926
4992198 0.8250717227487294
4992474 0.6741265284754816
4992754 0.963946012294262
4993040 1.0831434221834815
4993323 0.8420259860729622
4993597 0.6724335429650968
4993882 0.4698074117690699
4994727 1.0403034372636455
4995009 0.7691990873152059
4995290 0.7411116075513728
4995569 0.9294524254898576
4995846 0.6105798223599574
4996120 0.6522447245546963
4996398 1.0070343495879357
4996676 0.9271682890670083
4996952 0.698860381224125
4997225 0.8123664222247902
4997504 1.068520665254993
4997786 1.131607592381536
4998066 0.7523031611725837
4998342 0.53873343096189
4998627 0.8394735367859901
4998918 1.080955518592075
4999209 0.9714622772174937
4999780 0.35599191237215333
5000355 0.8789947905735372
5000641 0.9418360827872917
5000928 0.9635449735982933
5001213 0.7373902343919618
5001494 0.738197091996496
5001775 0.7039595164395394
5002048 0.5704959705518025
5002316 2.1408918689563023
5002591 1.1612594408342551
5002862 1.2515509740232291
5003130 0.9361905941491979
5003400 0.9263215350031476
5003673 1.619851808059465
5003947 1.0899727582500656
5004217 0.7030121216579039
5004492 1.086799094857599
5004768 1.323800748195919
5005044 1.1644398075548756
5005318 0.8089149644193303
5005592 1.3972959754930652
5005867 1.3838978341472399
5006139 1.013899397503513
5006410 0.9219532042617453
5006683 1.4196625518722459
5006961 1.500895110737949
5007239 1.107213805049512
5007525 1.3205437682970433
