3419923 -0.14944232244058853
3420258 -0.11324034262245447
3420600 -0.11338401509191737
3420953 -0.12756069964747974
3421300 -0.1311110417466721
3421647 -0.11265168169637307
3421991 -0.12144335978114795
3422337 -0.1205474474845139
3422687 -0.10893491936875882
3423046 -0.12469305454946683
3423391 -0.13105393720384495
3423737 -0.10392244881814428
3424083 -0.15851667653911533
3424428 -0.11544504862034771
3424773 -0.11954199620929395
3425130 -0.1406476471520356
3425476 -0.11782982267802194
3425824 -0.15098836759902634
3426172 -0.14618604449352846
3426520 -0.13240981908604132
3426881 -0.1111003423748857
3427250 -0.11913268731347548
3427612 -0.1146888487160479
3427967 -0.1383867010843844
3428317 -0.16301892478080882
3428666 -0.10930882422884758
3429018 -0.13334948248434964
3429380 -0.10599015079361201
3429735 -0.09850637325880068
3430085 -0.11901668242894825
3430434 -0.15304716602775809
3430780 -0.13321348253138954
3431122 -0.12781043138159265
3431458 -0.14205534976421258
3431796 -0.11681161134584223
3432132 -0.14751158139555048
3432465 -0.15234014874977797
3432798 -0.13936596453155797
3433131 -0.12717630549380715
3433467 -0.13772780105804988
3433820 -0.10887368021861404
3434165 -0.1281501673735302
3434514 -0.143321620143328
3434862 -0.15641493322774447
3435208 -0.12181724270065325
3435558 -0.13041506381254214
3435916 -0.11399793942118369
3436261 -0.14168648032316838
3436606 -0.1321570008088364
3436948 -0.14346363622256025
3437288 -0.12511050454360317
3437630 -0.11285621564494774
3437976 -0.12612808355724808
3438320 -0.11813691214688554
3438661 -0.14224748189071335
3438998 -0.14945874730104236
3439334 -0.1412464413520904
3439676 -0.11835343462292436
3440032 -0.12055949539608862
3440388 -0.10983684047461773
3440735 -0.14069524221772833
3441085 -0.1473902772403552
3441433 -0.12907128652191857
3441784 -0.12848851602167483
3442149 -0.12084819540767422
3442514 -0.1060020905499422
3442863 -0.14197445639098233
3443212 -0.1473619423058795
3443556 -0.12589509859657133
3443895 -0.13526603100654305
3444233 -0.13215900460201435
3444570 -0.11422092787819316
3444905 -0.11723750608639488
3445235 -0.12899744284046372
3445563 -0.1427515991368702
3445892 -0.10814287269942152
3446220 -0.11709316489671956
3446544 -0.13453486552551008
3446866 -0.134832454399958
3447186 -0.13791381358726384
3447506 -0.12679397128662956
3447825 -0.11048687747546115
3448142 -0.1533708511614612
3448458 -0.15653087761100387
3448773 -0.12858815884031016
3449089 -0.14320076218397876
3449404 -0.12218513712911566
