5007167 1.3547396550160093
5007523 1.4085926516911307
5007873 1.3244569176223666
5008221 1.1319238452960119
5008568 1.3290449567216491
5008921 1.5329233093353878
5009276 1.184318929143222
5009630 1.2327168521226988
5009985 1.3241958436104295
5010349 1.5619395139012626
5010714 1.16985626701958
5011081 1.3656213413993896
5011452 1.297178290880579
5011824 1.2138743051437442
5012194 1.2516554620680813
5012560 1.2045199963293722
5012924 1.2452289090453812
5013286 1.439490872488384
5013640 1.2203779755143072
5013988 1.1432142078124725
5014329 1.005997106598256
5014670 1.090467742889168
5015014 1.2633308494007116
5015349 1.360266726267207
5015679 1.280119129891169
5016007 1.1636472698871354
5016332 1.101841938286929
5016656 1.3257600542618575
5016988 1.3836135935122997
5017331 1.2633125933549787
5017674 1.0250230953928086
5018024 1.2151071899783903
5018376 1.0113388465378863
5018733 1.1033137038025878
5019091 1.0296636620750226
5019456 0.9274790092270713
5019818 0.9029281171834969
5020175 1.0675928549088365
5020531 1.037633883560244
5020896 1.213484399744291
5021258 1.0514530840675687
5021620 0.9646033193371861
5021981 0.8732416731513029
5022348 1.1918141281953636
5022713 1.260113791681095
5023068 1.2797237200126783
5023423 1.3778332152357275
5023777 1.5423787642920892
5024126 1.2282699317240893
5024469 1.4676530619373152
5024816 1.5419597844472426
5025154 1.1412938453713222
5025489 1.1750325510159847
5025816 0.9363288688821682
5026139 0.8652330724391576
5026475 0.8357060669390399
5026819 1.0474147814391888
5027163 1.3206776120780424
5027506 1.5408026654047828
5027855 1.5265426147882475
5028207 1.276603483360619
5028563 1.2214489536108275
5028923 1.3402245522315095
5029287 1.463163634191678
5029657 1.504762259912782
5030030 1.295756594045809
5030409 1.4027408874269696
5030792 1.2887819959142728
5031177 1.1379981926090543
5031566 1.4304938515508558
5031956 1.324169486294478
5032348 1.421655019120768
5032745 1.2044260559552165
5033143 1.3234276841138026
5033529 1.2678723445134243
5033904 1.3787469255898603
5034264 0.9439452926027965
5034616 1.0741382877048293
5034965 1.4066829259656202
5035313 1.4761496059540684
5035668 1.4847407139372035
5036021 1.430416255595608
5036375 1.212461845973836
5036727 1.213523102349214
