1771806 0.8030308918918354
1772240 0.9895141639646614
1772750 1.1378810280467047
1773272 1.023723228106479
1773795 0.7766114979243848
1774296 1.036329226315441
1774762 1.161546738356638
1775209 0.9303579355960334
1775653 0.7647300702288025
1776095 0.9490551415575504
1776539 1.1500188989650404
1776978 1.0723534131042138
1777406 0.7807497997189645
1777813 0.7961209064139132
1778210 1.3106508446176321
1778596 1.116706250086208
1778974 1.0527236239360123
1779349 1.1531253108727053
1779720 1.1713823627704427
1780091 1.000999241140304
1780456 0.8009374557664478
1780822 0.8688821933776547
1781190 1.0583032692846817
1781554 1.067392370402293
1781916 0.8657885100758149
1782279 0.9657318305608258
1782648 1.1152243945583535
1783020 1.1493009335956859
1783397 1.0232471291142722
1783782 0.9564903620184844
1784175 1.0964727740580593
1784594 1.2277226519991062
1785019 1.1299313185818791
1785437 0.982104006248477
1785859 0.9122278919542335
1786283 1.1379456298487023
1786751 1.2678302284891598
1787186 1.0822293110107115
1787621 0.939774505711654
1788055 0.9125255554309275
1788501 1.1604196480101456
1788981 1.273630173168055
1789430 1.1004028492081057
1789868 0.8922904545295435
1790294 0.9139841550377011
1790744 1.1559379111490147
1791183 1.258211517519881
1791644 1.0036409398667294
1792067 0.8882416126439394
1792502 1.0046263298971203
1793033 1.1974542565750435
1793564 1.073665901610672
1794068 0.8624924397728368
1794548 0.9693327476117344
1795044 1.169489113838576
1795524 1.134625851800254
1795978 0.9236569340897572
1796414 0.8493754507012188
1796845 1.088061314956819
1797292 1.2218327713734332
1797750 1.0602822140921269
1798211 0.865388645354624
1798668 0.9886214230470391
1799166 1.1557651624146783
1799671 1.216998749769034
1800173 0.907762327931164
1800643 0.8263265501103638
1801119 1.0961377978811706
