4917194 -0.09143794937888189
4917608 -0.10925257782126602
4918037 -0.11688898938199255
4918480 -0.06792697591693225
4918918 -0.0724223251729782
4919330 -0.10757503267909924
4919742 -0.11434671919874684
4920153 -0.0737013127048457
4920581 -0.10795379869192595
4921003 -0.07749603103014158
4921403 -0.1002525184687687
4921813 -0.09996529407308191
4922211 -0.11687938827991862
4922630 -0.0965854351505957
4923042 -0.10493566976596885
4923471 -0.09856198700335495
4923875 -0.10562448665581364
4924288 -0.08191540278582432
4924703 -0.12495494725789336
4925130 -0.1112413156697491
4925559 -0.10229089057273649
4925968 -0.09086251507081167
4926379 -0.1000541113448356
4926788 -0.09015846057723492
4927204 -0.10239160221145605
4927610 -0.08794487958032815
4928005 -0.09627414353821212
4928396 -0.10539825784960566
4928780 -0.12598826207449654
4929177 -0.12528373839721302
4929594 -0.10767428532238471
4930001 -0.10877857267045926
4930429 -0.11694693241498999
4930846 -0.10478884316896742
4931296 -0.11273572730559323
4931760 -0.09709669539849003
4932217 -0.10149647797817518
4932660 -0.0850440736151361
4933180 -0.07630112264196948
4933533 -0.09698055114357451
4933980 -0.06684591200026624
4934392 -0.10145109854083828
4934794 -0.10598438621028933
4935189 -0.09603939374056836
4935580 -0.10256350513426965
4935974 -0.0552805816450182
4936368 -0.07680857384927586
4936768 -0.09281984424313483
4937174 -0.10635416069033238
4937624 -0.10792471062304004
4938085 -0.10227871816133227
4938535 -0.1031812566646082
4938982 -0.10670452040998601
4939430 -0.10783244626741645
4939885 -0.09198081608419684
4940331 -0.07634540281145724
4940777 -0.11877867869190623
4941193 -0.061367595846025025
4941628 -0.10321207241532115
4942054 -0.09513287529430403
4942470 -0.1110690519090129
4942884 -0.10253042820374075
4943283 -0.08852764489421466
4943684 -0.10967929676584343
4944094 -0.09452107821453992
4944506 -0.09108446258245406
4944906 -0.11589109860383784
4945309 -0.09527651104562596
4945708 -0.10759000091633136
4946117 -0.1155287743202657
4946528 -0.09174438673566537
4946923 -0.10630681660656088
