4108842 -0.15223101357614977
4109246 -0.15566382404915563
4109618 -0.15269390133880334
4110039 -0.14158712009385443
4110400 -0.1550115720654076
4110815 -0.14414585554328108
4111171 -0.14880158870266408
4111588 -0.14908021864825946
4111945 -0.15219473210046247
4112375 -0.129750253358343
4112747 -0.15516987983814534
4113156 -0.1431561981209062
4113512 -0.13276880590432738
4113924 -0.1267720389610594
4114271 -0.1469420420050652
4114690 -0.1329487649663907
4115045 -0.15733005129367816
4115450 -0.145525016068199
4115801 -0.14578853453023882
4116175 -0.14279417098473313
4116546 -0.14708763626639948
4116948 -0.14343758701956433
4117300 -0.159703381350013
4117678 -0.14224917400761888
4118048 -0.16787449811719085
4118420 -0.16231601663920114
4118826 -0.14005338270079054
4119180 -0.16315246467814204
4119559 -0.16887565937759053
4119928 -0.15103923154799098
4120298 -0.1430870586004086
4120673 -0.14880641780987175
4121050 -0.16125211287016655
4121427 -0.16520636606487804
4121799 -0.1514026850044599
4122171 -0.1534346726706417
4122541 -0.16211951146395503
4122909 -0.1568441157938419
4123266 -0.15740295074478206
4123632 -0.15043746929895707
4123988 -0.15476648786939
4124354 -0.17610199633246476
4124721 -0.15328395594431293
4125084 -0.17441325023391596
4125446 -0.15669792579790193
4125810 -0.13755769833831777
4126174 -0.17337503223358797
4126541 -0.1379586786470362
4126900 -0.1635227151224089
4127264 -0.15877339541296148
4127615 -0.1731717614597224
4127976 -0.16546869323883312
4128337 -0.1483663153656083
4128697 -0.1629179071159963
4129048 -0.15784854899775624
4129400 -0.15044183789028853
4129749 -0.16460629612598165
4130094 -0.156248442124866
4130450 -0.1719996250274764
4130804 -0.15847289675235499
4131146 -0.1715809077043423
4131491 -0.16861254788213464
4131834 -0.1442513758422131
4132180 -0.15094619127832398
4132533 -0.1732081622985162
4132892 -0.14882439721839752
4133249 -0.15761331956431934
4133605 -0.16232950826699077
4133964 -0.14393995957297356
4134353 -0.1344441862327483
4134711 -0.15140074297597544
4135110 -0.15675779533905593
4135460 -0.1559817141388941
4135837 -0.14313451636109975
4136203 -0.14166116844183008
4136571 -0.14959144171076916
4136941 -0.1496489401029671
4137309 -0.14351263387215685
4137666 -0.16621563939399153
4138023 -0.1355858429857032
4138379 -0.1536126881657946
4138739 -0.14381597509382388
