1202679 -0.15984264488647892
1203237 -0.1335617516484252
1203801 -0.158251088480801
1204365 -0.16045208381410658
1204926 -0.12652790496590816
1205473 -0.16859597789343767
1205998 -0.14760746263314345
1206532 -0.13882538822628337
1207068 -0.1664510643791896
1207584 -0.15807550866699477
1208115 -0.1497563652329365
1208647 -0.15804100891463996
1209169 -0.1404338395029378
1209697 -0.15042600900430086
1210239 -0.15987796709087537
1210759 -0.166690495584582
1211242 -0.13836799997725796
1211689 -0.16001935216121255
1212114 -0.15726004432606872
1212525 -0.15300088944435686
1212934 -0.14059043378505953
1213324 -0.18011127795882514
1213693 -0.178314056884825
1214053 -0.22205784595721395
1214425 -0.18437658746324703
1214789 -0.16270904906962047
1215150 -0.1291867509793726
1215506 -0.18143694293982213
1215853 -0.2229631535014414
1216199 -0.2059152776564251
1216548 -0.23370257756756638
1216894 -0.23691477350477883
1217241 -0.22376767552569965
1217588 -0.23299781794039326
1217938 -0.21998484369783694
1218294 -0.2109157870733253
1218651 -0.206090508365367
1219015 -0.2254084526454534
1219381 -0.23091804289082007
1219747 -0.2196201008006795
1220116 -0.20285874221401912
1220488 -0.20849792384343885
1220897 -0.2028030931457631
1221313 -0.18005051989800952
1221744 -0.2125534366315896
1222190 -0.20660465125210042
1222692 -0.189030214336175
1223205 -0.1936063948920712
1223726 -0.21756509633625148
1224238 -0.21932462865682928
1224729 -0.2153744379901512
1225223 -0.20178807205446125
1225723 -0.20460065462305854
1226212 -0.23909768798504855
1226666 -0.21485390020251782
1227121 -0.20761287548365043
1227596 -0.16448353978499608
1228121 -0.19558333593045074
1228640 -0.20208186261153338
1229138 -0.1947194242504986
1229647 -0.20210737597273926
1230168 -0.20958809719896676
1230691 -0.22971856084753123
1231208 -0.1704377222575048
1231747 -0.21515806449504177
