2221195 1.0889578745604032
2221525 1.217619763172212
2221857 1.3582413856775843
2222190 1.1017176667713353
2222517 1.177878849158995
2222843 1.160233924366117
2223175 1.080846747408538
2223499 1.0223744826204602
2223819 1.122990294947621
2224145 1.2411008511856108
2224466 1.14006583267472
2224792 1.4131564845818378
2225106 1.269208016536273
2225414 1.4904657435016664
2225712 1.0379990420081011
2226010 1.3653830668854305
2226304 1.0959648372553268
2226593 0.9470158857833262
2226881 0.922539891165731
2227182 1.2011276242468465
2227489 1.126163269906433
2227798 0.9433642082039884
2228114 1.17953969645483
2228453 1.315618627749209
2228801 1.2813501949650536
2229153 1.1532432568511732
2229518 1.468523572978006
2229884 1.3035132780673797
2230243 1.2936172326614788
2230605 1.5112551971565773
2230956 1.2552914940652187
2231298 1.015685934840921
2231633 1.3082120897715284
2231970 1.21032225860366
2232302 1.5509271141506389
2232625 1.373320241057375
2232939 1.25953299153086
2233247 1.30267836189462
2233557 1.5283932635275508
2233873 1.5447596217909492
2234196 1.714713164444731
2234513 1.4854215689787202
2234831 1.294896375119877
2235147 1.3475858506086709
2235468 1.4666039553737011
2235785 1.2476558856628124
2236111 1.3448266722003348
2236444 1.2686361744014802
2236767 1.1294567308096088
2237095 1.3072334956570912
2237423 1.5994712358925902
2237759 1.6078258143463522
2238087 1.338380090705306
2238416 1.4208292364079942
2238748 1.711735799058485
2239084 1.560391542268645
2239416 1.320459251322518
2239743 1.4743335531149815
2240072 1.7170523739954642
2240399 1.540168441534313
2240719 1.2245772019549206
2241034 1.509007318858382
2241351 1.553367907727646
2241667 1.4512563887766676
2241981 1.2809931820599734
2242291 1.350153388529427
2242606 1.4843845714413797
2242924 1.4792444720352442
2243244 1.2174361731866603
2243557 1.2642073420746156
2243870 1.5026748898486075
2244183 1.3261770967249784
2244492 1.1110873956588159
2244798 1.4131114085490246
2245104 1.600584062100235
2245421 1.6023962316280855
2245735 1.3206385397552278
2246052 1.4552572651279805
2246377 1.6568616679701695
2246708 1.5364811780946068
2247037 1.3693073762304004
2247367 1.5033681462829864
2247706 1.6503579645323956
2248031 1.320262070385677
2248366 1.5697185524295239
2248702 1.486864492473079
2249040 1.4027974640761345
2249372 1.4172842488107449
2249713 1.6060519371697404
2250053 1.3552202330031478
2250396 1.1836384565339577
2250728 0.9621883962254034
