1771870 -0.09260666158441933
1772275 -0.11690040738469815
1772667 -0.12963541941824802
1773055 -0.10721263904940459
1773435 -0.08692835269525817
1773810 -0.13019849772770725
1774175 -0.11036018177526713
1774541 -0.11532532732821105
1774918 -0.09368781514775731
1775309 -0.14149696088019886
1775701 -0.1300432801720719
1776095 -0.11584184814931076
1776502 -0.12230345198468145
1776911 -0.13150905055246298
1777302 -0.12716777407790003
1777693 -0.088381198461492
1778083 -0.0956318560451569
1778463 -0.11737080476150513
1778836 -0.13422702222701904
1779208 -0.14471714038131833
1779589 -0.10432508870090329
1779979 -0.12890822593223655
1780367 -0.12885792851603817
1780755 -0.1026373132736429
1781148 -0.10305040221704387
1781546 -0.10261357090472656
1781930 -0.11637088575817461
1782310 -0.08908577212373275
1782695 -0.0997437700040712
1783067 -0.1784838006942262
1783432 -0.11253617940585531
1783795 -0.08154442762175118
1784146 -0.12156195508511158
1784498 -0.10478776736026557
1784864 -0.0980335350519802
1785228 -0.13771293954409924
1785597 -0.10908153197392545
1785979 -0.11539237981177375
1786367 -0.09829579366242563
1786753 -0.1161378712186244
1787130 -0.1064086193111598
1787514 -0.10629958171599879
1787905 -0.13320487978524442
1788302 -0.11032415966389181
1788695 -0.1302099655169041
1789086 -0.09216975684883477
1789486 -0.07532911566506828
1789887 -0.08069417257498213
1790291 -0.09117796034188258
1790683 -0.15715527421176773
1791068 -0.041838664725082686
1791454 -0.06134480785897001
1791839 -0.1270643007783524
1792218 -0.12471866291288247
1792596 -0.11366082723183168
1792985 -0.11353084013641546
1793378 -0.09643562636280556
1793780 -0.12505835214632377
1794179 -0.10874524713044686
1794576 -0.11134803210790312
1794978 -0.08444560207055496
1795380 -0.0900793787565739
1795770 -0.11627351665013641
1796158 -0.08246795293487702
1796548 -0.06789260274512399
1796938 -0.10990556853442218
1797321 -0.13021607723598788
1797699 -0.1152660465229125
1798080 -0.06856635397836874
1798462 -0.09751182949376613
1798844 -0.11438348212232713
1799221 -0.11886702669601834
1799584 -0.19356942011267037
1799932 -0.20687146573386722
1800309 -0.23647639969813783
1800680 -0.15110453474989016
1801054 -0.1339142050242349
1801439 -0.12874180799354273
