3269515 -0.09535829026921859
3269791 -0.17866310112828415
3270109 -0.17765985717951804
3270423 -0.1201616497784529
3270750 -0.0933949246517467
3271090 -0.10613578705593996
3271382 -0.07971511063913031
3271709 -0.11933388512005749
3272065 -0.09914273522910222
3272400 -0.17376174016875962
3272739 -0.15108972777638574
3273079 -0.19820692170193968
3273461 -0.11372610076252274
3273768 -0.10916814138773781
3274117 -0.1423911046861694
3274474 -0.14964816790793245
3274849 -0.07216758557372516
3275227 -0.08476697136363054
3275681 -0.10065789990784668
3275969 -0.10098814253307056
3276317 -0.18280696367072083
3276661 -0.07960517130626163
3277002 -0.1696031982246136
3277331 -0.17404417703914613
3277673 -0.14251560951832104
3278019 -0.17522350722316027
3278374 -0.15560709984642077
3278728 -0.1228882860661405
3279088 -0.12458176189435194
3279446 -0.1435599491877137
3279792 -0.3157525912259725
3280135 -0.20712562108835153
3280488 -0.27765469474401494
3280849 -0.10462107556775191
3281216 -0.06938255429192247
3281568 -0.18030708469005535
3281913 -0.09035239195227102
3282301 -0.0626922818889743
3282591 -0.13159238666719647
3282922 -0.14788803989688604
3283244 -0.29215326093233673
3283337 -0.46894365238199476
3283593 -0.3689425921078008
3284073 -0.4649572032597069
3284185 -0.24684477312100472
3284559 -0.357992099243565
3284813 -0.2038330978213806
3285148 -0.328358238820751
3285519 -0.1052774430820036
3285882 -0.45701428038099834
3286183 -0.19740396658399761
3286491 -0.15946100955420628
3286873 -0.34671001891430564
3287138 -0.6885744379693934
3287545 -0.21018989021083
3287838 -0.19291093721915065
3288101 -0.3932594391963278
3288163 -0.1755855286578889
3288496 -0.16656882660849692
3288834 -0.24936854312306045
3289170 -0.24847438051961213
3289506 -0.13215999396649686
3289932 -0.5298693855648512
3290204 -0.21516173339817596
3290543 -0.20963131091571108
3290894 -0.2101268643381689
3291286 -0.2826289429324603
3291555 -0.12434208035214828
3292019 -0.3090244709001393
3292242 -0.273331951558135
3292609 -0.15076777023099353
3293060 -0.24158251111540702
3293274 -0.2529851042183706
3293631 -0.32412854281033526
3293954 -0.18057401324497385
3294266 -0.12602994896821046
3294442 -0.1990215146755029
3294592 -0.07957793741316943
3294925 -0.2589474476813065
3295271 -0.14564072763987745
3295616 -0.07115267340210418
3295901 -0.11342904245112229
3296230 -0.2224887980255083
3296554 -0.12099334341958187
3296881 -0.12822930407879235
3297209 -0.09838976324526447
3297533 -0.1774493579844437
3297853 -0.14785892514665977
3298237 -0.17831131396377242
3298492 -0.070577095568221
3298812 -0.0642873843428127
3299137 -0.144151751654936
