1560895 0.20684490011923262
1561253 0.22191892310709585
1561619 0.2711114731082706
1561982 0.2595265329977011
1562334 0.1806993856797897
1562698 0.23428544445516541
1563054 0.3264361188788262
1563407 0.45263809042212316
1563768 0.5366226063112847
1564123 0.43304900732401497
1564471 0.4101841640577717
1564817 0.5060879652128604
1565145 0.4188183592788578
1565472 0.41525032284546204
1565798 0.42161172986000567
1566157 0.3907491557996634
1566500 0.357046157325175
1566847 0.43268184882328536
1567207 0.5349635244678375
1567324 0.6395878833481887
1574187 0.5621177810274935
1574488 0.3753507024813043
1574795 0.37281698512555295
1575133 0.46606220820807054
1575484 0.5116505640902098
1576505 0.3940410131892065
1577467 0.9261341740754849
1577782 0.4694581337813477
1578103 0.5061286303254483
1578444 0.584634420960404
1578796 0.38453623271938153
1579144 0.37173959541019286
1580229 0.5341370806931132
1580576 0.42793462949834216
1580800 0.35399126963203753
1581269 0.33090454734683306
1581606 0.3112723615564881
1581946 0.47787617907535385
1582296 0.4933260203033324
1582638 0.23116757431033574
1582980 0.18358500268662814
1583329 0.36125762631872216
1583683 0.2859273395101045
1584031 0.41783695861361125
1584397 0.3614560709157555
1584770 0.5462753723474492
1585139 0.397377167075472
1585504 0.4278334380814959
1585894 0.5188947345818415
1586262 0.43784506358873077
1586622 0.38218164873592064
1586993 0.45605645409355433
1587358 0.3705126788122275
1587715 0.17963973763133634
1588074 0.46226250315368267
1588433 0.3088974777048834
1588781 0.3414749777930024
1589129 0.44009146480651373
1589392 0.4590402333346766
1589834 0.4668888675343503
1590536 0.40925619063843355
