333433 -0.3165034871299681
333737 -0.2280917308686189
334009 -0.14593076585466347
334299 -0.22460060460987535
334583 -0.1818461757026137
334867 -0.21456793535301955
335152 -0.156616075812273
335438 -0.21507175550471436
335723 -0.22179191802662612
336009 -0.22920964288050516
336298 -0.2550599231196298
336591 -0.23980069860378883
336886 -0.2644473487006591
337187 -0.20761177776034467
337492 -0.17525410603370983
337808 -0.20600012425362557
338127 -0.22874067884154992
338459 -0.23759063532238478
338798 -0.24971931625698118
339150 -0.24887660939622613
339504 -0.2505008659907133
339863 -0.2405260810457609
340222 -0.2775542772924259
340588 -0.22659154739786624
340941 -0.20870687187642278
341299 -0.2118164129209158
341676 -0.22117162963901482
342052 -0.23980399036485345
342447 -0.2485997960023173
342847 -0.2588265256297483
343226 -0.20840860406911554
343591 -0.2129423117748377
343964 -0.22200566057198567
344358 -0.22538020465576747
344758 -0.2283885814901429
345180 -0.23098123320556208
345614 -0.24003274417805542
346050 -0.2455768488940417
346466 -0.2592055766220163
346881 -0.20592938866211247
347313 -0.21575960921235343
347757 -0.23606300110038475
348216 -0.2719532344303088
348649 -0.2484476307610453
349101 -0.21953627722955416
349558 -0.22524327701606983
350000 -0.2684433967116877
350433 -0.2870703433740112
350843 -0.24547430762117922
351257 -0.20831052798574895
351706 -0.20777224888064577
352136 -0.22719522784321383
352587 -0.2540959188814452
353014 -0.28739232425050953
353452 -0.21905644276230074
353905 -0.2185307238804013
354405 -0.22958956560761662
354894 -0.20786296636767787
355373 -0.21760757454123963
355865 -0.25014533612528134
356310 -0.27878280785651893
356747 -0.22028497819508608
357240 -0.21963016238882144
357728 -0.23226736720047503
358164 -0.2344048739160456
358612 -0.1971201887269013
359131 -0.20836161077977944
359622 -0.2286228351890483
360080 -0.2840906501207403
360515 -0.2286554912544334
360942 -0.18732385578738298
361414 -0.20881962910720797
361906 -0.23028244549859955
362360 -0.28967332571904286
362783 -0.25867433224623465
