3716356 -0.27202486796194214
3716690 -0.2589759140054312
3717020 -0.2627629190047013
3717350 -0.24072218259793066
3717686 -0.37157414030038194
3718026 -0.2498597565076982
3718370 -0.30408397979020396
3718713 -0.24077770931819809
3719053 -0.2764671627807603
3719394 -0.30225659968132385
3719738 -0.27599420840008104
3720096 -0.3473376052611153
3720447 -0.2104958808789985
3720797 -0.2638196007697875
3721151 -0.20727390994324657
3721290 -0.17460519466066748
3721506 -0.2183635895591114
3721868 -0.22756413718803226
3722219 -0.3163126862830068
3722568 -0.32092774956179276
3722912 -0.3661278252273845
3723096 -0.1536534574851262
3723259 -0.3726437768182357
3723621 -0.38089133339753334
3723981 -0.24982392566769782
3724325 -0.352767474618806
3724669 -0.2787842309190053
3725015 -0.34027330211270934
3725363 -0.3704822105138196
3725710 -0.27477603571128373
3726060 -0.29124112426749443
3726410 -0.28796326727210114
3726758 -0.328425399709195
3727106 -0.43784507549227314
3727445 -0.3899868575350731
3727782 -0.44930968239231783
3728126 -0.2611787805946584
3728468 -0.3652100598321901
3728807 -0.31913020480469734
3729149 -0.2898857413790774
3729494 -0.2315944013694633
3729847 -0.29330906699023995
3730242 -0.30281154061300364
3730556 -0.2372836453280529
3730908 -0.26183959644597055
3731080 -0.03749410876422499
3731254 -0.32704793102183716
3731540 -0.02493556934238661
3731601 -0.19945942449067777
3731947 -0.21996177142929363
3732326 -0.2826547655382917
3732643 -0.15887079350024014
3732988 -0.2672505205727263
3733329 -0.23153353795556975
3733665 -0.10504580646451955
3734008 -0.15375816968475065
3734353 -0.16670909507506249
3734705 -0.18481230134168847
3735048 -0.2133164844355454
3735437 -0.10635532218147137
3735745 -0.12450858148122979
3736172 -0.1835352135930579
3736430 -0.29080642076830243
3737096 -0.23910167887597156
3737428 -0.19001717378895122
3737756 -0.2505901321807965
3738082 -0.22593306529710583
3738411 -0.23524987137555775
3738741 -0.27509506203215767
3739074 -0.1365477027876919
3739400 -0.21527454426888787
3739733 -0.25328813492477387
3739901 -0.06367060767922644
3740067 -0.14924064302475792
3740401 -0.29068031420031215
3740737 -0.28190465770561746
3741073 -0.2626569141179347
3741417 -0.3365958196430284
3741762 -0.2793934943227183
3742098 -0.28843505363490474
3742428 -0.33510243647887894
3742764 -0.24756574979669244
3743095 -0.32682263959528723
3743420 -0.3245367068253012
3743750 -0.30797191345036645
3744080 -0.303419342829364
3744412 -0.3782955427826804
3744746 -0.46146876562431616
3745071 -0.30218485582587074
3745395 -0.3317118746170127
3745717 -0.3973565483350724
3746041 -0.27766571474771984
