4823493 0.4818650137936561
4823921 0.4302211648883688
4824359 0.49031183688038477
4824801 0.485327502267629
4825247 0.47941943912893104
4825681 0.465659890934797
4826105 0.411655633008788
4826538 0.4931507498450898
4826975 0.4918689288987651
4827409 0.4690433949253317
4827825 0.40496652105247166
4828255 0.4998950072455947
4828689 0.5088745455391983
4829106 0.42486590881910236
4829515 0.5076334416471764
4829923 0.4792495371385485
4830317 0.4483294839193289
4830723 0.4982599397461437
4831117 0.4951204659204965
4831502 0.44143708457500364
4831891 0.48754240675119553
4832294 0.47318146830324226
4832681 0.4037999600910712
4833087 0.5041469959284498
4833500 0.5083696093324321
4833902 0.4088988487442678
4834321 0.5093413527005901
4834743 0.5135873119365747
4835158 0.4188756697895449
4835576 0.5011864539684542
4836000 0.5318291951158989
4836421 0.4578415317173829
4836847 0.4864261065940382
4837245 0.42293126064469166
4837666 0.517513454830333
4838091 0.5237868640109881
4838512 0.4326823618448526
4838932 0.47683100249470556
4839365 0.5176974658301352
4839806 0.49650102794341466
4840244 0.44923419970151696
4840667 0.47082498320952654
4841109 0.5068527334473458
4841553 0.48203771322541616
4841982 0.42402069730176095
4842417 0.5177797617450176
4842849 0.5051079609728739
4843272 0.41753514295818317
4843710 0.5371384656095884
4844141 0.4813014004975958
4844564 0.3941987086696196
4844992 0.4845595560373589
4845425 0.4921521568963264
4845849 0.4167899324632558
4846272 0.45181212004163684
4846704 0.5174103300565307
4847131 0.4887105094379888
4847550 0.4252241328193597
4847981 0.4964927275745872
4848421 0.49606609047945743
4848844 0.4241157774037256
4849271 0.4975986830175218
4849695 0.4913753557554883
4850114 0.4425450671262463
4850528 0.4564681859672268
4850952 0.5018218856804959
4851383 0.4984828956862942
4851807 0.44723265648863486
4852231 0.47625154949921844
4852662 0.500929247190423
4853096 0.4937802399318658
