2159795 -0.16095653899389645
2160240 -0.1706532775449925
2160697 -0.18161633825253154
2161168 -0.2457446513896664
2161593 -0.22232882857155833
2162034 -0.15367405557082797
2162491 -0.16734540835568718
2162938 -0.17808545316802338
2163390 -0.2204000850148244
2163820 -0.20212073585508694
2164238 -0.15835912751619685
2164688 -0.15734433191986374
2165173 -0.1566644320282949
2165656 -0.19901383221721936
2166108 -0.21375581124336807
2166545 -0.1643454266432572
2167035 -0.15626556111464346
2167508 -0.1693692684727392
2167977 -0.2317636850660586
2168444 -0.22340865464430748
2168880 -0.1657839939918972
2169348 -0.16616025528278222
2169833 -0.21572667849849014
2170283 -0.2254361340822415
2170717 -0.15061197521934855
2171179 -0.16966967451287573
2171651 -0.16526985593126603
2172116 -0.2134661090012563
2172555 -0.23567072024625169
2172983 -0.16431510582837594
2173430 -0.16230984783292068
2173895 -0.18632574302053828
2174381 -0.2194063730584257
2174824 -0.22415894177510132
2175252 -0.153479972976645
2175708 -0.16566212075924697
2176164 -0.1904007472813799
2176638 -0.18539226797979036
2177088 -0.24512650148081527
2177523 -0.2407992826637088
2177945 -0.15658742560949818
2178398 -0.1591364872115078
2178846 -0.17937437552982521
2179304 -0.21001679251001204
2179742 -0.24348158680499804
2180166 -0.17282134250899267
2180603 -0.1536557170423063
2181097 -0.16317155579655523
2181539 -0.18840360023251385
2181976 -0.24808237150939533
2182393 -0.2354263543225925
2182810 -0.16324494763244124
2183230 -0.15959107333545958
2183664 -0.1774655637592284
2184122 -0.17629913201832892
2184575 -0.24049954233446136
2185005 -0.21463356331216588
2185427 -0.14395149473312308
2185875 -0.16229325999852195
2186316 -0.16557469812428371
2186748 -0.2291538948861641
2187161 -0.22041969105970477
2187571 -0.14830641832098174
2188025 -0.16152601785745335
2188478 -0.1766756204404955
2188936 -0.21151945974445402
2189366 -0.22358163842719947
