2967859 0.42251027823127707
2968258 0.44317795641245494
2968654 0.3685420152834069
2969043 0.4151955080802282
2969435 0.40523824691985666
2969556 0.36721622124170206
2969823 0.3906417785868416
2970203 0.40212639719194343
2970593 0.46263103435881003
2970979 0.4532484854578379
2971358 0.3839948665366115
2971736 0.3608064537509411
2972120 0.32763073122067654
2972498 0.3372459074079555
2972867 0.3049220273134302
2973231 0.3901136939553103
2973587 0.4023379866220941
2973952 0.34640292307361
2974320 0.38180323092997437
2974688 0.29766079954464497
2975068 0.3592856558426995
2975444 0.28976252993449303
2975819 0.2624626005460321
2976208 0.25526752330725827
2976453 0.00862553431294022
2976598 0.3322067855106291
2976991 0.3146327393615992
2977375 0.3722951494626465
2977768 0.4098359749062041
2978158 0.4399402451018438
2978543 0.3582669869429689
2978928 0.35401942960657184
2979320 0.2949331851682213
2979718 0.4526561487255319
2980105 0.3840362116808838
2980498 0.4313022467489043
2980890 0.4904299301696394
2981282 0.4295174860146071
2981665 0.43215994596189156
2982059 0.5303267358885834
2982445 0.46312774168614557
2982825 0.3690273312810903
2983217 0.43572433827568613
2983606 0.4620490820355486
2983996 0.4261646692226225
2984381 0.33667993884101655
2984774 0.44405439949085657
2985165 0.47624640162843007
2985542 0.36455022787468866
2985930 0.3816931531275818
2986182 0.20297503087132573
2986314 0.3399239089321142
2986706 0.4419675282121878
2987091 0.4061259316872667
2987477 0.3704337986955928
2987640 0.19435336732716407
2987870 0.3945101428680624
2988262 0.505666179700387
2988654 0.37308770898395865
2989039 0.3362216535316992
2989438 0.3831975425307706
2989830 0.4244796772932355
2989951 0.2561383866632262
2990221 0.2949164370427164
2990607 0.4472464012961192
2991001 0.4699198248516076
2991392 0.46299279485224953
2991776 0.3812771719317998
2992165 0.44087160073197207
2992551 0.42513203674017525
2992944 0.31505313789096606
2993328 0.3581042320746241
2993467 0.3312414071242933
2993718 0.3484700991462637
2994108 0.42243930634134713
2994498 0.44435479827986424
2994878 0.3525873425898447
2995265 0.42445939811417926
2995644 0.42369773972256
2996019 0.3583922552297179
2996392 0.4303243291273784
2996769 0.4399220313099387
2997146 0.3979826116812843
2997518 0.37128107777342934
