1949905 -0.2454192290927253
1950327 -0.24529033949931078
1950757 -0.2963896512260612
1951165 -0.33949200145250724
1951583 -0.25376242033678753
1952008 -0.23968079538062415
1952436 -0.274777879729878
1952843 -0.33615180221383745
1953254 -0.26506705482826853
1953677 -0.24089642624156782
1954097 -0.2698556882759433
1954505 -0.34689777123571597
1954908 -0.2807223602856864
1955328 -0.23662402054537512
1955754 -0.2478969015895156
1956169 -0.33124044020744636
1956574 -0.30828531802990755
1956996 -0.23872231369741803
1957416 -0.26365017156621606
1957815 -0.3328333703835702
1958217 -0.2753110850039795
1958630 -0.23831170431682813
1959039 -0.27210055446155335
1959437 -0.3419360755167651
1959838 -0.2840109947723809
1960252 -0.2391585729752883
1960666 -0.2897577717920926
1961064 -0.3104436614547877
1961475 -0.2508709381657087
1961893 -0.2494703534869972
1962301 -0.3282090819596264
1962704 -0.2960392781009546
1963120 -0.23408103712531791
1963541 -0.24718663706276878
1963955 -0.33272611447207445
1964360 -0.2761202435837614
1964778 -0.2376488419822551
1965193 -0.2409572913201935
1965620 -0.2975752883266134
1966028 -0.31691923767990593
1966447 -0.23325928652775774
1966865 -0.18398989699859508
1967266 -0.22952415696385065
1967670 -0.18946518744220436
1968065 -0.28344952308674565
1968458 -0.1788037187252941
1968866 -0.17876620986796843
1969272 -0.23307700211995386
1969663 -0.27698572599835175
1970076 -0.16147791529251626
1970493 -0.15410262763385918
1970887 -0.30310203431112104
1971296 -0.2689782707448181
1971693 -0.15979754748897418
1972102 -0.18644958889080065
1972508 -0.1945524771170845
1972919 -0.25606008456433593
1973320 -0.2138608104601361
1973730 -0.20372617521651493
1974128 -0.3302753780634793
1974542 -0.2853733329722988
1974955 -0.29490228046866146
1975365 -0.2979599921017546
1975782 -0.2695959180385589
1976199 -0.33822739734326274
1976615 -0.32404521420539883
1977020 -0.3814248768008274
1977418 -0.12985279965206453
1977826 -0.16835092987048117
1978236 -0.16765286434452442
1978647 -0.17154046875742146
1979063 -0.16638912517335802
1979468 -0.2059661564528127
