3266771 -0.27396296621358196
3267192 -0.3025630296059561
3267636 -0.2596630800894202
3268080 -0.2664919079020575
3268516 -0.30518911298564
3268938 -0.29436315571175653
3269388 -0.24620913484939944
3269833 -0.25385374724001086
3270267 -0.2838268327036323
3270697 -0.28263122855907347
3271152 -0.24782041707921926
3271609 -0.25713595456622856
3272037 -0.31933106686557383
3272483 -0.2515594138732553
3272934 -0.25936329129496166
3273385 -0.27706861120055337
3273812 -0.30401586967402094
3274254 -0.2509718821471097
3274710 -0.2335034962755681
3275160 -0.29144165970891295
3275588 -0.29843582551964914
3276044 -0.2503834529635154
3276502 -0.2426489936330507
3276940 -0.3050181635685824
3277371 -0.2788870655705899
3277822 -0.26442785725059115
3278273 -0.24426839079479518
3278700 -0.3280592897824492
3279133 -0.2586988643470602
3279582 -0.2544910608540512
3280017 -0.3009240670944276
3280444 -0.28188563755605495
3280891 -0.2441406641529713
3281339 -0.2696042428028108
3281760 -0.30389258937830327
3282184 -0.2921334628212614
3282625 -0.2708601360447563
3283047 -0.30354047246384364
3283464 -0.2880326221996383
3283900 -0.24512346656439893
3284340 -0.2654428386354436
3284764 -0.2935083165198328
3285204 -0.24629892608240989
3285649 -0.2498426903138699
3286081 -0.2977812693971842
3286505 -0.27154531143579597
3286954 -0.24160178587975512
3287400 -0.2308531727595568
3287825 -0.2942137749606835
3288246 -0.27783836325791367
3288689 -0.2566653069672845
3289128 -0.24508694264414355
3289549 -0.31816413235173435
3289966 -0.27587618511455725
3290409 -0.2388979460693586
3290856 -0.24533927983943704
3291275 -0.31263363673285927
3291690 -0.27905897383654094
3292130 -0.24901406655716085
3292565 -0.2514003784602763
3292977 -0.3087346846909223
3293389 -0.2749948451182945
3293815 -0.2647418205151183
3294245 -0.26188311936256964
3294661 -0.30414818138934446
3295068 -0.28963782278650774
3295497 -0.25662873268666536
3295924 -0.25279715031984384
3296348 -0.29643610301744544
