1680794 0.46474405537941194
1681190 0.47131019352777487
1681589 0.6038827882924432
1681995 0.5430653017263153
1682397 0.43777594902760875
1682794 0.4207399529270385
1683205 0.5861577972709772
1683618 0.496616560717218
1684015 0.30621413406990083
1684427 0.5187269832639351
1684843 0.5260720150123922
1685255 0.4572732812679865
1685648 0.4253675894013029
1686479 0.3661346143889317
1686888 0.5759669951929062
1687275 0.4100480186310447
1687661 0.640403345136991
1688047 0.4796835239746273
1688424 0.4103281244059057
1688816 0.5158703631076514
1689214 0.6159485607863145
1689578 0.4925043922001751
1689980 0.5080708655994591
1690374 0.6993799693620831
1690774 0.5360155710046692
1691161 0.4757707167549501
1691279 0.1725322922801668
1691537 0.5151528545366236
1691921 0.6076194610095457
1692309 0.5606442274672
1692699 0.43176041158468426
1693061 0.32839495199594965
1693450 0.5778381628449566
1693690 0.01471335590377032
1693826 0.498350003568422
1693963 0.25460471293827147
1694219 0.6140818936038062
1694616 0.5758951446765748
1695016 0.4577783556556952
1695315 0.22411814645125638
1695411 0.5872861375726607
1695817 0.42127446274970054
1696205 0.4641721071575124
1696335 0.09562975745381885
1696589 0.4200257096118949
1696996 0.4586391080419778
1697398 0.5598623029149512
1697805 0.40979375410245183
1698212 0.5655970046616048
1698627 0.48018871327782
1699038 0.29220350334317413
1699449 0.42828969953298246
1700082 0.06730186696425466
1700235 0.40648810190948015
1700628 0.4035105331098775
1701021 0.5225032074628084
1701420 0.5085223286180023
1701827 0.49615761350064963
1702235 0.4741992771218916
1702632 0.36732785595931755
1703030 0.5611655263602998
1703142 0.10437583602764905
1703451 0.46877475752184106
1703846 0.36328266541228627
1704253 0.4950210332673258
1704657 0.40548718995021565
1705058 0.4216442564700734
1705446 0.531033072293751
1705856 0.5555955290701745
1706263 0.6556730426145193
1707417 0.6022086177306039
1708141 0.44435089640771264
1708489 0.5087687593737503
1708841 0.6825988753355372
1709184 0.6040496293454422
1709544 0.5445223032928177
