872097 -0.38606323139406284
872542 -0.36080591278724017
873026 -0.33369029230294406
873476 -0.36679935645938266
873957 -0.33695411837454653
874440 -0.35259676401975193
874896 -0.3714687116263038
875360 -0.3379390931834494
875837 -0.3434969274298149
876313 -0.35046263636982705
876765 -0.3471856222676234
877241 -0.3425177822452185
877714 -0.3607983237379915
878165 -0.3457241297379241
878655 -0.32193366376321547
879145 -0.3257904093018684
879602 -0.3814383021058808
880084 -0.2956773427226417
880535 -0.3473626084259388
881022 -0.3937348760706734
881503 -0.3605380695505757
881963 -0.35677739818267346
882441 -0.3465977232503109
882900 -0.371654111435296
883360 -0.33020418424169445
883848 -0.33104100456857355
884323 -0.36336798859913855
884780 -0.35156486813626187
885261 -0.33885168226212936
885746 -0.33569055503925416
886208 -0.3732669486233455
886674 -0.3249751909488999
887169 -0.32865804649636743
887662 -0.342254194065998
888119 -0.3822458910006085
888590 -0.3265033071800836
889077 -0.3401805236243987
889561 -0.35366482102810687
890016 -0.36530201608879215
890499 -0.31882000692091245
890986 -0.3351093973053082
891469 -0.3571927590824704
891929 -0.34430768717566773
892416 -0.31871903189384126
892896 -0.3355408861107634
893359 -0.365207401822613
893814 -0.33467085650234674
894292 -0.32389924800468606
894772 -0.34628656307803257
895223 -0.3615640615147408
895695 -0.32215399108306325
896175 -0.3233466359407649
896625 -0.314841356296619
897080 -0.3032097722856659
897548 -0.3056942003725817
897997 -0.3404193558134988
898441 -0.31980034400937307
898917 -0.3057588657855019
899394 -0.31091639388801656
899837 -0.36275815906946
900286 -0.30294356199032396
900757 -0.30910665705066726
901218 -0.3307249678581877
901658 -0.32354179375097925
