3386683 0.4597649233853319
3387095 0.47103667295537555
3387502 0.4109131621369243
3387905 0.38482007372705257
3388316 0.43745213353029955
3388726 0.44801115515383005
3389128 0.38742361197318254
3389534 0.4103308838577619
3389942 0.44507353974879166
3390344 0.39100828088688555
3390741 0.35740556790399536
3391127 0.3289680415897976
3391538 0.39599969501428317
3391946 0.4045486137351195
3392352 0.39848008887730674
3392756 0.3682784840163178
3393165 0.45759975640419454
3393564 0.32336644466429654
3393960 0.3911765253323851
3394349 0.38707405125311534
3394757 0.4667565131788113
3395159 0.48505507693485617
3395559 0.43210043754261906
3395955 0.4241873908096182
3396358 0.428232326527366
3396758 0.3884876638742967
3397171 0.4416399679638743
3397567 0.4153821723564701
3397974 0.4522648465168895
3398383 0.45455935655702495
3398788 0.41999279232986375
3399191 0.4537451761923957
3399589 0.4243142414617981
3400004 0.4383717572001762
3400414 0.44937377351964286
3400819 0.4046471021278216
3401235 0.4753363262498207
3401628 0.4490624525432644
3402040 0.44388325853382354
3402449 0.45381006952783576
3402859 0.4598453669216441
3403267 0.4311551150747114
3403673 0.4571701012943507
3404071 0.42696667744045025
3404475 0.5049654753776132
3404861 0.45300242532292206
3405257 0.41952476548535844
3405653 0.38281086613147974
3406050 0.4086372034945993
3406452 0.48877364584934224
3406849 0.5507457461477481
3407244 0.5289531056893501
3407637 0.48505012448444196
3408028 0.4381540635207743
3408428 0.44464618837229525
3408820 0.4778291554713552
3409199 0.34546084264853966
3409588 0.3666924719411007
3409978 0.3456579315240266
3410370 0.40264647830871336
3410767 0.4053402760001511
3411154 0.3739639996727361
3411551 0.39681186215078584
3411948 0.44713974962902825
3412345 0.3763441206410594
3412735 0.39097758100172275
3413131 0.4665109489556591
3413522 0.35256100021430925
3413915 0.3327043818286179
3414312 0.41551422616855793
3414705 0.3370784683899541
3415659 0.07736599325064575
3415879 0.4834182292908582
3416257 0.35001057099843746
