2399016 0.31808686379850243
2399452 0.3882205193144675
2399901 0.3879899648956321
2400361 0.3897301271674824
2400816 0.3535577867179316
2401249 0.3217291369212602
2401673 0.3678765924491447
2402132 0.4017253125802853
2402611 0.4088620574931475
2403075 0.34561114547489813
2403521 0.31868817449476
2403956 0.37609688836730854
2404454 0.40649290653946657
2404942 0.40640936060982175
2405409 0.3461529410793647
2405858 0.29838719137737446
2406311 0.39825460539029633
2406781 0.4069268545349852
2407252 0.3860016453030051
2407705 0.3271855009304656
2408145 0.3593620503986737
2408593 0.38483860951321375
2409068 0.38206555595566005
2409520 0.330027240235901
2409963 0.35145674160948254
2410436 0.4091880081262886
2410922 0.3994544567237554
2411391 0.33860696332514273
2411842 0.3091898201647303
2412293 0.3866337524985789
2412771 0.4200789169393893
2413245 0.4006602551506225
2413704 0.3396505860645757
2414145 0.3101780663623177
2414583 0.38300417737112147
2414993 0.40082390171942783
2415562 0.40135433384487385
2416026 0.33344348201496044
2416473 0.3249380258119564
2416923 0.39160534943005026
2417383 0.40731837007812666
2417843 0.38057948896548366
2418285 0.3216734722286295
2418714 0.30839594650798885
2419140 0.3900085772133368
2419600 0.39699024200744837
2420078 0.4007896247154278
2420550 0.3416002887150861
2420998 0.2945530664099549
2421444 0.38292332161541937
2421910 0.39733650035441925
2422375 0.4017206760865665
2422834 0.3357802164082534
2423279 0.3105576895767793
2423721 0.38670532335937624
2424194 0.3984697980588864
2424669 0.3961130122084461
2425144 0.3456912618957473
2425590 0.3692988554436443
2426040 0.3861366120137292
2426509 0.4024456727452533
2426987 0.347704656293239
2427442 0.31287651181471154
2427888 0.38480739665754954
2428366 0.4009333315804237
2428843 0.38990807531469335
