4673703 -0.3473158057839122
4674086 -0.2978813858999768
4674470 -0.30733425932261865
4674861 -0.3297571085022109
4675255 -0.2964592619850622
4675652 -0.32211950293892794
4676036 -0.33888473148259557
4676436 -0.3141248515549747
4676832 -0.34333607355205215
4677228 -0.34758044573048785
4677619 -0.3443202234944902
4678017 -0.3334563913802716
4678412 -0.35252426420395344
4678801 -0.3037784023156894
4679197 -0.31580103437150264
4679589 -0.33853497102715524
4679977 -0.33460990914860644
4680365 -0.330027611251709
4680761 -0.2530174869465046
4681152 -0.3220089598591545
4681539 -0.3362868864700694
4681931 -0.2811252982338453
4682320 -0.25953594614535475
4682710 -0.3116087197582688
4682918 -0.08152731495754695
4683091 -0.31939033305683256
4683483 -0.269382400159492
4683872 -0.21685946120851063
4684260 -0.2393938085034648
4684641 -0.29393483824285793
4685037 -0.3306616638570704
4685423 -0.30498959427129174
4685813 -0.33071229775849365
4686201 -0.35648084514435957
4686587 -0.33556460258298537
4686963 -0.3273101229767827
4687354 -0.33302203044509815
4687742 -0.3493323746380528
4688128 -0.3274703436192486
4688515 -0.3373874178390858
4688904 -0.32294277188004566
4689289 -0.2252702920529311
4689671 -0.19518036343595976
4690071 -0.16836302803853054
4690477 -0.17471392794866503
4690884 -0.5476628586741121
4691030 -0.10276949849032335
4691278 -0.3044890345868865
4691684 -0.3957546832066526
4692071 -0.3779464003248462
4692460 -0.34943276299286863
4692847 -0.4175659475852622
4693221 -0.30608702549056943
4693581 -0.31257772208565104
4693959 -0.2850215645122045
4694332 -0.30526678243551475
4694701 -0.3322635719928976
4695070 -0.32504602118886583
4695439 -0.40552501517339723
4695811 -0.3349015587349343
4696180 -0.3780750211818162
4696542 -0.3241366073089976
4696907 -0.38222253911430076
4697263 -0.28271606803897953
4697626 -0.3191540713155375
4697989 -0.27612560995841146
4698348 -0.25437212288820626
4698718 -0.2611965402221576
4699094 -0.2710831366769708
4699466 -0.2770794408236909
4699842 -0.2853455032365276
4700242 -0.2842465162896581
4700648 -0.28643933295131946
4701061 -0.3026242054280188
4701466 -0.2743375817667261
4701884 -0.2726139466263395
4702301 -0.2604635501982215
4702720 -0.2772670614587762
4703122 -0.2915605563389416
4703531 -0.2719846214146931
