2010259 0.418608787560432
2010760 0.3955868230100386
2011231 0.3289013167506173
2011674 0.3014728857896144
2012135 0.4039861278140958
2012578 0.3947858293996189
2013014 0.38284593108261517
2013443 0.3226551882474495
2013870 0.3481919619810495
2014337 0.40590739281135085
2014824 0.4092579251303727
2015309 0.3518071480448135
2015763 0.30585831349009507
2016205 0.37617804497220214
2016698 0.40249336855376
2017199 0.4075344607862553
2017705 0.3697381951479232
2018171 0.3191034477142738
2018617 0.3619305828452163
2019097 0.4071844325042208
2019594 0.4004605496906548
2020089 0.375751186405884
2020549 0.32824117695270927
2020993 0.34637544209914733
2021470 0.40905350536198143
2021940 0.4027498659081046
2022422 0.40241951651305335
2022880 0.3406519353071073
2023319 0.3295261234002465
2023770 0.3954516452223959
2024218 0.4040561162166801
2024696 0.3938624498668945
2025153 0.3375363745454562
2025592 0.3122074720900415
2026035 0.3863954469817487
2026497 0.40698218149339704
2026979 0.40323842497791934
2027437 0.3469337324890517
2027877 0.31039866152895845
2028335 0.39437435040077934
2028831 0.40616956374930185
2029326 0.3762810190705156
2029789 0.3207053807314504
2030231 0.35293065476774405
2030708 0.4074322440057994
2031198 0.41331432209174895
2031685 0.35588229545238664
2032143 0.31906316805393176
2032590 0.3802695609747494
2033073 0.4011137739702261
2033573 0.38087960001179777
2034024 0.3306757879695189
2034466 0.3428028450808468
2034968 0.39683639224445094
2035454 0.4046603457585904
2035950 0.38595267276810424
2036413 0.3283018251469707
2036856 0.311490243149091
2037336 0.40086453721253945
2037830 0.4069255032307922
2038325 0.3755714500910816
2038787 0.3320559813932693
2039254 0.3918272132852233
