3117778 -0.34395789346219946
3118194 -0.2675576065190217
3118604 -0.2171289113703847
3119041 -0.22153115356160136
3119488 -0.3151236271120029
3119910 -0.3128789295631276
3120321 -0.22698996900247653
3120746 -0.21709761649201287
3121190 -0.2266313538979161
3121651 -0.293860491975668
3122094 -0.3414067926630457
3122513 -0.2337358312721301
3122937 -0.21429999994338006
3123368 -0.22042060822192394
3123812 -0.24243385446561028
3124237 -0.35620961824691905
3124649 -0.2984224263121156
3125056 -0.2201365606655294
3125475 -0.2143510612241163
3125922 -0.23866576348673635
3126374 -0.3265362496371739
3126803 -0.31832834262019105
3127212 -0.2097439802972137
3127627 -0.2190307349418985
3128044 -0.23176775120113952
3128466 -0.3238034049707624
3128876 -0.34528533177595405
3129273 -0.23528648466888885
3129658 -0.21490801745018323
3130091 -0.2196884343171442
3130542 -0.3024295415597567
3130971 -0.32674879511787264
3131382 -0.2257524247153227
3131828 -0.22736932137669408
3132237 -0.22850598510988918
3132662 -0.26451711547670076
3133071 -0.36054662453547504
3133472 -0.3113377251541176
3133871 -0.20615132632768673
3134277 -0.20765370212772427
3134729 -0.2750163261788766
3135156 -0.30675464206116804
3135571 -0.23967828391880386
3135979 -0.204744872166512
3136406 -0.20354827367150202
3136856 -0.22918241280217005
3137293 -0.33230465466950326
3137706 -0.3030794992708245
3138113 -0.2105223591365265
3138527 -0.21535937296090285
3138962 -0.22216345744461918
3139400 -0.32228104679357156
3139821 -0.3285241604805027
3140221 -0.22276593385490845
3140623 -0.2199596434044247
3141054 -0.22905649746848616
3141495 -0.3048132767193618
3141922 -0.33594969285592285
3142325 -0.22612871608307217
3142735 -0.211914759371979
3143160 -0.2287512817514869
3143595 -0.2734869112212261
3144031 -0.3287600708396696
3144437 -0.2383491373187876
3144842 -0.21975029905334187
3145258 -0.22753449711874063
3145676 -0.2655470700665412
3146091 -0.32232940520875997
3146500 -0.3073363559264063
3146900 -0.21096334009582707
3147330 -0.21793272661397523
