5930990 -0.2418030919968115
5931434 -0.30187140830936904
5931867 -0.274675604756783
5932323 -0.22839867589991258
5932782 -0.24682477355349747
5933216 -0.30379034249209114
5933653 -0.27403166196250367
5934113 -0.23873945821550163
5934574 -0.2648242425497873
5935014 -0.3118312044128124
5935452 -0.25693049788597544
5935916 -0.2287718427507559
5936378 -0.2523975702211165
5936818 -0.29864780319890116
5937255 -0.270033291857835
5937711 -0.23009935430719974
5938169 -0.24231496885895387
5938611 -0.3001084113000266
5939040 -0.27466020800062657
5939497 -0.23609562890610658
5939955 -0.251980285271732
5940393 -0.2981752693094705
5940830 -0.2588057492686964
5941294 -0.2417608166853492
5941756 -0.25295129640151415
5942190 -0.2962521527834365
5942633 -0.23251867597065146
5943089 -0.23910855731937142
5943539 -0.2876968199885338
5943971 -0.2918051282906946
5944423 -0.22383203059369383
5944879 -0.24527192423782385
5945317 -0.3071467111383625
5945747 -0.265615985493518
5946197 -0.23315009087530741
5946655 -0.25034014122444526
5947093 -0.30624120247669256
5947519 -0.2684127092463115
5947966 -0.22987874652649104
5948423 -0.2526306290508085
5948855 -0.3136974453643959
5949282 -0.24994425296247164
5949729 -0.2368926159810374
5950182 -0.2622862475189942
5950611 -0.2876389979981073
5951056 -0.232285823842644
5951513 -0.24026623388439133
5951957 -0.28491854334457667
5952393 -0.268550039230858
5952856 -0.25000593502950347
5953319 -0.26035251356225714
5953755 -0.2871365320216395
5954190 -0.24770925668877103
5954648 -0.23871036148073255
5955111 -0.25142197667756505
5955554 -0.31414179349228727
5956000 -0.2512072546306714
5956463 -0.24702841814998344
5956927 -0.2763932103198055
5957366 -0.29538978361307816
5957815 -0.22788776263640514
5958279 -0.2386751619576723
5958737 -0.2826562578394668
5959171 -0.2936779694820877
5959618 -0.2418052946410465
5960087 -0.23930769953562558
5960541 -0.2859978903323525
