603468 0.3046898130784954
603658 -0.1098788212992946
603798 0.23273550912937307
604193 -0.0501697957219667
604580 0.2509915121432577
604950 0.13486871693124014
605310 -0.0004180872782243439
605658 -0.013733182387432763
605999 -0.042385498323502524
606329 0.02671338945438917
606654 0.020200654519548444
606971 0.0012315597961497504
607283 0.10344651617415024
607592 0.002466068984383396
607895 -0.004013565856445633
608188 -0.064561662574877
608497 -0.0238618355485109
608793 -0.03212562444631445
609085 -0.022491447213153937
609386 0.013540131200047822
609693 0.030116769796625864
610012 0.0061547502822038025
610346 0.07731905942510409
610696 0.0773895991604367
611041 0.07551841541400617
611386 0.04437863060096264
611737 0.10799862222249618
612090 0.04587801397923025
612441 0.05737066351820308
612783 0.12138300838721094
613123 0.026866180040236
613468 0.022449556394897485
613811 0.025797929476139014
614152 -0.000980871543644679
614481 -0.012918201482425617
614812 -0.11568957542779379
615134 0.020878041620170262
615455 -0.04294913994927557
615778 0.01194167764327786
616100 0.04321430129821108
616433 0.08224747600712518
616759 0.041606030731174526
617084 -0.01986486724690395
617411 0.057263848764738945
617729 -0.00757805179266452
618044 0.003965851215227856
618361 0.06367470526575897
618680 0.18832239650601684
618999 -0.015511764139452877
619320 -0.012504937726839471
619657 0.04047854632752668
620005 0.06629158751403996
620350 0.006124453975797195
620684 0.021204234091439123
621012 0.03795797589988925
621345 -0.029649166245158343
621685 0.0810676221756027
622018 0.017622565466879903
622216 0.05257489034920171
622368 0.12732010763812357
622698 0.017173084400626704
623021 0.045719314352942575
623159 0.18209551045537942
623340 0.07501638940515065
623658 0.007747223681190074
623980 0.008043147328584244
624309 0.0825873614813945
624658 0.08103563932183205
625010 0.08147571744675253
625380 0.11467885988172177
625758 0.04918532340636972
626498 0.0664567684800896
626870 0.10779796584131873
627234 0.022205765413589706
627586 0.16173609954347146
627928 0.05861665371857677
628265 -0.020745785113429227
628597 0.04645009818551671
628928 -0.17833197741322993
629275 0.03370590558809239
629636 0.10561899627108129
629973 0.09182984035684519
630329 0.1501314154013068
630679 0.13784674837718286
631031 0.044919561729702684
631378 0.022959793779597337
631729 0.09767637584030364
632094 0.12549722263909302
632475 0.08533302741819337
632849 0.07479858006836715
633223 0.1114604236216486
