3300158 -0.34339027383954696
3300554 -0.3857541001946775
3300954 -0.29659755017831935
3301347 -0.39244635750153917
3301740 -0.35720592929868117
3302129 -0.40921903972588
3302517 -0.4008980463707469
3302913 -0.4094411204925647
3303318 -0.419661714209506
3303697 -0.3548547707347725
3304085 -0.4181544366911488
3304482 -0.4110394886660596
3304881 -0.41531956034566697
3305278 -0.39857849673847634
3305661 -0.4447045693235551
3306045 -0.43056283354292596
3306427 -0.4135571850576543
3306798 -0.40206018628561596
3307171 -0.4523148434032306
3307586 -0.6018257916563741
3307915 -0.427475816099001
3308282 -0.4237341071267063
3308656 -0.39794613582448746
3309035 -0.4239016212292234
3309400 -0.45559135280097535
3309769 -0.3875841262340079
3310127 -0.36373163608895465
3310484 -0.458495671245278
3310841 -0.476303350425618
3311199 -0.4605025816156755
3311571 -0.3745630865637086
3311928 -0.398669380569226
3312296 -0.4108046021146313
3312664 -0.46559074193330174
3313041 -0.4869002741513058
3313421 -0.42971005868284995
3313793 -0.3662473077881019
3314169 -0.4435826882796518
3314548 -0.44936694054868087
3314929 -0.40440990284679634
3315294 -0.3725978113098854
3315667 -0.44465866499846135
3316036 -0.45712310045573157
3316408 -0.4573478542457314
3316769 -0.3938825510619225
3317132 -0.4137170907290835
3317500 -0.439758285102917
3317874 -0.4288828687163328
3318247 -0.4348089852804259
3318616 -0.5174703764555211
3318987 -0.4238332812935744
3319369 -0.3880398591052182
3319731 -0.4037624234984532
3320091 -0.6669716231050994
3320454 -0.42059484766774996
3320807 -0.48232705233842926
3321161 -0.42918455087452734
3321517 -0.49759886857960867
3321869 -0.3879189366920339
3322219 -0.419555282846452
3322572 -0.5156165943286953
3322925 -0.4257631666156583
3323272 -0.39977956449566926
3323613 -0.4141280672008195
3323955 -0.4199998838287269
3324305 -0.41481801081998837
3324665 -0.40140043734011477
3325017 -0.3763857056225317
3325380 -0.421364363545622
3325749 -0.42394994165496913
3326127 -0.4140820377092541
3326501 -0.4039090660279788
3326868 -0.3469495307952579
3327236 -0.4200842182088057
3327610 -0.40058797164646476
3327982 -0.4111047785999522
3328352 -0.4389183750378574
3328720 -0.457962663553518
3329070 -0.44305706410795964
3329425 -0.4494367416005327
3329783 -0.45271740616715905
