3150424 -0.36102458038722174
3150844 -0.37300559804857225
3151283 -0.3755774395996683
3151707 -0.3480837772476172
3152117 -0.33107513922890675
3152526 -0.3612672472793954
3152927 -0.3766273076976644
3153329 -0.3709232387025029
3153718 -0.34627085987882644
3154098 -0.3385418396432105
3154481 -0.3675430724606389
3154868 -0.37838688318738917
3155253 -0.3754473375234211
3155636 -0.3507496753761257
3156013 -0.34330145071871243
3156389 -0.3713910410734028
3156767 -0.37791562687440705
3157144 -0.38203266014580284
3157522 -0.3512146313916844
3157900 -0.3256266799629718
3158282 -0.3592729122287246
3158674 -0.37977073563193076
3159072 -0.37558808112157405
3159465 -0.3424997396715991
3159854 -0.32377512251440743
3160241 -0.3672495757235015
3160631 -0.37353816033580883
3161022 -0.3719591493321729
3161405 -0.34654004194151977
3161782 -0.3387316982630406
3162158 -0.35747060949376763
3162545 -0.37345493348683395
3162935 -0.3788621429323651
3163325 -0.35865458205065276
3163714 -0.3240905277055599
3164106 -0.36395381835804985
3164515 -0.3657103981702001
3164929 -0.37152674426332916
3165342 -0.3500635619098459
3165741 -0.3415365828843962
3166136 -0.35235498150978617
3166537 -0.37399460831049053
3166946 -0.3798659778195953
3167351 -0.35238531604145623
3167747 -0.33628403748539454
3168138 -0.3641532798431856
3168531 -0.37107507315503285
3168934 -0.37033293004400214
3169329 -0.35900951710624807
3169718 -0.33534121130704886
3170107 -0.36226041658318653
3170507 -0.3815208325581776
3170915 -0.3815494354908683
3171316 -0.3587270008557992
3171707 -0.33569749285992134
3172090 -0.35732689744844837
3172490 -0.3694819480376166
3172900 -0.37302513289784844
3173304 -0.35342391278833385
3173698 -0.3455765654929863
3174087 -0.3616599333344025
3174483 -0.3708163534550717
3174880 -0.37180121279247
3175277 -0.3692346824917918
3175658 -0.35015408552774085
3176033 -0.3546908118177995
3176409 -0.3675999941576097
3176784 -0.37229161910640274
3177161 -0.35970686689428677
3177532 -0.34565669930501797
3177904 -0.344448206596985
3178291 -0.36673290460406466
3178689 -0.37268144392384844
3179092 -0.37382382074430587
3179488 -0.35006169279480615
3179881 -0.34373414810416514
