4259128 0.0884639376539254
4259565 0.10122885950776678
4259974 0.09700706652528501
4260384 0.07713946081814349
4260795 0.08302750791892277
4261215 0.09274756090984482
4261623 0.09226136959348236
4262051 0.09244407707768265
4262482 0.08817856337306645
4262922 0.10133117450480128
4263335 0.0967910354066811
4263752 0.0821585395782446
4264169 0.07963994996446822
4264583 0.09713434488078115
4264975 0.08201772758833337
4265376 0.08481743973458317
4265794 0.08421401137063572
4266222 0.09627757928889624
4266643 0.09898977278948984
4267074 0.09116324729649611
4267509 0.093839622697729
4267929 0.10710770723712393
4268334 0.09084077007719937
4268735 0.08848021044426241
4269139 0.08180649035639226
4269544 0.09140758712187014
4269938 0.0909856285289517
4270336 0.08820272122019951
4270746 0.09375146872268436
4271157 0.10409784945761202
4271556 0.0829040464745594
4271964 0.07977785899439249
4272388 0.09422700290815872
4272795 0.09287649098149742
4273203 0.0964156220263302
4273617 0.08248625391955572
4274033 0.09953506948482266
4274428 0.09065395234914192
4274827 0.08441659163376009
4275230 0.0783167017815029
4275639 0.08911371906252236
4276034 0.09564727647077342
4276430 0.08192557208195322
4276829 0.07886197394966132
4277236 0.09324636881946413
4277631 0.08821675969682241
4278032 0.0847530051667506
4278438 0.08285008391536974
4278853 0.09960883813457538
4279248 0.08432049512812256
4279645 0.08313774046225064
4280037 0.07161915078838527
4280420 0.07515732248773893
4280782 0.1092606826261383
4281131 0.0937162517729827
4281484 0.045880960232994206
4281847 0.05318102233111777
4282277 0.08592773726941316
4282737 0.07588460128440111
4283200 0.08750612899355464
4283639 0.10150498213199477
4284073 0.08672102215503652
4284504 0.09257079393912193
4284933 0.08638299636500069
4285343 0.09741050264314388
4285746 0.09560955385548014
4286146 0.08413638047643895
4286561 0.07685350860028711
4286988 0.09441413440363405
4287402 0.10356913738739332
4287821 0.09000223148203351
4288245 0.082367331672213
4288663 0.09831137587777028
