1532118 -0.5074350844956256
1532518 -0.4178817879047878
1532933 -0.4806750937588646
1533355 -0.4926162707637962
1533794 -0.49016058390615086
1534231 -0.5082409169271133
1534640 -0.4245821361235228
1535041 -0.472435873266152
1535441 -0.4800959195795207
1535841 -0.5017494553462439
1536326 -0.25955679228924006
1536564 -0.4187857894443491
1536707 -0.3546639161816304
1538126 -0.42403602073829466
1538913 -0.45955257823622625
1539287 -0.21113895812246292
1539379 -0.3453605244827177
1539484 -0.3837395112479346
1539676 -0.3278606938875648
1540000 -0.4311081868898571
1540715 -0.5022751077632169
1541072 -0.7656667372317103
1541416 -0.4449750305611313
1541762 -0.6666498848397049
1542110 -0.6045403524676747
1542468 -0.35480138474734435
1542828 -0.329565154456689
1543181 -0.38188675470935984
1543545 -0.9204366150864578
1543916 -0.49465121127839695
1544303 -0.47848319839326614
1544693 -0.4595867799928752
1545065 -0.3851393421153734
1545445 -0.4149031673711826
1546232 -0.6727243201470278
1546632 -0.48477346369694296
1547033 -0.31542049408025696
1547517 -0.2147187654576721
1547825 -0.34237484651046324
1548398 -0.2615629621495312
1548595 -1.5231090830560083
1548982 -0.11821246652705959
1549960 -0.40956673193470183
1551615 -0.5143834023695428
1551968 -0.3770784202398261
1552665 -0.6093606690392495
1553739 -0.287754879412792
1553979 -0.3141676113029691
1554134 0.19766577334274682
1554220 -0.4310366225348453
1554593 -0.440518334028664
1555128 -0.5908526880891309
1555464 -0.7246328005085916
1555722 -0.12864163721228086
1555956 -0.46047827165369076
1556543 -0.07113101959151702
1556785 -0.4504872206616357
1557434 -0.14431335906837428
1557540 -0.5308943756021869
1557815 -0.08138944013623983
1557890 -0.7422535160935857
1558518 -0.16433087127819535
1558913 -0.27045531316509275
1559440 -0.552406092987195
1559760 -0.8768692530138832
1559949 -0.3572916005767169
1560303 -0.5192472144290288
1560655 -0.5299631296866831
1560998 -0.4008575266974159
1561401 -0.2963587873689749
1561832 -0.6341931533480197
