5068017 -0.5083076812412306
5068419 -0.547045186112691
5068920 -0.12405661730280293
5069308 -0.07239532055768602
5069397 -0.3048680973528217
5069587 -0.4528800763984273
5069954 -1.1392827653624251
5070326 -1.2947228535958422
5071093 -0.3530835956659995
5071467 -0.4794201737423558
5071838 -0.4886068558089065
5072209 -0.5221662878564162
5072584 -0.49159172114739
5072954 -0.47173537163934764
5073311 -0.5230783248567996
5073667 -0.5061826216719183
5074024 -0.5851774295560063
5074381 -0.5774538862445036
5074731 -0.5221637799700338
5075076 -0.5715603144414589
5075435 -0.6457817241873115
5075814 -0.5528010003491072
5076208 -0.5185837753581077
5076598 -0.5835496723147161
5076998 -0.5770662405035816
5077411 -0.6137601163880224
5077826 -0.5327843436011318
5078221 -0.5538934768703891
5078603 -0.5636299718065164
5078981 -0.5937334204581128
5079360 -0.5640378201047521
5079732 -0.49212153685148485
5080092 -0.5039468854822072
5080582 -0.3433397654899411
5080857 -1.6920710323556092
5081710 -0.14282220329743567
5082002 -0.23271211906642975
5082212 0.0
5082595 -1.11501864993321
5082822 -0.2028901471317096
5082895 -1.1362086637588211
5083490 -0.7052558461157451
5083633 -0.30987931570952865
5083858 -0.4720994736893028
5084132 -1.215099911813932
5084207 -0.09915855336651369
5084537 -0.264720903552249
5084861 -0.34906809071299943
5085186 -0.42388983066555863
5085521 -0.40381496729483496
5085877 -0.4208315844626616
5086257 -0.3931452537020784
5086653 -0.5104460868809835
5087153 -0.4845233513175299
5087550 -0.7774376536301337
5087689 -0.5904802532067606
5088190 -0.43929848717564257
5088262 -0.9004531656125104
5088476 -0.03998134022334554
5088583 -4.371545647091937
5089351 -0.4949130596863016
5089726 -0.37526661902045766
5090097 -0.3875597782915227
5090474 -0.4787883761303074
5090862 -0.45726375776892647
5091261 -0.422771902750606
5091665 -0.4348660080262924
5092042 -0.6422033925072037
5092431 -0.3988070493882237
5092828 -0.4207780888056725
5093241 -0.39068983056407486
5093640 -0.4097184238221915
5094040 -0.40769197968984905
5094448 -0.4136569090777924
5094867 -0.44670172653787027
5095285 -0.38514899315718193
5095682 -0.4534019001907143
5096099 -0.4246916906110253
5096519 -0.4155595603303349
5096943 -0.40839182754149983
5097741 -0.4298433983533777
