3450122 0.09112649184220334
3450488 0.11612286313805081
3450872 0.11679454662651761
3451262 0.13119637869948847
3451658 0.11167680968788812
3452043 0.10079918690138084
3452437 0.12099736546481793
3452847 0.11882325036674257
3453260 0.12849395641958367
3453650 0.10958088868523763
3454022 0.08461556575384355
3454391 0.10985430779542399
3454768 0.1221639659191372
3455146 0.11298738779695155
3455517 0.11789778911444931
3455878 0.09990156996194588
3456237 0.09287205707149299
3456605 0.12247145639111418
3456974 0.1145744718412034
3457348 0.11464446878231493
3457721 0.10579055558186162
3458097 0.10069725769388693
3458477 0.12455160508636953
3458871 0.11176719110796551
3459268 0.1285897046156797
3459669 0.15495176767459018
3460061 0.132882535380734
3460446 0.15306405339184792
3460832 0.12276945563166419
3461215 0.1529299359089955
3461592 0.11673202747604794
3461965 0.09381655699428215
3462348 0.15725756215486442
3462737 0.17467855443135472
3463122 0.17459308166449405
3463501 0.14600563893898855
3463874 0.11166869456936634
3464256 0.11214062568351846
3464634 0.11081281047565295
3465007 0.1093509250577287
3465375 0.11300023568197926
3465758 0.11867023281126565
3466137 0.037989771126571203
3466514 0.06829304476400821
3466890 0.17264928943171598
3467275 0.16538362014866592
3467657 0.1315828371042162
3468027 0.09718213984279189
3468405 0.15025804268474952
3468791 0.1637087283986356
3469173 0.05321915374926234
3469939 0.2214709374010626
3470344 0.18973408908459577
3470748 0.17031255087875197
3471141 0.160705053659153
3471532 0.15030091199973972
3471931 0.1440469134727316
3472329 0.19532397671540375
3472723 0.06358833110007334
3473122 0.10901929395037335
3473525 0.17906310198384734
3473927 0.17635018787574985
3474315 0.1754432962786585
3474685 0.14880823066995363
3475076 0.15507948210684536
3475471 0.15931666888390947
3475867 0.16431980240967092
3476258 0.14106932724768273
3476637 0.08811751192329875
3477009 0.08400104538002162
3477401 0.11683049457617006
3477798 0.1428206574462581
3478188 0.0786241687584961
3478567 0.06037202582681189
3478959 0.16623167472918765
3479356 0.1622781266016089
3479747 0.15069794960026517
