2581199 0.10629804017022143
2581617 0.09108530055516678
2582030 0.10682226770297248
2582431 0.13599552036421536
2582832 0.09838425247649063
2583234 0.07413310628243852
2583651 0.1085643116835267
2584053 0.10784543342549308
2584476 0.08542332545918901
2584907 0.12440160850693627
2585334 0.0974981339768442
2585745 0.11511469536174984
2586161 0.11637308596107704
2586582 0.09850217290216295
2586993 0.11750245386933322
2587386 0.10827072156610734
2587792 0.09298482770862804
2588200 0.09615951973137504
2588614 0.10260536463884423
2589013 0.11895258274545195
2589419 0.08824615868875801
2589832 0.10533401773784373
2590231 0.122150860149917
2590631 0.10961144964909947
2591034 0.08968043408292842
2591448 0.13214841531015448
2591838 0.07929873034499207
2592235 0.08044550507858617
2592639 0.1160378062974945
2593047 0.10442262658155715
2593440 0.09722776387765147
2593850 0.10580866578069331
2594263 0.13627292099672217
2594659 0.07688399248331135
2595057 0.07860095088862462
2595440 0.09112988258220633
2595850 0.14683081690636846
2596236 0.0666741953571302
2596641 0.03007142561944981
2597067 0.07745013932665024
2597501 0.11234968570185194
2597919 0.05479545606704256
2598345 0.03945777436682418
2598772 0.07042498613233311
2599179 0.09297305345836276
2599593 0.08833405374812248
2600011 0.07424673549789584
2600417 0.11302758237284694
2600835 0.08097469760560588
2601254 0.04487922327787153
2601684 0.10281845108953636
2602097 0.06208196817798667
2602528 0.06034518975837966
2602969 0.07268828530761062
2603381 0.02420857021988365
2603809 0.054272073227469075
2604242 0.061562755688238324
2604657 0.009323556578413383
2605090 0.06990204966859165
2605511 0.08194514121561042
2605948 0.07967255095931858
2606383 0.06699957500656034
2606799 0.0513292965657538
2607220 0.08360283634591625
2607642 0.08862580600209502
2608068 0.06798038849788668
2608476 0.08839245116459749
2608898 0.05141915087589033
2609325 0.08421570807835915
2609763 0.07773764597380028
2610199 0.10602251017728626
2610626 0.05558085390319156
