1172722 0.08284016913819497
1173176 0.07819472385086035
1173647 0.08614249077917985
1174113 0.0735391690396841
1174558 0.058638984232383284
1175008 0.06994244804083166
1175474 0.07899569867574291
1175949 0.08423563578636711
1176418 0.0801056030125804
1176857 0.06787316248396208
1177282 0.07302491279538825
1177719 0.07774426327904949
1178177 0.08367043852377726
1178638 0.0918968086648504
1179095 0.07351223618778902
1179524 0.06777531213639904
1179936 0.07094399440787541
1180370 0.08233790144820657
1180825 0.08472884689213384
1181274 0.0741029454705256
1181701 0.058281241130318295
1182122 0.07618237629459107
1182557 0.08972316833096361
1183006 0.08964397557030851
1183460 0.08888977047008673
1183895 0.07984716645150008
1184301 0.05894534208523827
1184686 0.07279171154460112
1185120 0.08048980205484163
1185634 0.08044154834548428
1186162 0.07937504247565791
1186650 0.06229596340089011
1187147 0.07276766511315247
1187681 0.07301884679778725
1188232 0.08332778984498712
1188751 0.07548951432311413
1189210 0.07180369415306903
1189679 0.0807873703398303
1190163 0.08450941354461888
1190654 0.08018384649467908
1191120 0.07211336913669603
1191559 0.07220617045053995
1192022 0.08075876076750971
1192500 0.08547288449498774
1192996 0.09153496175965614
1193484 0.07768224978712829
1193954 0.0743178975578701
1194423 0.08397289226491383
1194885 0.08985367359732743
1195347 0.07254796238038536
1195786 0.07496694544456789
1196260 0.08239156848650586
1196774 0.08329985996421768
1197294 0.0771766739361825
1197757 0.06075302223918028
1198234 0.07639938715366618
1198700 0.09144942710941256
1199166 0.08389204459165839
1199606 0.06962906656374279
1200037 0.07500068538635968
1200478 0.09181422129303801
1200931 0.09199717975234917
1201389 0.08322729350641511
1201822 0.0647567722546914
1202241 0.08168527733657305
