3779540 -0.3962708450355784
3779887 -0.40057712015139363
3780238 -0.41500463220521944
3780587 -0.4102223342494563
3780940 -0.4093879454396894
3781291 -0.40436427657987056
3781630 -0.4030819257713429
3781967 -0.40098065383502757
3782307 -0.42002222199547384
3782656 -0.4089968962081463
3783011 -0.40509128274171846
3783370 -0.3978146558293111
3783711 -0.40080929359505774
3784046 -0.41342890591862685
3784386 -0.40705779629235084
3784733 -0.4019681834745176
3785088 -0.4109871439827859
3785452 -0.40042762352646444
3785799 -0.3978264765343164
3786141 -0.4047920549363833
3786489 -0.4173399401628315
3786846 -0.4075126542524706
3787205 -0.41298308839609504
3787566 -0.4030556087587266
3787908 -0.3928189260436223
3788249 -0.41971168295339084
3788598 -0.40712116188081426
3788958 -0.4068316907160758
3789320 -0.4119607988502805
3789671 -0.4014519373000604
3790010 -0.3973637588615576
3790354 -0.4101899033152296
3790700 -0.4055858848212943
3791043 -0.4155302004812538
3791370 -0.4134538351706839
3791691 -0.39645934627485485
3792013 -0.42809763009621565
3792339 -0.4273329773097867
3792666 -0.4257298777405455
3793003 -0.4040918128978638
3793327 -0.40369739996839277
3793654 -0.40524815739807935
3793983 -0.4299898607630541
3794323 -0.41227689192588923
3794670 -0.4099028060802873
3795008 -0.4107439774073541
3795332 -0.4007519737045547
3795659 -0.4150824297228748
3795985 -0.4104015202644047
3796316 -0.4079578643257298
3796652 -0.40456361415272396
3796977 -0.4094467715617401
3797300 -0.41234456659029206
3797624 -0.41210901094189795
3797962 -0.41841808341817116
3798310 -0.42558769602041563
3798660 -0.4118954225370265
3798995 -0.41197916107495575
3799324 -0.4177162053380118
3799650 -0.43178245983282953
3799985 -0.43907701017966333
3800328 -0.4220471670732187
3800680 -0.43019551249357624
3801017 -0.4091411364765413
3801347 -0.41125809323522317
3801676 -0.44222639526558005
3802023 -0.4381599471081412
3802376 -0.434463047964865
3802731 -0.4199545655011258
3803067 -0.3979013032152612
3803397 -0.4360921434182497
3803741 -0.43839644226818736
3804095 -0.4513324357144992
3804453 -0.43714941558310827
3804792 -0.4269323977443996
3805122 -0.4353231470299745
3805454 -0.48268473960659886
3805797 -0.4875335778624933
3806145 -0.4966601639983198
3806493 -0.4708635389277366
3806827 -0.44302743810159556
3807150 -0.42910853597488
3807475 -0.47002664360747787
3807802 -0.471329167778363
3808134 -0.4618210062773785
3808467 -0.4464612911676496
3808796 -0.44051862819654186
3809118 -0.4377574517029166
3809447 -0.43521548265413845
