34107 0.07068292468411586
34580 0.08079378629709633
35069 0.07993029881282299
35544 0.0736070237657086
36006 0.10354412761499188
36455 0.08161824076112029
36892 0.07976717091014524
37351 0.07735327429445416
37836 0.0802294870584811
38351 0.07916873876965541
38863 0.08486474075873979
39340 0.0855538396285554
39802 0.07408673097522578
40244 0.09012317336331022
40677 0.08899591296667508
41108 0.08066084238609272
41539 0.09350164021844848
41962 0.09053535260843548
42366 0.08288233036260584
42763 0.08210176200868136
43162 0.07832185714737078
43577 0.09978105849097413
44017 0.09952440430074055
44455 0.08714206758317117
44888 0.07432236817829146
45366 0.0819252280950023
45853 0.08492842360935582
46323 0.08535715090029095
46764 0.07626707972657526
47191 0.0813842753595545
47626 0.0854885972192258
48070 0.09281151546461058
48509 0.09804047519765452
48930 0.07605155374685207
49340 0.0818096952276805
49758 0.08180316608024946
50190 0.09123130924976669
50637 0.08191867211887094
51071 0.0837552256604926
51490 0.08351016472703693
51922 0.09078244406011149
52363 0.09272946870884202
52806 0.08112293943682103
53229 0.08596955148764357
53646 0.08392647566952782
54081 0.0913062743951843
54522 0.09584287267012498
54965 0.09280858351129195
55386 0.0906916777212442
55794 0.08996007474639112
56211 0.09534035368322957
56635 0.09564115372044957
57065 0.09656406592910705
57493 0.09436362899716444
57918 0.08453239973774607
58353 0.09726677232380565
58809 0.09705280275489192
59271 0.09984342610777441
59733 0.09470264235278325
60164 0.08800585787667459
60588 0.08992822671307588
61014 0.09965966981366076
61441 0.10012056537304648
61869 0.10415998419263661
62288 0.0870444139907477
62705 0.09370030557123671
63120 0.09528995887103342
63544 0.10116126981181206
