3779737 0.0703626683407948
3780179 0.0682131304518816
3780629 0.07049509672287124
3781072 0.06792577331764277
3781504 0.06874035712593463
3781956 0.07669138705267026
3782429 0.06744413555418444
3782905 0.06945059359773492
3783354 0.06164961276842501
3783790 0.07025223608946307
3784239 0.06718779003163272
3784686 0.07127968356771819
3785132 0.0765035919561542
3785565 0.06722101476708564
3785992 0.06992249189288224
3786429 0.06953418648939291
3786880 0.0688054880940488
3787338 0.06787664970675222
3787778 0.06638551706311774
3788208 0.06666691942845565
3788643 0.0708603406627818
3789082 0.06930858723797517
3789525 0.07502037654278221
3789953 0.06580670288391083
3790378 0.06104978055156385
3790812 0.072421363641545
3791255 0.0759814373500981
3791693 0.07778261295902988
3792119 0.06709934337777845
3792556 0.07427861785508266
3793004 0.07891058445797156
3793458 0.07575644907469486
3793904 0.05874028353606664
3794340 0.062016838927362206
3794786 0.07681175351325653
3795245 0.07379837239379772
3795708 0.07043311315339779
3796156 0.05983100822386672
3796596 0.06016523191000894
3797047 0.0736075551518452
3797503 0.0689986881161318
3797945 0.06999748685719909
3798371 0.06340336689479037
3798788 0.06457419305313972
3799212 0.07291010386005231
3799630 0.07326991605817845
3800046 0.07077324714329564
3800457 0.06401864518006989
3800862 0.06344075615913136
3801272 0.06892747816701911
3801688 0.0650523520251366
3802107 0.07280309586343081
3802520 0.06814242440059398
3802924 0.06432521886909487
3803338 0.06315456596799451
3803764 0.06433077131166848
3804196 0.08168791231135031
3804624 0.07663937224659534
3805042 0.06899788291638537
3805463 0.06178421876236301
3805901 0.06797905813430805
3806345 0.06785353394838306
3806788 0.07424704223043566
3807213 0.05911811649411153
3807644 0.06781498098292299
3808088 0.07964326138692363
3808532 0.07762057060471972
3808965 0.06433166739193658
3809387 0.06105700571909134
