1083035 0.1126718832853627
1083394 0.11170365698493817
1083748 0.09775424017168383
1084112 0.1365263951013156
1084488 0.16123589832706436
1084857 0.10262997242873606
1085230 0.11762007572070837
1085604 0.10643938191370139
1085985 0.09269421705182873
1086344 0.09377455268917628
1086708 0.11900351478344312
1087071 0.09193914605887349
1087440 0.1001805775130894
1087793 0.08350893963809436
1088153 0.1060027109976936
1088526 0.118938847408465
1088917 0.0834722311950889
1089305 0.1076343078894409
1089687 0.09894600765243233
1090089 0.11521854907254175
1090495 0.09138553838157498
1090889 0.07742869893177168
1091269 0.11346449894703492
1091654 0.09884949858440578
1092042 0.09662708951444021
1092427 0.11290162202512438
1092806 0.11483222124016812
1093193 0.10753967966132588
1093588 0.1064364998834822
1093973 0.10103163457156483
1094352 0.10246693252220695
1094740 0.07615177288085412
1095128 0.11884024420628375
1095495 0.0765345239084339
1095846 0.05539707523128001
1096205 0.09677737415519849
1096577 0.1268270610263661
1096965 0.1136224145003667
1097339 0.0888341272742913
1097729 0.08587552850191338
1098128 0.10803071746583737
1098534 0.08896208634125291
1098914 0.07849524771186989
1099296 0.11288920091639132
1099675 0.11892131646065462
1100058 0.10199837708125892
1100427 0.10759296256781903
1100790 0.11706790992590427
1101165 0.11200002601361414
1101558 0.10868207769804944
1101936 0.09642813537673967
1102317 0.08544251753697085
1102709 0.10642628569431878
1103115 0.07444379214331992
1103496 0.08943728970094006
1103872 0.11115269548053797
1104255 0.10643113546371746
1104644 0.09257198353359719
1105022 0.09354105972337617
1105392 0.1135266752196632
1105766 0.11538712452170174
1106144 0.09007042486573213
1106509 0.1022527489217605
1106871 0.09524417352133746
1107240 0.11633286788027863
1107616 0.09696074569398927
1107996 0.09975497507842324
1108368 0.0876547136555415
1108750 0.10709292244008789
1109146 0.10724483844700006
1109535 0.10527856012764203
1109902 0.07007664176353717
1110274 0.0988112350658703
1110645 0.12558187705175028
1111018 0.11216891357365971
1111379 0.08630158340866562
1111747 0.09870362185691539
1112121 0.11053975978751662
1112490 0.10994058250362532
