4259038 0.06318119089043145
4259474 0.061684901258353464
4259914 0.07925184428048515
4260355 0.07555413739873246
4260792 0.07502084442062451
4261217 0.06465797626740444
4261636 0.07706411562496829
4262062 0.06860196715499833
4262500 0.06848805879862901
4262941 0.06130188353254168
4263373 0.06306187033925365
4263804 0.07558753623417341
4264243 0.07986050861885152
4264693 0.07667378963504129
4265143 0.06285863336265946
4265581 0.0710726677426019
4266021 0.07155170342933792
4266464 0.07033728956742846
4266911 0.07258549923400764
4267352 0.05892626932819334
4267786 0.07819103348621398
4268224 0.07473029543416032
4268668 0.0671629929992194
4269111 0.07314239364268549
4269538 0.0633735923708777
4269963 0.06984143699008638
4270390 0.07704158955982099
4270819 0.0713707436062625
4271243 0.060696388229685816
4271657 0.06678657246681591
4272069 0.07702054203671671
4272484 0.0805405285531327
4272904 0.07058660717213894
4273320 0.0657731134358871
4273731 0.062408804850609845
4274146 0.08050047247785147
4274567 0.07149813375832081
4274995 0.07107179796954705
4275417 0.061949568749010364
4275832 0.0660906095155227
4276250 0.07185254526908191
4276670 0.07271831392162703
4277089 0.07585182398559498
4277503 0.06392207684056772
4277910 0.07223677309787968
4278320 0.07678814163714365
4278737 0.07516133431261235
4279153 0.07540065295065734
4279565 0.0647472500425374
4279973 0.06335316275965974
4280386 0.06492352161939768
4280806 0.06690235129749744
4281237 0.06831412432391643
4281657 0.06282369992122089
4282074 0.0756210831094844
4282503 0.06648157685547201
4282945 0.07534829056522985
4283389 0.06799433318798703
4283814 0.06437094277030686
4284243 0.07771952452219894
4284680 0.07253336241738245
4285123 0.06881212412002674
4285557 0.06487728482248334
4285985 0.06870880466320145
4286416 0.07033272960909809
4286853 0.0716861550415015
4287293 0.07140718873437052
4287725 0.0619285132361268
4288150 0.07965836529198494
4288575 0.07722000893268388
