1861911 -0.5414983646409165
1862295 -0.4213617299150309
1862667 -0.40423167120992565
1863047 -0.4313198015688834
1863443 -0.4132681180626683
1863849 -0.4496882036769102
1864256 -0.48203575615929695
1864658 -0.49261019970130804
1865041 -0.39849226056228204
1865395 -0.35424729392025645
1865753 -0.4269717280142746
1866105 -0.45404672765475146
1866466 -0.45213763853554423
1866839 -0.4808259325219228
1867243 -0.4512777255712745
1867654 -0.4264548358562498
1868074 -0.5494708425564483
1868473 -0.48466200675054566
1868882 -0.4270876031291182
1869283 -0.4298518849156
1869679 -0.42587555596023174
1869941 -0.2091640887119549
1870074 -0.4842172026730228
1870452 -0.4025815133673226
1870813 -0.40038999789998453
1871177 -0.4011862385612375
1871549 -0.39129553304429987
1871932 -0.3910475734767328
1872317 -0.4045810110290793
1872718 -0.38428821565564136
1873129 -0.3900012054363261
1873545 -0.42537110992355337
1873961 -0.4146945849352216
1874359 -0.42825917961968923
1874750 -0.4232657870315413
1875142 -0.4154868767448913
1875537 -0.45153032320923225
1875936 -0.3997807551054361
1876323 -0.3961596681118334
1876714 -0.40250472009395605
1877502 -0.4893381234106541
1877878 -0.4445455390950008
1878255 -0.426153096416655
1878627 -0.3882475866999189
1878998 -0.41322344891046614
1879384 -0.4061771273486158
1879784 -0.4207101274372192
1880187 -0.3842733723769317
1880602 -0.40239158077346493
1881002 -0.41179642045017195
1881396 -0.5538427365133987
1881767 -0.4950028435274342
1882127 -0.32802840435521885
1882475 -0.34997324218373205
1882819 -0.3276649060432783
1883163 -0.335482800548637
1883513 -0.3107261672537214
1883889 -0.2737404464575566
1884295 -0.26485751076346176
1884722 -0.37190432348877545
1885138 -0.48909636971850456
1885553 -0.5236863673074343
1885938 -0.5089382154430857
1886323 -0.4283449065586048
1886680 -0.38447296922207297
1887040 -0.293332249175973
1887394 -0.3446886632012911
1887752 -0.2997933716265181
1888115 -0.3448234309966186
1888498 -0.3564075390628457
1888830 -0.3239713796514093
1889171 -0.3571375173406276
1889513 -0.29197406541714077
1889785 -0.5002606773484427
1890041 -0.45509345232025045
1890266 -0.5409466276549076
1890594 -0.3842500987268095
1890827 -0.5971560394332902
1891120 -0.42332497991150425
1891388 -0.45477909397798194
1891645 -0.4721039045753817
