2071818 0.077532838183344
2072210 0.07765672765767706
2072602 0.07415531690708849
2073000 0.08127891149039662
2073383 0.021617768028186102
2073749 0.03656620355695506
2074111 0.07887176433072185
2074495 0.08881467261057491
2074868 0.08181987524292805
2075259 0.03433992101227129
2075629 0.03072609041734936
2076001 0.08214128973188822
2076387 0.08368990746779753
2076764 0.08820530769076212
2077154 0.027984026417383456
2077518 0.017432815460487472
2077885 0.07687992515271885
2078283 0.07376749091948454
2078689 0.086113443747448
2079104 0.04047495211562707
2079496 0.031902629108646274
2079863 0.06717715050092099
2080242 0.07618683526151393
2080642 0.07760182733139143
2081042 0.0793308586496363
2081438 0.023562639928686013
2081809 0.03539643833819972
2082190 0.0720442186249105
2082582 0.08896064319054492
2082971 0.07474535699298579
2083354 0.026803639689951364
2083723 0.025930454004414516
2084089 0.07664546359592417
2084475 0.07936241370799024
2084874 0.08106934901877522
2085289 0.0716745164059936
2085700 0.028705090253375698
2086081 0.05097672587519425
2086464 0.08046054989475981
2086870 0.07324727502746059
2087268 0.07081701923176709
2087646 0.035864534293585715
2088011 0.03372425095926901
2088378 0.07602224009062786
2088774 0.08788994986089854
2089154 0.07995862414691524
2089550 0.03846150533982745
2089916 0.013973907703870192
2090275 0.05942773046793748
2090642 0.08554843002990115
2091036 0.08445006852715503
2091430 0.06588553498915112
2091811 0.02163268861909129
2092177 0.05923934170458184
2092548 0.08505784128764399
2092949 0.09432683923899582
2093328 0.08538169202646889
2093697 0.013887757295906966
2094058 0.026789089738890715
2094420 0.07437902099688781
2094818 0.09624456211441723
2095217 0.09020870749881099
2095631 0.040473190625150424
2096022 0.027807712423050857
2096399 0.07217691856188646
2096794 0.08343625149099909
2097189 0.07782045170462598
2097592 0.07173231214077375
2097986 0.020680245441213052
2098347 0.025750016051293623
2098703 0.08419704982688736
2099075 0.08715380281274171
2099445 0.09100108225239595
2099833 0.028976913653342318
2100192 0.019538046454472546
2100553 0.07804327905011771
2100942 0.08708141244266782
2101357 0.08299347620682967
