1981712 0.10314704218569748
1982155 0.08068305341622661
1982579 0.10607497410124916
1983011 0.11782146248390352
1983464 0.1226918018467969
1983927 0.11091113633572575
1984366 0.09389047923951804
1984803 0.11627672256160931
1985259 0.11947914653945263
1985735 0.12931845675039255
1986223 0.10662239759409159
1986679 0.08874456790216306
1987130 0.11992716844328632
1987596 0.12650218018644538
1988080 0.1299878367891994
1988568 0.10347962699560181
1989032 0.0997324197982426
1989523 0.11881034018240183
1990044 0.11607218185323165
1990557 0.12170814888205472
1991039 0.09152524108244375
1991489 0.1074338371314843
1991951 0.11523548494835761
1992440 0.1192271845188469
1992944 0.11706915251874728
1993419 0.09216290200262689
1993865 0.10955162585738337
1994336 0.12568733493147344
1994849 0.1180662428062671
1995381 0.10411181288113913
1995885 0.1077586292211779
1996399 0.11353253393098639
1996917 0.10986130303171898
1997416 0.1009706567127906
1997874 0.0853618010702773
1998320 0.11405979993546361
1998790 0.11104760291261934
1999692 0.04087210209596398
2000103 0.014877541646476367
2000494 0.023906186584923605
2000910 0.04544952506290545
2001415 0.042111991525625614
2001926 0.08860444508973819
2002385 0.058816233651422856
2002963 0.09180614017206631
2003187 0.15133047882687278
2003552 0.20296324586747705
2003904 0.029752322085607297
2004255 0.035983588437990655
2004631 0.09421265353755715
2004945 0.033132065129330535
2005315 0.07818946444316932
2005619 0.10785549892908941
2005961 0.024675463480899884
2006659 0.15998071545234216
2007292 0.04953323580779889
2007619 0.08422079261137361
2007956 0.10083049062156713
2008632 0.1303247992717027
2008966 0.06706618217619575
2009098 0.19405609063740847
2009301 0.09324031050913462
2009637 0.08608423698680756
2009970 0.05992854852056695
2010303 0.0876451423772302
2010633 0.09046540839139317
2010962 0.08918738061537712
2011298 0.08876423140161704
