3210346 -0.5117788504293244
3210702 -0.5266048230158781
3211058 -0.5099384887713443
3211404 -0.428449678559194
3211745 -0.5091742193327543
3212088 -0.530319279139224
3212442 -0.5099793419996852
3212788 -0.4350439761055127
3213139 -0.4874594429445838
3213504 -0.5221082665129269
3213888 -0.4880591463947437
3214260 -0.4251109823622562
3214628 -0.5052524335814638
3214995 -0.5226549967621384
3215365 -0.4816944926555041
3215715 -0.4187442726461983
3216050 -0.38629398825555117
3216386 -0.4184411816005802
3216723 -0.4402994612463378
3217078 -0.526670357195251
3217449 -0.4715948932856948
3217814 -0.38953601235841157
3218165 -0.4555714318571282
3218525 -0.4952305165879455
3218886 -0.519820399486827
3219251 -0.43211700709407164
3219599 -0.4374577256319578
3219945 -0.4557814561609574
3220296 -0.45352577413058426
3220645 -0.40683087446536903
3220991 -0.4433898287178027
3221352 -0.47151099210559677
3221733 -0.4541971764198301
3222102 -0.4093182199552842
3222470 -0.4719369107684671
3222837 -0.5776150789018263
3223210 -0.46029736378952013
3223567 -0.42540808454318274
3223924 -0.48857095899512654
3224285 -0.5090910186709803
3224657 -0.4887094487178143
3225026 -0.4253618456252865
3225389 -0.4804271096711321
3225758 -0.49857003651205856
3226140 -0.4970538812243728
3226514 -0.4295775111376922
3226885 -0.4829965825042063
3227255 -0.5048154720048484
3227622 -0.4260438466954146
3227989 -0.4903536392653536
3228355 -0.49882256686639237
3228721 -0.4845434052051474
3229082 -0.3742789024017902
3229424 -0.3756277043531624
3229770 -0.4747723720410275
3230130 -0.5206427622106082
3230521 -0.4861295930711746
3230900 -0.40716639568670465
3231283 -0.476024188998598
3231674 -0.5308777583300786
3232066 -0.4610112049356555
3232436 -0.40746182501763595
3232798 -0.477741413642893
3233164 -0.5018574191504431
3233531 -0.5044436561907049
3233908 -0.4494027291061911
3234280 -0.4210885879569936
3234658 -0.4811114747511509
3235044 -0.4943516137048207
3235433 -0.42502490718183894
3235813 -0.493596858062366
3236199 -0.5022021444838307
3236587 -0.5056543384266657
3236958 -0.4269020955562357
3237319 -0.4573349443211365
3237683 -0.4837954832119994
3238052 -0.5006769349693573
3238427 -0.4856001728368891
3238788 -0.4173976118404518
3239153 -0.4798559505125679
3239527 -0.4986949160717938
3239900 -0.5163775193533441
