4798456 0.07283423111507253
4798867 0.06272414793588743
4799290 0.07699528126127902
4799709 0.0551916982017891
4800112 0.04924373896070516
4800510 0.0803339436857834
4800905 0.06600337524805877
4801306 0.07355318774721853
4801706 0.05329493800718976
4802091 0.039400323116678626
4802476 0.07591322916670257
4802861 0.0744278443665804
4803255 0.07336190438429091
4803649 0.04308597077818194
4804037 0.03284587978341291
4804428 0.07259092930670935
4804828 0.0743450588612885
4805236 0.07668032915256684
4805651 0.06872845308434228
4806062 0.031059763165518672
4806457 0.062011813167217045
4806859 0.07438949479421048
4807267 0.06767080133292563
4807682 0.06390123279785626
4808094 0.03899221624740923
4808497 0.05208185928740544
4808912 0.08237628222020815
4809327 0.070550340950295
4809748 0.04923557391528227
4810154 0.03829160242265267
4810552 0.06174158970509691
4810963 0.07223653767257526
4811384 0.07101076651580912
4811814 0.06993484230803465
4812233 0.03441717727228333
4812646 0.051174525330520415
4813063 0.07613704896440338
4813487 0.07182843933084171
4813911 0.057388613119434106
4814320 0.04827844382355306
4814715 0.045418082345651756
4815111 0.08019243425324585
4815508 0.07093697924937281
4815910 0.06474235931786493
4816313 0.03781658817255368
4816707 0.04518143284713655
4817103 0.07298135178751397
4817507 0.08933378341893161
4817921 0.06469915312888985
4818333 0.03580301997490659
4818734 0.04561343088180725
4819132 0.06565834324841241
4819533 0.07288636824951855
4819939 0.06490928766165444
4820337 0.044915298881821775
4820734 0.05498118559341664
4821141 0.07209516777590536
4821543 0.0724206646363485
4821950 0.04307210724449312
4822347 0.03907526597217198
4822740 0.07529733317911924
4823146 0.07247241785242142
4823565 0.08437704274123148
4823982 0.05469399608500475
4824381 0.04417538755367095
4824776 0.07021344259925322
4825179 0.08054842547009883
4825592 0.07727047562376566
4826008 0.04533674109123159
4826411 0.04068334243787036
4826806 0.06583342026607786
4827204 0.06895700402895993
4827613 0.07858134570170666
4828034 0.05608258851653658
