4978292 -0.8498508617471862
4978431 -0.6377768534984979
4978719 -0.625232432383658
4979010 -0.7376672979604086
4979301 -0.30590206111393714
4979594 -1.1120198275550779
4979905 -0.9430528304877329
4980766 -0.621859037059191
4981613 -0.4330671978382409
4981789 -0.8226453901164305
4982170 -0.6528481601894541
4982590 -0.8902898162236305
4983053 -0.7891453288727637
4983359 -0.5683602880696371
4983899 -1.103559063883666
4984001 -0.3953571115907274
4985075 -0.1623049135114506
4985864 -0.18091740519220068
4985961 -0.3420008805240222
4986921 -0.5910833772516887
4987341 -0.5069350083255131
4987480 -0.3726740231495349
4987632 -0.6611813554268193
4987807 -0.04401112302673167
4988035 -0.7601220949672111
4988319 -0.7550943751271217
4988604 -0.7394676048891387
4988899 -0.7094134713511788
4989309 -0.7596048170146235
4989490 -0.29254043892646636
4989778 -0.4723480206016173
4990064 -0.4517878706463694
4990622 -0.6676304733919685
4991174 -0.815828377630563
4991448 -0.644023635738477
4991992 -0.45112508872404256
4992551 -0.5856273933396678
4993151 -0.5814439754760224
4993462 -0.4509439236012956
4993785 -0.4268736024861479
4994099 -0.7178150016135357
4994411 -0.6949040835320083
4994723 -0.7468414854481868
4995029 -0.8235297714734869
4995332 -0.5604620750789416
4995628 -0.5499611704321454
4996216 -0.6852014582048449
4996511 -0.9299422743032781
4996808 -0.8890449793143674
4997106 -0.574457586703543
4997403 -0.5089159726225834
4997707 -0.44213277987996197
4998016 -0.7233722346480747
4998280 -0.9154872114848982
4998775 -0.7667677942023816
4999603 -0.5730535097099103
5000370 -0.621199234288181
5000545 -0.5425046598036534
5000845 -0.3723605909523818
5001152 -0.42084316413459977
5001456 -0.7384632635222654
5001658 -0.18918821005748876
5001753 -0.6937362343568724
5002055 -0.6170463258301285
5002398 -2.7116220466058927
5002782 -0.6750422049633306
5002950 -0.5086480887205335
5003250 -0.5465176741654789
5003523 -2.2627867961597303
5004002 -0.47549845685643716
5004143 -0.6004997815586748
5004430 -0.6360978537229255
5005037 -0.14621956953984183
5005265 -1.4549713226078271
5005385 -0.3239195846143845
5005652 -0.4335348530620875
5006399 -0.8255892601752648
5006685 -0.6690909471090066
5006977 -0.6331648627702459
5007625 -0.3637274687275758
