3150530 -0.5176216712254285
3150962 -0.5219009372536125
3151377 -0.4924852103031658
3151796 -0.5429831838852968
3152206 -0.5267395527624961
3152622 -0.5273507520935894
3153042 -0.5134971875646398
3153441 -0.4849635900932804
3153852 -0.5233921010842366
3154270 -0.5210317762516373
3154700 -0.5180049192669707
3155136 -0.5186152912558079
3155548 -0.4874377773552576
3155965 -0.5332546413268102
3156378 -0.5272084663658496
3156789 -0.5313863323483409
3157184 -0.4767417391761961
3157577 -0.5171043013620484
3157960 -0.5418960852035627
3158347 -0.3994248616239203
3158731 -0.4602032561200641
3159109 -0.41254941632880365
3159479 -0.40739351664413487
3159848 -0.48492862911512413
3160227 -0.5304410229024646
3160607 -0.4697362971578923
3160998 -0.583637286585942
3161378 -0.4370148248505294
3161756 -0.4900693344922376
3162137 -0.5387416279552161
3162528 -0.4679279413120904
3162905 -0.47102264018837137
3163290 -0.4762447287652764
3163677 -0.5236679240636011
3164061 -0.45944851165498723
3164434 -0.387401360983116
3164792 -0.39223734336004407
3165166 -0.4548417683998228
3165545 -0.3976569836198646
3165940 -0.3682311676179466
3166323 -0.3717557038041302
3166711 -0.3985398130474986
3167086 -0.5444880546745139
3167454 -0.4550412641487547
3167822 -0.50846381505183
3168201 -0.5674371744066822
3168581 -0.5148540720584831
3168949 -0.4427683217028078
3169318 -0.5133656339783246
3169686 -0.47503449844020385
3170060 -0.4535808190446236
3170428 -0.4923874202355525
3170821 -0.4953628774047804
3171247 -0.49256721502116024
3171688 -0.45662062149780097
3172110 -0.44020108109532824
3172550 -0.48059436937325695
3172998 -0.47473061607236045
3173447 -0.49020250160730805
3173895 -0.48251735622339814
3174316 -0.4634488489428002
3174740 -0.6199733506439724
3174919 -0.22513134141633906
3175168 -0.5882482333288523
3175614 -0.46652618725640327
3176208 -0.5531298673409003
3176585 0.01571817795485153
3176668 -0.7364309661998903
3177218 -0.7960489450134367
3177441 -0.8833137973922442
3177673 -0.548987266135547
3177981 -0.4686078816416538
3178356 -0.8092445834450004
3178601 -0.9516824325415798
3178743 -0.4655492022333392
3179142 -0.45369629389322563
3179539 -0.43397318442464616
3179960 -0.47658431365559195
