603615 -0.5753782147691204
603953 -0.5691366177224788
604303 -0.5539446004117474
604672 -0.5667501268033488
605044 -0.5009316990492609
605404 -0.5590130797403601
605760 -0.5531693376453601
606115 -0.5755559316016295
606468 -0.5693363998710794
606810 -0.5459516393799186
607139 -0.5419383385521483
607472 -0.572507055971099
607806 -0.575159081109325
608139 -0.5697043865632867
608476 -0.5665482827118307
608806 -0.5182711170000498
609131 -0.5621349926050214
609456 -0.5815164507020305
609784 -0.5749204291340912
610111 -0.544311486033626
610434 -0.5043834488125798
610759 -0.5414917082555883
611087 -0.5569788402317688
611426 -0.5585239157853379
611778 -0.5560679441218366
612130 -0.5161886285698097
612464 -0.5287550559703096
612800 -0.5635588574468389
613130 -0.5845686236253939
613458 -0.5726691825395551
613784 -0.5498751389484802
614098 -0.5394216608782745
614414 -0.5718594493649827
614732 -0.5741028763879961
615055 -0.5683766388866722
615385 -0.5519308666208098
615709 -0.5297375391300934
616040 -0.570892293178044
616376 -0.5806362029076023
616717 -0.5708070065586257
617060 -0.5323712750179342
617391 -0.53144046102521
617724 -0.5626892402870874
618052 -0.5749544968707854
618381 -0.545051322170768
618700 -0.5223243312335394
619026 -0.549394422678936
619353 -0.5790567265836801
619689 -0.5840795169244227
620036 -0.5736410960846032
620381 -0.5126306035356958
620718 -0.39296655625300403
621051 -0.5964125115077398
621383 -0.5974432070005057
621708 -0.528537832615111
622019 -0.5148406983466495
622330 -0.582669095265466
622637 -0.5923266922229842
622953 -0.6091919592466571
623277 -0.5327058884672443
623603 -0.5040734318370379
623931 -0.5815829965986355
624268 -0.6068400982331148
624619 -0.5646180439037395
624964 -0.51267763191183
625306 -0.5909455757367567
625645 -0.591507167393126
625983 -0.6098519226460752
626313 -0.532065131202596
626633 -0.5683976969774591
626952 -0.6083368102099276
627272 -0.6240211519157123
627598 -0.5470831437902982
627921 -0.5274432588390607
628246 -0.5983771300531905
628574 -0.6090106095430842
628908 -0.6121511179095238
629249 -0.5522034472810674
629579 -0.5471793773928695
629905 -0.6741135432526985
630225 -0.5083874426278105
630546 -0.5085610719663393
630870 -0.5619510428307677
631197 -0.5979530607841518
631527 -0.5132550435389531
631851 -0.5330674332163676
632183 -0.5635627656694164
632524 -0.5851383455746794
632867 -0.5846395196242742
633204 -0.5250861253051098
