4918211 0.03425790784998162
4918622 0.0536651900100219
4919040 0.07760857302323881
4919463 0.06426384541721752
4919882 0.04780776514618945
4920287 0.03640743112354439
4920689 0.07792074539680943
4921096 0.07448365324240463
4921505 0.07834913336127391
4921917 0.05879498082723411
4922317 0.03863617761035232
4922710 0.060661858191421336
4923104 0.07808225406200636
4923503 0.07950501691339407
4923911 0.08749828824549172
4924324 0.05255525686729645
4924731 0.03638780445915846
4925137 0.07884000650250028
4925557 0.07435279549884238
4925988 0.07160115261063654
4926418 0.055032561996043394
4926834 0.029427391780118994
4927238 0.05345756585995015
4927650 0.07562119165752929
4928069 0.07265869963894939
4928491 0.08242724829608927
4928911 0.04103923493331457
4929319 0.045872943633971985
4929728 0.07688207687756787
4930142 0.07997243777049134
4930567 0.0676201724661446
4930992 0.046386476744498084
4931398 0.04024316359283986
4931800 0.0754884824858601
4932203 0.07341521850977017
4932610 0.06805199972533371
4933026 0.06025938641454143
4933436 0.0381912736553805
4933837 0.07059593379821816
4934246 0.08113156818095207
4934672 0.07454890793260427
4935100 0.052043747073877766
4935513 0.03546908368027285
4935916 0.062159697117773915
4936324 0.08177495924297185
4936735 0.0727596205220486
4937151 0.06444003023169076
4937557 0.040775921581834296
4937951 0.07370083053494719
4938346 0.07588398903750548
4938748 0.0729434858062003
4939151 0.050179625057911126
4939541 0.04102155638914867
4939922 0.06834789726279455
4940306 0.08337863834023063
4940699 0.07860407243815254
4941105 0.07830641428912855
4941508 0.043134101043317274
4941903 0.04034498327936764
4942304 0.08257787362721603
4942711 0.0815539635720291
4943126 0.04198699391005872
4943529 0.04193313208022442
4943935 0.07259169708123908
4944345 0.07083799078492087
4944758 0.0704265774341385
4945168 0.03049234879160878
4945564 0.03984134333411182
4945961 0.07397219842826941
4946363 0.07309480265912993
4946770 0.07357331490991631
4947176 0.04106480749115243
4947576 0.05219200771987437
4947984 0.08007834169088862
