2251573 -0.48087072996089886
2251957 -0.4669244434051989
2252322 -0.4187708070701524
2252682 -0.4680940090006268
2253042 -0.4733443553118239
2253406 -0.4857463462343547
2253770 -0.4353546911289644
2254119 -0.44145841295787336
2254476 -0.4690645292656207
2254837 -0.4906068010400563
2255206 -0.4709793639477229
2255564 -0.4204768746234316
2255916 -0.4617322474620402
2256282 -0.4813273073817269
2256653 -0.49464856505496857
2257028 -0.45869725636843867
2257381 -0.4190479143801216
2257729 -0.4554687587168603
2258080 -0.47165804705352693
2258437 -0.4804639154609594
2258801 -0.4431576263037766
2259152 -0.41355067404827267
2259508 -0.47226816552433326
2259873 -0.48508891469138443
2260253 -0.4830305446728105
2260646 -0.43468569996979206
2261020 -0.43299565749330426
2261404 -0.4726592593874115
2261780 -0.48573709257340814
2262153 -0.4545971711048177
2262506 -0.4052588435114274
2262853 -0.44520095147901273
2263203 -0.4693287707698596
2263553 -0.4711767191153872
2263895 -0.48660985265072204
2264241 -0.4753193774769202
2264585 -0.41759645074879415
2264934 -0.46514703218955133
2265292 -0.49034286829766927
2265659 -0.5051819449281145
2266032 -0.44077521358078253
2266386 -0.43699353399460683
2266744 -0.47676670203570937
2267104 -0.48859494347167864
2267464 -0.46545832183090124
2267810 -0.4223012595958911
2268156 -0.4654561503901665
2268507 -0.4799886310936451
2268869 -0.48373242505192454
2269225 -0.4071281227596511
2269569 -0.45896246354674125
2269927 -0.4053764421557439
2270289 -0.40540497822737187
2270655 -0.3678044323556361
2271019 -0.4484119336499286
2271406 -0.6012502700494178
2271796 -0.5590884359182895
2272163 -0.4062830216100157
2272511 -0.4551164268881674
2272856 -0.4643824776903141
2273201 -0.4080373103353624
2273545 -0.46588670231721924
2273880 -0.410898159555756
2274220 -0.4621881796760881
2274563 -0.44928227520302855
2274918 -0.4389339582085332
2275279 -0.40108480337129715
2275662 -0.47335328246357244
2276071 -0.49280341214423534
2276496 -0.4870078685302005
2276904 -0.4838454552390136
2277288 -0.46101457777982324
2277667 -0.4504656772111874
2278040 -0.507828141235865
2278400 -0.4008380205841498
2278748 -0.44320548508310004
2279101 -0.44723228726864006
2279462 -0.41560632743134435
2279830 -0.48455225196217466
2280195 -0.34782231914764833
2280565 -0.5072744654454823
2280941 -0.502945684760907
