6086721 -0.2709820014244348
6087118 0.14913256645016837
6087496 -0.035494133326280264
6087945 0.09665332179950659
6088073 0.4657183583136031
6088390 0.8857525571629592
6088613 1.1281247077874017
6088840 0.01618643729506286
6089250 0.14378194564584645
6089658 0.11925061876689336
6090077 0.16756492681514956
6090530 0.1061192990410521
6090965 0.07922849958410128
6091435 0.12406696906032921
6091935 0.03209970993610223
6092409 0.11150128740563559
6092886 0.17643391459145696
6093383 0.12234048239763418
6093870 0.05843829222320063
6094314 0.07751886601458918
6094782 0.13037338369471413
6095259 0.11127511998826628
6095718 0.0699549865654871
6096152 -0.01246414703634352
6096622 0.04372512133401135
6097107 0.04532245821440117
6097564 0.10871971239340306
6098034 0.17264468134485828
6098516 0.07055489923262803
6098973 0.2554382409767304
6099422 0.12888526903233932
6099889 0.18294197475908341
6100378 0.04917887609945515
6100845 0.09476527326478501
6101311 0.10451004497014399
6101773 0.11441386998782954
6102206 0.005265445841081462
6102652 -0.0187421322820851
6103105 0.06530939445791084
6103290 0.6185933126289371
6103577 0.07690738391421847
6104014 0.07478005318206982
6104471 0.30137499794359796
6104938 0.09767679258847606
6105375 0.11349835104346462
6105818 0.10685647967332046
6106265 0.10573635090170763
6106728 0.11808420886847282
6107163 0.09839834779979573
6107628 0.17057701945140136
6108100 0.14116062209630542
6108554 0.13196125575283435
6109014 0.13724352695770614
6109494 0.1002444245561307
6109968 0.050428760258168726
6110421 0.08395723164145363
6110906 0.15664713965263927
6111394 0.12991163955513524
6111861 0.20211561476137957
6112332 0.051833191742359674
6112487 0.2845814405840698
6112632 -0.009988424452815114
6112797 0.07925860972629917
6113227 0.07641304083178702
6113598 0.26168709376427746
6114100 0.18112538797797717
6114509 0.1507518336322694
6114704 0.3624849652869254
6114898 0.07054562509538198
6115278 -0.06626173130513435
6115672 0.1664428556388876
6116094 0.15097458441840728
6116548 0.14713935826328567
