2491313 0.06457404359151403
2491659 0.13736639024983086
2492002 0.11104004338135678
2492345 0.09467341313934666
2492686 0.11318853244088894
2493044 0.1078102843922411
2493419 0.10119612077218648
2493809 0.08670926913202126
2494178 0.11233054305521717
2494556 0.138779468777593
2494941 0.09817805757902925
2495333 0.09388424807759838
2495715 0.0936842327399538
2496082 0.08686562105178597
2496461 0.11017709525302322
2496846 0.10683229235438879
2497241 0.12144159433984214
2497620 0.08187854588218701
2498001 0.1060439847779111
2498390 0.14126921082035837
2498786 0.07701300115112619
2499181 0.10954311069647232
2499549 0.08937292275314912
2499933 0.10567668823332277
2500328 0.10914093454545504
2500742 0.10400956087511765
2501146 0.12342072896498557
2501524 0.11979435819901446
2501912 0.11848900926682893
2502306 0.1228521493527307
2502709 0.11352153414683414
2503087 0.09466085044261019
2503471 0.1298097261283392
2503869 0.11898175204958256
2504289 -0.004884827323846042
2504709 -0.9425401261644264
2505061 0.30502900779784875
2505440 0.10534679775978567
2505826 0.09333795506523063
2506193 0.10195463814438754
2506558 0.10364862618116566
2506930 0.09778001549030874
2507306 0.08246756504640279
2507685 0.07878358118766426
2508043 0.06530701104530306
2508408 0.09828119825607379
2508778 0.10195237405826252
2509158 0.108533635701823
2509533 0.09004443109443211
2509906 0.09639029694358042
2510296 0.08847044128511067
2510707 0.11246952532265153
2511125 0.10986063309271243
2511515 0.09678695458392267
2511914 0.09513430128481248
2512324 0.08469613434303597
2512737 0.10380778468672924
2513131 0.08237373400100378
2513542 0.08140974767094483
2513971 0.10435927982565935
2514397 0.1396071811572125
2514795 0.08143816042801788
2515199 0.09767219892268936
2515604 0.07626026932935409
2516012 0.10350392695867827
2516395 0.0907966899009463
2516792 0.10008324182861666
2517201 0.09080820490225633
2517610 0.11655170658030362
2517992 0.1151972221404648
2518361 0.11154427868633587
2518730 0.07964954969743376
2519105 0.09476940070976092
2519493 0.11016793211454101
2519886 0.10917889561440464
2520258 0.08070560837762658
2520639 0.10483772521428353
