2970462 0.09240207413203355
2970882 0.0867641673454898
2971289 0.061708147062141505
2971693 0.07335871006948336
2972101 0.08279004730355755
2972518 0.08183271056186936
2972943 0.09271183940174116
2973360 0.06825863921598785
2973769 0.06413377579274238
2974180 0.07111422433457548
2974595 0.09106581498211785
2975025 0.09376892895117389
2975451 0.06059851808317179
2975874 0.07849928924730792
2976320 0.08378200084811938
2976797 0.08519710065006691
2977301 0.08160897759784674
2977774 0.06496033015362052
2978218 0.06406846538657374
2978665 0.07583030695679538
2979114 0.08093336461587658
2979559 0.0843280330136798
2979986 0.062105391528270215
2980408 0.0691182168128554
2980845 0.08348766495375048
2981278 0.0834892753271298
2981707 0.08084712034373392
2982119 0.06656509275834505
2982524 0.06441522150000195
2982948 0.08439442987113527
2983410 0.08416494190349
2983863 0.06746571440043614
2984299 0.06537751614225545
2984729 0.06925909094628652
2985163 0.08146565524464844
2985604 0.08877814530068212
2986046 0.07636599236793579
2986468 0.06170080731728739
2986892 0.08035068350747399
2987315 0.0836424301538427
2987746 0.08712488606934343
2988183 0.07639085553811387
2988609 0.05912253484696112
2989035 0.08032871056226498
2989470 0.08330131139398633
2989924 0.08918976233228892
2990382 0.08283972524954031
2990829 0.07263850632746144
2991248 0.06547995138108631
2991655 0.06612859093509749
2992074 0.08849865003994745
2992518 0.08906699394024054
2992971 0.08559192453148334
2993431 0.08449228959635069
2993872 0.06935099898531993
2994301 0.07632089655485674
2994745 0.08213087812040837
2995192 0.08706381512481781
2995649 0.0870269083278214
2996105 0.07290058959097534
2996548 0.0686568821749673
2996965 0.0802782837806868
2997385 0.08997619830600517
2997816 0.08531728148978157
2998255 0.09451157009485156
2998692 0.06965676560772144
2999115 0.07966485144109536
2999556 0.08210746697507071
3000004 0.09111077384527333
