813360 0.09633237632084174
813737 0.09488899204202245
814121 0.06612978015786602
814519 0.1056358924777388
814900 0.05737201196229952
815292 0.16639587876962103
815432 0.4552520524207586
815646 0.3502358486624898
816056 0.17300083449452386
816420 -0.051988951100288894
816748 -0.2415481363934993
817117 0.10296667726880682
817482 0.4377366439281635
817826 0.1586970373069076
818153 0.09147047486112125
818798 0.3810922110385614
819155 1.0011438825295473
819418 0.05013877596748506
819768 -0.056793035571064965
820098 0.1107224827149248
820441 -0.04284752750030413
820755 0.2801577851238225
821091 0.010349431610072735
821801 1.092840925869528
822996 -0.09338585440044087
823298 0.0
823921 0.5386712923018214
824784 0.1104138159123416
824972 -0.08518515095006074
825355 -0.23869900009904668
825672 0.7478686015133468
826449 0.0424689124900377
827078 0.10297136406068338
827363 0.12377296442438501
827810 0.038642558367449176
828014 0.628686567951508
828457 0.08667272675040438
828759 0.12106868039476015
829029 0.23772228889629404
829371 0.4154299098380996
829608 0.5050227443458701
829916 -0.1161885932831983
830426 0.7432088795232845
830595 -0.1423185496855125
830889 0.4606135413430932
830990 0.26436276806376535
831159 0.12082848720558897
831439 0.23032653268948503
831718 0.06633376623915976
832008 0.12485724595059133
832381 0.8925342636585849
832552 0.0714492618185712
832799 0.0
833065 0.03480559846078657
833640 1.4899812755560538
833875 0.16143646375606668
834427 -0.24221829376466897
834713 0.4708275249412881
835153 0.31535171655395267
835403 -0.013525071476695683
835621 0.07570859962677504
835844 -1.0545895131040655
836011 2.480494569486258
836106 0.4715428432475579
836736 2.08149643195025
836941 -0.4036298975776429
837857 0.788324721977672
837927 0.1614733407959193
838326 0.36084073748275214
838419 0.320239440018222
838580 -0.021091831407679007
839048 0.8197612646985315
839111 0.037734674242331345
839554 0.026911233201716067
839873 0.05249514660473653
840177 -0.05249430672062794
840464 -0.020726637924079694
841117 0.10134845473857779
841451 0.06660405772285216
841770 0.07139737208095498
842110 0.02994502436045371
842465 0.05918746503511385
842817 0.07812754467512506
