2131625 -0.41633904210224304
2132088 -0.43132542376449023
2132555 -0.4191337675237432
2132996 -0.37537452198103916
2133412 -0.3782489534098682
2133836 -0.41792899540802053
2134291 -0.41820208756102206
2134748 -0.4237518143996146
2135189 -0.3695481260284095
2135615 -0.3723550966280632
2136053 -0.41705242658616853
2136503 -0.4317375679834733
2136952 -0.38545388495921773
2137395 -0.36217599919912014
2137852 -0.41650300901964
2138327 -0.4262017777650229
2138802 -0.4052179309824293
2139244 -0.35970544168043495
2139680 -0.40403237908812395
2140139 -0.42435647231154117
2140619 -0.43683616683053794
2141089 -0.38732881243929607
2141533 -0.36354213259613133
2141985 -0.4173574082740643
2142465 -0.4272194879109954
2142935 -0.43123823249410687
2143378 -0.3822805530243579
2143798 -0.3691311493168057
2144222 -0.4158608536095185
2144685 -0.43199786168220633
2145166 -0.4266006100148113
2145636 -0.373495378195868
2146078 -0.38855871380952356
2146531 -0.4291280962266645
2146989 -0.42729813695544705
2147432 -0.4002802029053879
2147853 -0.3582717361075466
2148275 -0.4128911346346118
2148724 -0.43821254574752044
2149190 -0.430344599296381
2149634 -0.37964118043528716
2150061 -0.37152223829997344
2150497 -0.42338568132104637
2150972 -0.4268716265480613
2151442 -0.4200559364027938
2151887 -0.36447630144363397
2152305 -0.3872535746538526
2152730 -0.4227579090599075
2153182 -0.4294943850990014
2153658 -0.39734322138108136
2154118 -0.35134139628443073
2154565 -0.3976015509078117
2155025 -0.4218230231046708
2155515 -0.4317000737521426
2155991 -0.39604520655255915
2156423 -0.3550434113648223
2156847 -0.4172455963599354
2157280 -0.4249121001186672
2157724 -0.43305284728074267
2158184 -0.40389806053647326
2158632 -0.3542270781667649
2159060 -0.388874223248486
2159512 -0.4245321616597578
2160008 -0.4400654228607686
2160496 -0.39130441259661525
2160946 -0.3516007856544783
2161381 -0.40259680167345113
