1352510 0.08711867420228064
1352815 0.168079786469508
1353121 0.15519520648619137
1353425 0.01605665705057116
1353728 0.18656823587403298
1354032 0.08131595386822965
1354336 0.1285089252759819
1354608 -3.396417511124078
1355126 -0.39795622379899975
1355273 0.1423353362005848
1355599 0.041661905477079264
1355933 0.07145483008409259
1356077 0.18525626865372913
1356202 1.2094360781926867
1356342 -0.2572047443739034
1356482 0.5156792221130313
1356956 0.15171556033872868
1357285 0.2876653833422837
1357617 0.03406145338256594
1357996 1.040344801263462
1358293 0.045951877290867804
1358656 0.3592440406242863
1358980 0.10283863710296459
1359329 0.02525129560317174
1359682 0.015488548463573837
1360037 -0.0413974775449919
1360224 -0.7152287777151807
1360385 0.7812716447430358
1360681 1.2793639416257088
1361075 -0.42304227358373725
1361426 0.00917018341009046
1361772 -0.023828445261915743
1362130 -0.5169822017041723
1362499 0.5169085583899616
1362836 0.8787524790902308
1363145 0.06590089688295181
1363488 0.39548838345557785
1363724 0.19352415202113377
1363831 -0.1248193687491887
1364172 0.16083109432158826
1364829 0.21510792560361847
1365149 0.05961339822067818
1365457 0.11207949413139262
1365762 -0.0029725348920502936
1366061 -0.06309099657306727
1366358 0.18575178797506967
1366650 0.5305241166773553
1366941 0.158111933804019
1367525 0.12289291016966936
1367817 0.11657463686651325
1368107 0.0762749435599066
1368697 0.09602356909515197
1369007 0.09170319324925225
1369319 0.17107230969898207
1369639 0.03992833224460329
1369985 0.130096121577697
1370368 0.0968386205490882
1370733 0.08567072351587679
1371103 0.151010247154774
1371479 0.11596102859845081
1371857 0.09671617839200997
1372215 0.12188338609439325
1372558 -0.04609659307803027
1372900 0.16351026948783798
1373249 0.1337145003197304
1373607 0.10426167137660819
1373966 0.1646684844379818
1374317 0.10478526259026277
1374681 0.09338348101151864
1375062 0.09916682393627321
1375454 0.11733324319294225
1375825 0.07031789390829413
1376195 0.09637296823153668
1376565 0.10353319770675229
1376939 0.11450276899579986
1377297 0.08866333181694508
1377645 0.09238774679813289
1378001 0.12480943990885851
1378358 0.19551857145635906
1378516 0.4039652332378304
1378675 -0.06368738526131063
1379042 0.044417319779185394
1379407 -0.06617313233441813
1379766 -0.048826103756685196
1380124 -0.0021620441774438115
1380488 0.02448023263309229
1380859 0.10821657285955694
1381242 0.10048005449119851
1381612 0.10509156711111783
1381986 0.10252112833263965
