5457576 0.0683412636618087
5458004 0.0838125238059147
5458460 0.09491994052818059
5458946 0.0928685388943623
5459410 0.09861963871229257
5459850 0.11632906400244053
5460298 0.1286830108580007
5460716 0.09762373453467227
5461157 0.12086552971442005
5461592 0.11239294235361919
5462012 0.11417570057794069
5462468 0.07579840544768224
5462936 0.06290140909754521
5463374 0.09907387005884599
5463815 0.1320081828275807
5464257 0.1275730260390882
5464683 0.07424050450410591
5465105 0.09158265070959293
5465540 0.07352039382740794
5465985 0.10846233990855958
5466415 0.08869640066979706
5466837 0.11021015912266618
5467270 0.09562238840733395
5467689 0.06512253612728186
5468126 0.049522450689755304
5468576 0.09372024687939029
5469013 0.08622973159728398
5469439 0.0919625098202736
5469882 0.06286140083964492
5470339 0.083748717147554
5470814 0.10628956181351312
5471246 -0.05978736764062159
5471646 0.20189824015042035
5472034 0.20489677839500325
5472415 -0.058984690445991084
5473139 0.11167373737496322
5473483 -0.08516849948239935
5473607 0.3103084550131659
5473846 0.15351783052372797
5474510 0.10264576105046758
5475176 0.14040464716129197
5475522 -0.014878600821569998
5475859 0.140102427670303
5476197 0.17656645954913563
5476550 -0.24892059891036744
5476911 -0.11349185626781388
5477274 0.09719773605791548
5477647 0.13343397367829968
5478037 0.10099600197712955
5478438 0.1300052929736739
5478827 0.03900494943923882
5479216 0.16428942849779027
5479615 0.01042747304685665
5480019 0.12291594241626785
5480417 0.10378722803565438
5480823 0.12102999076254167
5481240 0.062479948812762864
5481669 0.0184914064407955
5482079 0.0563610681620208
5482476 0.09018433138772664
5482874 0.15096224418040533
5483278 0.09311030843144785
5483681 0.09590068085358305
5484062 0.013885079781416232
5484437 -0.1238179387616547
5484842 0.11608603180973309
5485235 0.1447872390732211
5485599 0.05889306696824742
5485950 0.03831681200627479
5486303 -0.020299677969244034
5486659 -0.06008119455631955
5487011 0.11229401041060616
5487367 0.5055894369433603
