4079173 -0.48583047635097243
4079516 -0.512040358319283
4079864 -0.528249527208027
4080225 -0.5047441730616598
4080576 -0.4468027400144102
4080928 -0.5214677870558941
4081281 -0.5336014546891169
4081639 -0.5327110437395965
4081998 -0.48826895812820875
4082341 -0.4865651680436296
4082686 -0.5232824083889561
4083030 -0.5335958792942261
4083378 -0.5209997932172954
4083722 -0.4628859021790695
4084066 -0.5126131044807674
4084414 -0.5157694850839676
4084770 -0.535862960063151
4085128 -0.49840006397090386
4085481 -0.4714333734178284
4085837 -0.5211964440348433
4086191 -0.5268584629747586
4086553 -0.5136943002204067
4086905 -0.4549031299328925
4087257 -0.5107301628239868
4087612 -0.5165481850257336
4087975 -0.5470354294135338
4088319 -0.4609469860889849
4088677 -0.4779594443168418
4089041 -0.5101361325814091
4089408 -0.5395936271218569
4089777 -0.517333804169833
4090123 -0.4743892643599076
4090470 -0.5001199672810039
4090813 -0.5318788633291768
4091161 -0.5245743301943949
4091517 -0.4813202077381279
4091861 -0.46326777457336865
4092214 -0.5039774610496885
4092580 -0.5315439437168477
4092968 -0.527981901015956
4093362 -0.4728434745400252
4093738 -0.45609177366983145
4094121 -0.4900822738697902
4094509 -0.514277994392927
4094891 -0.532706965316842
4095264 -0.4831603882435288
4095624 -0.4856073815751572
4095984 -0.49058685366085386
4096347 -0.49117390115452453
4096709 -0.440431335367944
4097064 -0.4716452520693991
4097421 -0.47143041491766013
4097787 -0.49925287414741837
4098151 -0.437421002800053
4098508 -0.4863091100029311
4098865 -0.48853546614510124
4099227 -0.5035752563267417
4099590 -0.47317905567313623
4099938 -0.46052724886339635
4100288 -0.489342667984642
4100635 -0.5030542590977417
4100985 -0.5058484810721159
4101328 -0.4481350709469301
4101666 -0.46563612420177736
4102003 -0.479927249343192
4102346 -0.502041623711069
4102697 -0.5121071711095886
4103050 -0.45502122710345966
4103394 -0.476026848048712
4103745 -0.5007683581818552
4104097 -0.4953525987439331
4104454 -0.5110556710977234
4104806 -0.45305422253121674
4105153 -0.5063213048678304
4105497 -0.5066187432030516
4105842 -0.5106738954232641
4106188 -0.47028220813758204
4106525 -0.45699439387034424
4106866 -0.4525347700884711
4107210 -0.5369833785912553
4107559 -0.45001171781023186
4107897 -0.470728774500753
4108241 -0.49080524430606953
4108588 -0.5141580675316795
4108945 -0.5115041128162179
