3000802 -0.4443171774672303
3001217 -0.3748471426474056
3001618 -0.3987203382162887
3002016 -0.44493542642869865
3002423 -0.4526009873354204
3002837 -0.4379800443523284
3003249 -0.371796345004757
3003641 -0.40535325948863477
3004049 -0.43957988700965056
3004470 -0.4491048539025885
3004900 -0.44162212098214415
3005318 -0.3733208545238166
3005720 -0.41689257626865417
3006124 -0.4532900081677758
3006535 -0.4521705988237081
3006955 -0.42088797576825565
3007361 -0.3709749167618379
3007754 -0.40661776522626203
3008164 -0.44390388052812046
3008596 -0.4493895051971312
3009042 -0.4405658999814494
3009474 -0.3805654353025204
3009885 -0.39393419363727167
3010295 -0.44350230680340086
3010707 -0.45327223628170477
3011126 -0.4225306319459674
3011531 -0.374091161771563
3011921 -0.42726419238503965
3012325 -0.45093758359795266
3012742 -0.45102924915173404
3013170 -0.42431533841649194
3013583 -0.3710934471253249
3013985 -0.40570574668753623
3014398 -0.45004822170459174
3014825 -0.4503174702482969
3015261 -0.4304962228836333
3015673 -0.37697609168510876
3016076 -0.4189715429239226
3016487 -0.45137924494078935
3016904 -0.4593616385651093
3017320 -0.3830625184334588
3017717 -0.38499754402289194
3018118 -0.44925074698292833
3018528 -0.457362234603767
3018940 -0.4501046479930664
3019342 -0.3994009999657794
3019727 -0.37686217407086386
3020119 -0.4414060665284692
3020528 -0.4515445531667317
3020951 -0.4428822371210554
3021365 -0.3773417315435699
3021763 -0.3928334902555366
3022170 -0.43507616415355543
3022592 -0.45480689115685985
3023035 -0.446813903489682
3023476 -0.39838375467320736
3023892 -0.3640943919418059
3024303 -0.43268081763824184
3024721 -0.44942582554314653
3025141 -0.4496484904310109
3025550 -0.39265399501401566
3025947 -0.38724755854251464
3026346 -0.44277722316662854
3026753 -0.449782727502848
3027168 -0.44817896939114304
3027577 -0.3997117372451693
3027970 -0.3767130741224198
3028364 -0.43089899897328204
3028776 -0.45635105086607997
3029193 -0.4572072087999066
3029611 -0.3860826884164496
3030011 -0.3812975147137354
