2880683 -0.3713101688201669
2881060 -0.41993517730332697
2881439 -0.4173624175892011
2881822 -0.4190227800655797
2882188 -0.3499090079516295
2882549 -0.43105450036132453
2882918 -0.4194538054583765
2883290 -0.6410990639394535
2883658 -0.3556959293373887
2884022 -0.4170238790689898
2884396 -0.4103813022447825
2884781 -0.4010658170733633
2885168 -0.374005312317256
2885539 -0.34375893988458656
2885910 -0.42103539022059777
2886279 -0.44255522484522436
2886642 -0.39518068977717447
2886992 -0.3293441022349299
2887335 -0.46350411585851164
2887686 -0.4177011931185367
2888052 -0.4140448534287618
2888430 -0.4342321525948948
2888802 -0.372799366235454
2889177 -0.4271730058789371
2889551 -0.4413890869589038
2889927 -0.4251476961780575
2890296 -0.360094695084758
2890656 -0.42644024587839036
2891016 -0.41080981237285574
2891373 -0.42058850903557354
2891738 -0.4435034495750705
2892099 -0.36184786991619733
2892455 -0.4269636643504427
2892810 -0.42575039753944344
2893169 -0.4376814300303711
2893535 -0.41065654853905786
2893889 -0.35576029340103266
2894251 -0.43737490788557815
2894614 -0.32716857699306917
2894973 -0.25441961542047614
2895314 -0.4035127863353133
2895647 -0.48716190654157765
2895980 -0.46768918790929015
2896311 -0.5062743780149759
2896646 -0.4545134328126449
2896970 -0.4262269471542093
2897291 -0.5133629295586104
2897612 -0.5607718348160252
2897933 -0.5213147147700565
2898250 -0.4348588911801746
2898567 -0.5146537921759989
2898887 -0.518530358300769
2899214 -0.5173886808403612
2899552 -0.49321257598992696
2899887 -0.42144696286643735
2900224 -0.4953282724668998
2900564 -0.5224817132245336
2900911 -0.505139265442778
2901258 -0.4579226709450679
2901596 -0.4208092504634148
2901932 -0.5249963239209995
2902267 -0.5460057938881443
2902606 -0.538447469085533
2902947 -0.43694126740931216
2903282 -0.49287180743294245
2903615 -0.5318260908535044
2903954 -0.5378177395893619
2904299 -0.500539432613535
2904635 -0.44032274210754396
2904969 -0.5284795406440986
2905300 -0.5301099604186649
2905638 -0.5493473637095901
2905980 -0.48040291766268306
2906312 -0.44613814379975303
2906643 -0.538664230758645
2906974 -0.5390261498434484
2907311 -0.5527489006687223
2907653 -0.4796519943018819
2907989 -0.4568984053627311
2908326 -0.5438121025656575
2908665 -0.5455786756650813
2909011 -0.5578564707507944
2909354 -0.45489197845976204
2909689 -0.4392894249709227
2910027 -0.5506654038755127
2910367 -0.531025099717856
