5967126 0.0669508116308436
5967531 0.059654904784504525
5967960 0.08666403251262234
5968409 0.08129260061922916
5968826 0.051789726352979404
5969232 0.10511631460990012
5969676 0.06584232079102348
5970138 0.08127418116287055
5970563 0.04344884755265532
5971001 0.08893654478388158
5971463 0.0897364675064859
5971911 0.07525020457398501
5972327 -0.012354782279383358
5972748 -0.22303314452305245
5973148 -0.0017851910606455634
5973559 0.1572961750439561
5973979 -0.06492862176195957
5974326 -0.28336354153742216
5974781 0.08419705359970575
5975167 0.10012076232377032
5975546 -0.05068587538310515
5975922 -0.017750915579770155
5976317 0.02051499526160394
5976702 0.1814329147693312
5977056 -0.09201506807449134
5977404 -0.1229571607598513
5977775 0.16729725151596903
5978131 -0.11587802660606406
5978489 0.13493651031768467
5978824 0.0852619651161528
5979159 0.06146107163997966
5979508 0.023752301531273223
5979841 -0.18830580963720012
5980184 0.1610343624479892
5980536 0.10038153035118944
5980869 0.0674480429958495
5981218 0.1178319173731267
5981557 0.0032760577254609125
5981898 0.07955640155953936
5982232 0.11733840419331709
5982551 0.27648205707928725
5982868 0.1911262598623163
5983184 0.13832924915319966
5983502 0.08702809117324234
5983825 0.20532689054154646
5984139 0.028312048095281206
5984451 0.24416495203111993
5984766 0.09998416292205109
5985108 0.14229550934375784
5985445 0.150001880205061
5985774 0.12349438005164876
5986101 0.06525831200574977
5986428 0.13084148764380782
5986758 0.05185485346216184
5987085 0.09329643875478194
5987405 0.2263155955054263
5987725 0.0971774536555372
5988053 0.015083317021446385
5988373 0.11884148985365933
5988690 0.09872711332740858
5989006 0.05398741177192551
5989344 0.19253439802613895
5989679 0.09177029861447661
5990040 0.10425602690006652
5990415 0.15093967619997717
5990776 0.1632748762625183
5991131 0.06574610541431292
5991498 -0.0535227805473284
5991859 0.27351023903153737
5992202 0.007698825733200576
5992541 0.039284848328105526
5992875 0.06082513125245659
5993216 -0.0332621290752767
5993540 0.05015794705251547
5993854 0.0681144494085757
5994168 0.07817308174422627
5994490 0.05312878693787981
5994815 0.052711443279638726
5995147 0.07039598872259212
5995470 0.06883634821065021
5995798 0.05053857192519673
5996162 0.05614019703469253
5996521 0.020183180755088348
