4139220 -0.0019453539319373436
4139473 -0.013431895941704547
4139732 0.05978364092760463
4140095 1.1347273246153828
4140233 0.028518395701434163
4140535 0.04646911661445863
4140742 -0.049974833926679785
4140986 -0.04777406294866027
4141243 -0.05082751940776409
4141488 -0.0010069411613237156
4141728 0.18411238884598236
4141976 -0.05552806420560741
4142209 -0.061869007636888074
4142329 0.17286958221321858
4142449 0.02073613134563479
4142689 -0.060463551229799184
4142941 -0.018096856949095463
4143170 -0.025253970997978437
4143407 -0.07383890341367805
4143646 -0.05128660590320966
4143885 -0.015600280187714977
4144355 -0.03572328793458712
4144603 -0.12381832549473326
4144936 0.9471026588827438
4145073 0.030731137454725888
4145310 0.15172037447926012
4145543 0.00977090890465604
4145780 -0.0009441150398512566
4146018 0.03129525718575532
4146255 -0.027145427663850585
4146432 0.2794015798471707
4146736 0.0042773499180710495
4146979 -0.2176736831402175
4147233 -0.08165863777367238
4147469 0.026805520842105468
4147718 0.006424162391945591
4147959 0.03567240203793309
4148208 0.019978559935598716
4148459 -0.007365736499533759
4148698 -0.02363906530535645
4148947 0.016060383414689797
4149195 0.028410338677194086
4149432 0.013507782671682234
4149676 -0.033692610737502626
4149923 -0.0680512578774844
4150175 -0.03462498558834104
4150421 -0.05080004743804434
4150668 -0.06657847398747829
4150918 -0.07303947280019918
4151165 -0.029237618436235402
4151414 0.0026061790742372137
4151657 -0.048168463306917375
4151906 -0.028606738052886438
4152149 -0.03412663225428725
4152408 -0.09423388759680418
4152649 -0.04141402561559787
4152902 -0.05773021927814348
4153149 -0.0317665591309606
4153396 -0.36485621728619944
4153664 -0.1679818553416863
4153915 -0.23520749339048863
4154168 0.011807448162033385
4154414 -0.04037790484718984
4154669 -0.005703645260133339
4154917 -0.053253026266829595
4155186 -0.06988759002104017
4155529 0.02905194771969266
4155698 -0.041632951785460004
4155958 -0.04098353212021599
4156200 0.007439804749089007
4156455 -0.05284602816722217
4156970 0.040810621114786505
4157217 0.2737380613743047
4157476 -0.004245573874669506
4158216 -0.22661728613110182
4158477 0.01641789827436191
4158733 -0.12292549884158277
4159017 -0.21248366731271873
4159982 -0.08783642460447225
4160214 -0.11709212230466054
4160367 0.6339837271431655
4160458 -0.40341444502437646
4160702 0.0015538205236926422
4160941 -0.0008682774078739158
4161185 -0.019121522939429994
4161424 -0.014001851897611911
4161656 -0.009753132491359742
4161894 -0.06001112969920462
4162132 0.003815874818267099
4162370 -0.030756750766507246
4162609 0.004672277285797
4162856 -0.026689662847699025
4163090 0.01939232994880158
4163330 -0.04851620997462203
4163574 -0.027398453073015583
4163829 -0.22331393909299502
4164065 -0.00270938935162357
4164301 -0.012992094048707603
4164536 -0.15009850394551427
4164788 -0.021144193697548497
4165026 0.015608331522987795
4165432 -0.22270915906651834
4165524 0.10058315371804019
4165784 0.1252442769327795
4166028 -0.06947616374251597
4166264 0.010268032143984862
4166511 -0.08791418569917253
4166766 0.15481593900321866
4166898 0.4309465327565396
4167009 -0.018959268311565247
4167267 0.10547770176925408
4167514 -0.05952225718971593
4167760 -0.03490854420146666
4168008 -0.04587007865483661
4168254 -0.08980718827693768
4168504 -0.08793616443282715
4168990 -0.02643191251573035
