902947 0.1043898545877684
903369 0.1168553265183046
903793 0.10270644911119614
904197 0.09200652827868394
904596 0.08976445261805804
905000 0.10158512758959098
905420 0.11390812376452286
905851 0.12612220962453752
906280 0.11434229672485291
906693 0.08904747759850112
907100 0.08744800053922352
907515 0.11321280925563154
907950 0.11675532607233491
908390 0.11770742071841361
908812 0.0954821144656503
909224 0.07433880938156195
909645 0.1004703105850574
910070 0.11812864660368932
910504 0.12204229324592025
910940 0.10991355491105065
911358 0.082821115121812
911761 0.08900908008381597
912165 0.10081517248417504
912580 0.10457732467495845
913017 0.11830076469022899
913478 0.11603733105085495
913919 0.09026836646203884
914343 0.09236844245787057
914780 0.11087387734936893
915238 0.1138650826071842
915705 0.12273123631211968
916158 0.09866894984926983
916592 0.09038221343545766
917023 0.1076421328859905
917452 0.11326770662428182
917886 0.12041859949620981
918302 0.09491361974050866
918706 0.09207160748326304
919108 0.09444556930844483
919515 0.10819346208622477
919940 0.12640896836443638
920378 0.1320267500052446
920816 0.0997858578376154
921253 0.09010445439736331
921703 0.10986676847607463
922160 0.10685707609747297
922616 0.10580627632053674
923061 0.10034818780610066
923498 0.11326471989418041
923933 0.11531209151112193
924365 0.11233739787813624
924777 0.08513367504821312
925180 0.08739614965427489
925587 0.09652375861328072
925993 0.12290728403666984
926400 0.11857927672260526
926794 0.08890883365987118
927180 0.08754502184952567
927564 0.08460372741448935
927964 0.11906470215837
928392 0.12446183473400751
928816 0.08979175859245503
929234 0.08877047854064646
929682 0.1138472751775852
930159 0.11236073336666841
930646 0.1043383929375239
931098 0.07810089600818104
931546 0.09194209785606855
931999 0.11194074000977905
932456 0.11056130108757783
