1951834 0.1061456084672216
1952241 0.09986484689193686
1952648 0.09247382891294165
1953057 0.15674800724831023
1953464 0.12583897275214523
1953873 0.11255790589492737
1954294 0.12765704805251288
1954728 0.1283129325608799
1955161 0.12689266479105854
1955590 0.12293804713952566
1956009 0.12349866868751275
1956435 0.10685544366180638
1956856 0.11102172439341645
1957285 0.13369814630105376
1957714 0.11098902302678498
1958119 0.10158371539940464
1958541 0.10612357283833845
1958974 0.10127981814819587
1959415 0.09802097080513328
1959855 0.11817272965873649
1960280 0.11330958087692694
1960695 0.12057995568584673
1961101 0.11850110880150444
1961511 0.10761971869059789
1961923 0.12242982299185395
1962311 0.13545041523676365
1962710 0.09418345493787711
1963111 0.10572036032057747
1963511 0.09348672656845425
1963915 0.11440188260474304
1964321 0.10461827579372696
1964738 0.08998080818696808
1965153 0.1449849669369862
1965542 0.10156630034442726
1965934 0.10812175740996427
1966322 0.07013564050412374
1966714 0.06908027933506544
1967110 0.12997868060747308
1967511 0.08510279866816056
1967897 0.09556059554974172
1968283 0.12909016005177187
1968668 0.07280103199910398
1969062 0.06881431805986082
1969472 0.09093946569919953
1969863 0.10335623286450518
1970251 0.07228782289490293
1970636 0.06431814840562278
1971015 0.08021011624988761
1971402 0.0934341094267993
1971777 0.09302803437304602
1972155 0.09176333680700788
1972537 0.12963124808988058
1972907 0.053696214600923275
1973263 0.09097650649031541
1973615 0.09779766094604564
1973957 0.08591239836755443
1974308 0.10376352222411872
1974676 0.10788136666190284
1975053 0.07167616439984537
1975444 0.07623711685784046
1975872 0.06740512723594183
1976316 0.06393783780431245
1976741 0.09807471586720401
1977180 0.10195771552622052
1977627 0.13419331689237968
1978045 0.11452352868146592
1978470 0.08356669351673202
1978899 0.10589300859648754
1979312 0.11320648324705612
1979722 0.10870601976825639
1980131 0.10203849935455045
1980532 0.09071695686206244
1980953 0.10386466209879819
1981385 0.09580591428550522
