4408846 -0.509654164427932
4409183 -0.5184864452666673
4409544 -0.5183596877387228
4409897 -0.4571068162455595
4410244 -0.46528839115370446
4410605 -0.5128117830038855
4410975 -0.5133572449282807
4411357 -0.49876963168644795
4411723 -0.45517856676889257
4412086 -0.4868693278245212
4412449 -0.5186427290764827
4412813 -0.5308920823441199
4413175 -0.5271728555831555
4413521 -0.4667476203940918
4413858 -0.46955397784078934
4414202 -0.49633324063312145
4414556 -0.510985127857067
4414926 -0.5195219966104208
4415295 -0.4624119679448383
4415657 -0.5647242372961034
4416015 -0.5140174939372576
4416365 -0.48734189173031983
4416701 -0.4592029181588686
4417032 -0.5172685844999821
4417359 -0.511052210921087
4417687 -0.5133665092776198
4418018 -0.5182313747007234
4418348 -0.47990061557303654
4418682 -0.5004484597170491
4419022 -0.4778049664733473
4419368 -0.5905903424390122
4419725 -0.49160072413868316
4420070 -0.4837125867228963
4420418 -0.5317721577592783
4420766 -0.5452010848540131
4421116 -0.537984740474033
4421453 -0.4733551614113881
4421789 -0.536041370730244
4422127 -0.5402262145205321
4422463 -0.5501105976759347
4422804 -0.5338898315428949
4423137 -0.4656150032883124
4423474 -0.5289253552567525
4423817 -0.5324332640428043
4424163 -0.5379571506308479
4424513 -0.4964410254532835
4424853 -0.5192952449694156
4425195 -0.5346628849840678
4425538 -0.5643975931712784
4425881 -0.4955788429737824
4426215 -0.49565182249645234
4426554 -0.5289686437983132
4426891 -0.5422037025103619
4427232 -0.5434339939441604
4427573 -0.48972675871070537
4427912 -0.520358585190126
4428257 -0.5478908175624357
4428605 -0.558950499998512
4428951 -0.49004618522925336
4429284 -0.49707549073227564
4429619 -0.5322650012495378
4429951 -0.5693464263038454
4430284 -0.514641114116058
4430602 -0.4345802350565454
4430913 -0.38894540155392704
4431227 -0.4438419509997336
4431537 -0.4805310677459915
4431861 -0.47960516774912554
4432207 -0.5389526667695647
4432572 -0.5448539143167721
4432951 -0.5503058856462141
4433326 -0.4842594395875472
4433686 -0.5101465001953063
4434040 -0.5300106914993641
4434390 -0.5355528963766711
4434732 -0.5306729070721683
4435062 -0.4926424325053616
4435390 -0.5021524571366132
4435723 -0.5050744994350598
4436061 -0.5138762633603075
4436423 -0.5177836012569229
4436790 -0.4934695783071989
4437170 -0.5057116776621756
4437568 -0.5030943883066463
4437971 -0.5140067490905496
4438372 -0.47511721704257015
