3150409 0.06487518207237952
3150830 0.06453955489444457
3151269 0.07162333623988332
3151693 0.0677434810234146
3152103 0.058672515017801075
3152511 0.06454748032010943
3152913 0.0775403657976389
3153315 0.07679945179275133
3153704 0.05994710870500658
3154085 0.054712637936556285
3154468 0.053128385331312256
3154854 0.07689012758173325
3155240 0.07032028824925163
3155623 0.052460446882038936
3155999 0.050991932670827966
3156375 0.05666790881060085
3156754 0.06081457436082849
3157131 0.058395380167553856
3157508 0.05120806419662022
3157886 0.047892122340793764
3158268 0.05321361091452276
3158660 0.05083093458831295
3159059 0.06766583491220413
3159451 0.058270171914001356
3159839 0.054749609798200316
3160227 0.048017335621505786
3160617 0.06716579504189157
3161009 0.06726700467592633
3161391 0.05196343824195787
3161768 0.03207992221623768
3162145 0.052881394295573037
3162531 0.06271485714726815
3162921 0.06108093855762148
3163311 0.05378929916981018
3163700 0.05436561410064106
3164092 0.046780758516185794
3164501 0.0632391583202978
3164916 0.06426048772570192
3165328 0.06023260257169588
3165727 0.04203395661293896
3166122 0.06003194902080389
3166523 0.06714160107676326
3166933 0.0550389272345746
3167338 0.05738220311843373
3167732 0.04944163491874992
3168124 0.0501965468204944
3168518 0.06063855913685601
3168920 0.06241913547142608
3169315 0.052127216535000354
3169704 0.05192143470161764
3170093 0.05126529874776181
3170494 0.05484974107219465
3170901 0.060826689246372634
3171302 0.05945910808085153
3171693 0.05498470925461019
3172076 0.05216927718524239
3172476 0.06465166565710262
3172886 0.06608641215933803
3173291 0.06425833923838564
3173684 0.04540707903213126
3174073 0.046133263179257866
3174469 0.05926049412971107
3174866 0.06430193325683314
3175263 0.06061982429028018
3175644 0.048035392319046244
3176019 0.0449059660534622
3176396 0.05905019626446051
3176771 0.05109611170553435
3177147 0.06389863592738432
3177518 0.04561371539301662
3177890 0.05040102903401311
3178277 0.056452493977690976
3178675 0.05870539825355631
3179078 0.06515642326609694
3179474 0.04581826260250066
3179867 0.058062958437946455
