3719742 0.09897540754600476
3720217 0.08307472261271309
3720662 0.07725415833028576
3721108 0.0881762009801208
3721621 0.10154059440436258
3722262 0.0722744538251262
3722827 0.07240029170095391
3723376 0.08521900649055159
3723938 0.08624203945715103
3724497 0.08048620777840731
3725010 0.07713895760378697
3725533 0.08787293725918166
3726070 0.09444878199022938
3726627 0.08786157287860674
3727160 0.07671475006029893
3727700 0.08866857736063127
3728267 0.0869202585510932
3728845 0.0906527442517161
3729400 0.07581561268835285
3729944 0.08763219323323007
3730512 0.09247974487774374
3731083 0.08791219508289327
3731634 0.07627356498280025
3732148 0.08286914192917977
3732691 0.09132356691419707
3733248 0.0889792940108513
3733799 0.0886958320688499
3734317 0.07637549489098105
3734822 0.09175481407789005
3735333 0.0915577030030078
3735833 0.08715515328293294
3736318 0.08435154189698868
3736783 0.0820852461834537
3737245 0.08741413198663939
3737751 0.09390782640069989
3738296 0.09384381357759508
3738804 0.08120373929561164
3739267 0.08177756223574689
3739755 0.09500108608585756
3740260 0.09018517651416014
3740747 0.0903460311683239
3741201 0.07835173231947234
3741636 0.092923678790929
3742075 0.0933560564613507
3742529 0.0960022229409696
3742991 0.09135037815268726
3743440 0.07817868041981918
3743888 0.08963026698913956
3744364 0.08805645752083097
3744855 0.08314096090065232
3745327 0.07362508580336796
3745787 0.07891443710668206
3746278 0.08739340881146102
3746803 0.083503986804418
3747308 0.08939327682576198
3747774 0.07678842710995876
3748230 0.08924069250171573
3748694 0.09474749399425642
3749184 0.08980409179386994
