1292547 0.059895108392787444
1292954 0.052962770383847
1293368 0.0798954367898076
1293779 0.09251433862881908
1294181 0.04812891186609103
1294594 0.0761781472194818
1295026 0.09175516215396451
1295464 0.08643638486774974
1295888 0.07412496859357065
1296330 0.16374280962766546
1296758 0.16716085715212087
1297197 0.04254113296547546
1297625 -0.002058619524467842
1298037 0.09039097823476722
1298467 0.10689588532402444
1298889 0.059900036775822785
1299287 0.09753085590114607
1299689 0.08087117377929753
1300105 0.1088879089305213
1300523 0.09008583608573828
1300935 0.0719367708860208
1301372 0.0934474045956682
1301847 0.06651961024911213
1302307 0.07965084099891007
1302737 0.09689012339139247
1303182 0.13225363271507162
1303632 0.1559103612192474
1304058 0.03566894764338535
1304471 0.07453290236167187
1304895 0.09437143892850025
1305343 0.0892241274304984
1305778 0.030967263577885262
1306218 0.06834453092556414
1306679 0.08881866043686931
1307148 0.04897149357999164
1307594 0.08339761576458815
1308048 0.08993010040068888
1308502 0.07921198481028746
1308938 0.0423483057755254
1309375 0.08105308380379406
1309825 0.08735874255530018
1310287 0.0747833306734682
1310727 0.03980919490160095
1311179 0.08465446916049835
1311635 0.10051445757669142
1312090 0.08386880672633079
1312534 0.0966638790941734
1312994 0.10271291854904763
1313457 0.10499383072120727
1313906 0.05187285841625866
1314345 0.07213681563126173
1314788 0.05616625403120623
1315614 0.06493381007378196
1316005 0.09929185953817288
1316397 0.09044435585618338
1316801 0.06952269491343577
1317194 0.05974658858212595
1317598 0.09042121312140106
1318017 0.10826361965329362
1318445 0.07525937752536882
1318853 0.07413711120096017
1319267 0.09082513365074374
1319692 0.10256247447469985
1320118 0.09473898777813505
1320534 0.07526941549739763
1320958 0.09698103823161353
1321392 0.08769885529964488
1321817 0.0950610918487142
1322227 0.07943336870973977
