1292802 -0.48175892746279153
1293218 -0.5186947908963753
1293642 -0.541580537710181
1294070 -0.49288230013813794
1294480 -0.47860429283073147
1294884 -0.4675424598702192
1295265 -0.4764103138575019
1295763 -1.200793617213976
1295988 -0.3678401669041189
1296472 -0.5715607592122693
1296684 -0.3754403219086313
1297049 -0.42722091162690545
1297434 -0.4282756883100929
1297938 -0.23007540177059266
1298244 -0.35076352465051164
1298630 -0.391670185124939
1299017 -0.81954434174607
1299400 -0.4555744129817099
1299766 -0.3775396206883834
1300143 -0.47200657243398053
1300521 -0.5008999811197088
1300897 -0.39698125926043365
1301281 -0.46186055673197257
1301677 -0.45863466335846975
1302088 -0.4660998347093486
1302514 -0.4639686407323593
1302923 -0.4180623083740375
1303354 -0.46654697588898514
1303792 -0.4784210311993672
1304239 -0.46905247549311446
1304678 -0.42648442765759587
1305102 -0.47683299170502286
1305538 -0.46466018359121625
1305989 -0.47699376997641596
1306445 -0.4516589916101449
1306870 -0.4370944483602829
1307307 -0.4714820374959837
1307753 -0.4721594402187889
1308621 -0.42747557836523464
1309056 -0.4860721428434556
1309495 -0.46171555527962976
1309952 -0.5271354160958942
1310387 -0.41513263369782494
1310842 -0.45046354833611685
1311314 -0.46516491144276717
1311795 -0.44926523595177575
1312240 -0.4459521037867939
1312700 -0.45673427758077323
1313159 -0.4730318798466654
1313597 -0.4013138561023891
1314032 -0.4498778892132291
1314472 -0.46635272550719636
1314930 -0.6282283460543244
1315358 -0.42669726357941706
1315793 -0.4873553325191752
1316235 -0.45564785725106605
1316669 -1.025874982741219
1317178 -0.08493015732628617
1317403 -0.2256579175689294
1317536 -0.4006282107865814
1318382 -0.4802254656914504
1318792 -0.4001451186251177
1319190 -0.491832543645759
1319589 -0.470879535110708
1319997 -0.31979420460314895
1320397 -0.4231636810832135
1320794 -0.46111038598701604
1321206 -0.5804131923569791
1321627 -0.46782942484313106
1322039 -0.4338895067095674
