135
137
126
121
134
138
137
134
139
139
142
141
138
139
138
140
136
141
137
140
139
141
138
137
137
137
140
140
137
138
135
136
139
138
140
139
138
122
136
136
136
137
136
134
136
138
134
137
138
135
137
138
138
126
139
136
137
138
137
141
139
139
139
140
137
138
137
139
138
107
105
103
104
102
97
103
100
101
102
102
101
100
97
102
88
101
93
98
97
99
89
97
92
95
93
93
95
89
96
95
93
95
95
93
97
97
96
92
99
97
101
98
94
99
100
97
100
98
97
98
96
97
100
96
97
97
115
129
122
128
132
130
130
132
112
110
111
109
116
112
112
110
110
108
111
113
110
103
113
112
110
109
108
107
109
106
106
107
109
104
110
114
116
114
114
111
104
125
127
127
125
132
136
133
121
127
133
134
131
129
132
131
136
131
132
133
135
134
135
136
134
133
133
133
135
133
127
133
134
137
136
132
131
130
138
137
135
127
123
115
116
131
109
141
142
138
137
138
139
142
135
135
138
135
133
137
141
139
134
139
135
136
129
101
100
91
93
93
94
98
104
100
104
105
100
106
101
109
103
102
103
97
97
103
105
103
102
106
105
102
102
98
97
104
100
103
116
97
106
96
103
104
106
102
93
99
102
113
112
127
135
116
129
133
129
131
131
131
131
129
132
128
129
131
132
136
132
134
135
134
132
134
134
133
137
131
135
134
131
131
131
133
134
132
135
132
132
135
131
126
80
93
90
98
97
96
100
98
98
92
107
130
134
135
131
134
134
133
124
128
127
130
132
131
136
127
131
134
127
133
135
135
134
136
119
127
139
133
121
123
129
129
125
127
127
122
125
117
110
128
123
123
133
135
114
126
130
123
119
131
124
129
127
130
131
124
122
122
126
124
130
130
120
126
120
132
127
137
129
135
139
137
120
129
130
129
117
87
97
99
99
95
99
102
104
99
102
101
100
96
101
101
99
98
101
96
100
99
99
98
100
99
99
100
112
111
132
134
131
133
129
134
133
121
138
136
139
119
116
127
122
125
122
116
113
119
127
131
128
122
123
121
131
126
111
119
126
128
123
122
130
127
129
129
131
133
128
133
125
125
129
131
129
132
132
130
133
133
132
122
131
128
137
138
137
135
135
137
135
122
132
135
135
125
127
137
140
138
140
137
129
135
112
101
113
116
117
111
112
115
117
116
109
111
117
112
117
116
114
122
122
121
124
119
117
117
118
129
123
112
119
117
113
106
114
