4458647 0.7751836245046815
4459016 0.87443597666155
4459391 1.2527189739193245
4459771 1.0572172691595507
4460146 0.8311984263040416
4460511 0.8615489518012873
4460878 1.010040134852559
4461246 1.1166000784445027
4461606 1.1984497604539266
4461964 1.0038398905576496
4462319 0.9911814004142646
4462680 1.0297843803459967
4463042 1.0444818220065188
4463409 1.0647577093535487
4463782 1.0225904657690108
4464154 0.8895569115203505
4464520 0.6901972241787357
4464891 0.8335551295149778
4465266 0.9707058724104074
4465638 1.3245441240758853
4466012 1.270011359031167
4466387 0.7865901491551586
4466755 0.6333772201582177
4467126 1.6129458085025679
4467496 1.2544210876437965
4467863 0.6000153534416188
4468038 0.7412955873238207
4468228 0.8606254583727195
4468587 0.9073561249804176
4468951 0.8043543676794496
4469313 0.5970306037671875
4469679 0.5868967228432288
4470056 0.6512186812315908
4470315 0.6373408518394226
4470437 0.5672958388115312
4470818 1.125024535149928
4471205 0.8977557151154629
4471585 0.8133311325133503
4471968 0.8165469587292773
4472367 1.048327819496578
4472764 0.8090398178963425
4473161 1.0243834731320882
4473555 0.9892087062899622
4473942 0.6515639795687695
4474323 0.6520464077531551
4474705 0.7641842575161291
4475084 0.7180377778990475
4475454 1.1795671240319456
4475821 1.1842107715171641
4476182 0.8587892271870143
4476537 0.9744913489222721
4476899 1.241473426771993
4477260 1.3341906768967946
4477624 1.0507662742187684
4477985 1.0280832690520867
4478357 0.9598126997663382
4478735 1.0055885810457195
4479120 1.0583735246287276
4479509 1.0961152752950056
4479894 1.0115526410275446
4480280 1.0535995486212189
4480670 1.1073760980737648
4481057 1.1068348875221163
4481427 0.7372420564449635
4481790 0.6139914744238721
4482166 0.8659666020010035
4482532 0.8763480553922189
4482894 1.1356028339980029
4483254 0.8374187827195618
4483607 0.9590980634950274
4483964 1.0564455287538035
4484320 1.0471895158151954
4484673 0.833434338402322
4485021 0.6453225027760583
4485369 0.5864752090595774
4485721 0.6454212040677025
4486076 0.6229711163827839
4486430 0.8610576639297792
4486781 0.8903443092868255
4487135 0.9592817530558179
4487488 1.0054917109413526
4487839 0.9484767856812427
4488189 0.8616977791000764
