1559000 -0.04547489708263658
1559524 -0.04893769225339811
1560040 -0.06239533715689166
1560554 -0.0450916033120764
1561078 -0.04356476382885044
1561606 -0.056088709954768
1562118 -0.047821921386269284
1562638 -0.04368933613566889
1563171 -0.05148395124065236
1563697 -0.050616534242884925
1564220 -0.05132018054845522
1564732 -0.04361429425807378
1565264 -0.0405033988056977
1565787 -0.04067720267988911
1566307 -0.05149494457318049
1566821 -0.04210023613968583
1567350 -0.04316018502127983
1567862 -0.05407882889762039
1568363 -0.04644677028879607
1568883 -0.03811123489692175
1569400 -0.05207810530328477
1569919 -0.04987660108442765
1570440 -0.05155522066835022
1570960 -0.04947133892879679
1571487 -0.049043264628193806
1572015 -0.05476009305905277
1572536 -0.051971460603376485
1573050 -0.0350123281898122
1573569 -0.05464639079699957
1574078 -0.04853093949733456
1574594 -0.053454125978760925
1575099 -0.03926593245897242
1575612 -0.054578029462438615
1576126 -0.05635869655761161
1576626 -0.044451555271751264
1577144 -0.047854867679754054
1577655 -0.047473742368268734
1578172 -0.049278640813475605
1578689 -0.0480561841515692
1579207 -0.047148430676890396
1579729 -0.04850780812681149
1580250 -0.04273025796197738
1580767 -0.04364894526564417
1581293 -0.05070340083548702
1581818 -0.053927612579762196
1582325 -0.04743547313551477
1582846 -0.042392662816290116
1583364 -0.051732319629854806
1583883 -0.0639907082181021
1584381 -0.04242811212016773
1584897 -0.04771033572615835
1585409 -0.051208088444262
1585926 -0.047463016192107244
1586435 -0.03296026293627069
1586966 -0.05346283317541628
1587490 -0.051733791277481234
1588011 -0.04527573547066682
1588542 -0.03429406963477544
