1768340 -0.03996309703025713
1768818 -0.06367699135213892
1769298 -0.09097590174596687
1769781 -0.09188387707288567
1770252 -0.09581328559303046
1770733 -0.16033615576249138
1771222 -0.15867615821739567
1771680 -0.11685348146482732
1772202 -0.1560426272048111
1772610 -0.1464468751260667
1773116 -0.03754802623631592
1773584 -0.3361666559297364
1774079 -0.17082252040423251
1774475 -0.33253016011891
1774842 -0.2361442041522768
1774984 -0.12524440567962
1775370 -0.2208437490877868
1775807 -0.24050178716780163
1776274 -0.22268662659008634
1776763 -0.1173636041450774
1777169 -0.1217570281096883
1777607 -0.26063565398112576
1778059 -0.07513421091291722
1778563 -0.1494477437896039
1778978 -0.14255039652096513
1779433 -0.20419545970172714
1779881 -0.09465896403800655
1780323 -0.07433812182451754
1780766 -0.1515489163079884
1781218 -0.15424926847987175
1781689 -0.16756927181694387
1782108 -0.13685984286424202
1782579 -0.32539344103949025
1782989 -0.1361145886758901
1783453 -0.23033453957004046
1783842 -0.49319399297699373
1784294 -0.4981775507052624
1784771 -0.11693916006365253
1785131 -0.16279511892597798
1785548 -0.24123201566316732
1786030 -0.3175106389655322
1786426 -0.22514005418921718
1786867 -0.1262351245567484
1787330 -0.09910992336372204
1787814 -0.13042585118288086
1788218 -0.16924044859884474
1788589 -0.15535312730261663
1789035 -0.11224220084222247
1789478 -0.5384873380247248
1789922 -0.10701496102058139
1790374 -0.18932759736050597
1790717 -0.2857270597322563
1791202 -0.4481917778764237
1791414 -0.17098682576856916
1791699 -0.2889224863625879
1792041 -0.3040499589117357
1792534 -0.2854378664745776
1793006 -0.048610384502092874
1793359 -0.11050104244515535
1793834 -0.15103199010802437
1794236 -0.11004687588304862
1794644 -0.148396958065673
1795090 -0.05119463861058837
1795488 -0.0866951355232235
1795939 -0.06703637767436288
1796376 -0.15749930034477821
1796897 -0.0811720262275265
1797324 -0.0874582121399613
1797720 -0.1220025269318813
