3502074 -0.0881150297269539
3502447 -0.14103026428300666
3502825 -0.12650110419089922
3503213 -0.07703939088701088
3503559 -0.07590038572323599
3503912 -0.10081070870575151
3504276 -0.14327541641557717
3504704 -0.2003670886906811
3505005 -0.14623538544000325
3505370 -0.1241430029401307
3505730 -0.18163683508802686
3506103 -0.12539406496011307
3506452 -0.14274406324474387
3506812 -0.1130059080823122
3507255 -0.076547778728
3507524 -0.13174888344775923
3507883 -0.1400461283672268
3508241 -0.07305382980068303
3508599 -0.07925571208265987
3508958 -0.053350649685766485
3509324 -0.06931676098094748
3509694 -0.1543431053690077
3510099 -0.09235209527445853
3510444 -0.11334206630793564
3510893 -0.029952212691884972
3511280 -0.05471628158884834
3511589 -0.486265822262935
3512008 -0.030717923591464746
3512293 -0.3909641116361695
3513005 -0.5721286657116806
3513365 -0.16548950337168744
3513714 -0.15178513567087126
3514082 -0.2506627496867635
3514415 -0.22097881449136914
3514773 -0.06823171183969223
3515133 -0.10657017981746952
3515630 -0.545973671312145
3515986 0.0
3516236 -0.0251559848908256
3516692 -0.11953322177632719
3516986 -0.08241626696987914
3517369 -0.10024198642267301
3517763 -0.10677339784823714
3518130 -0.12224071373600598
3518507 -0.11356564917604822
3518885 -0.10518548827647017
3519264 -0.07983042812176222
3519643 -0.10393802390473822
3520023 -0.08316522747337171
3520398 -0.16649975281171198
3520773 -0.13913869570003123
3521127 -0.11385546280283773
3521474 -0.19731765760521686
3521900 -0.1618398009547919
3522161 -0.032066683181354805
3522528 -0.15958355794483037
3522925 -0.1284649597642527
3523256 -0.12689989352750558
3523588 -0.12441097608070084
3523883 -0.09562811135264737
3524324 -0.10098249829459544
3524709 -0.23393192908401134
3525017 -0.29650235558454036
3525401 -0.3241203049359554
3526170 -0.23025734315350688
3526448 -0.5396774934574569
3526816 -0.08927623015096442
3527161 -0.1447686109121018
3527475 -0.11618750407214196
3527906 -0.05893616815099792
3528185 -0.18804185778492774
3528612 -0.07261809433909239
3528967 -0.18577066635185024
3529289 -0.08184877237219196
3529659 -0.051315588815352614
3530038 -0.11580654161887162
3530421 -0.16321828318197965
3530803 -0.08088969976019195
3531177 -0.13031691998906633
3531554 -0.45055078702824
3531926 -0.1307529765009939
