2754824 1.306714965009619
2755231 1.2993067514697754
2755633 1.194184716717106
2756040 1.2828340465494672
2756447 1.3063964641922754
2756854 1.2983662475295827
2757259 1.1572089710103226
2757664 1.2650788215686688
2758073 1.3577795735682816
2758482 1.41634994739211
2758887 1.2195703557714506
2759288 1.264741237661751
2759691 1.3701836214140768
2760092 1.4359068393772614
2760491 1.2341002942163226
2760884 1.2538055285847136
2761283 1.336885491114211
2761682 1.3645541323999577
2762080 1.1609846517006825
2762474 1.2216025724699429
2762874 1.3506322282480383
2763272 1.3760710002022505
2763669 1.2065899635596335
2764059 1.224563527044518
2764452 1.3490150004415407
2764839 1.3681305832772388
2765227 1.4510019902664046
2765615 1.5064286163245229
2766004 1.2126820486475356
2766381 1.034884618719832
2766776 1.2416178313716206
2767169 1.1752601570542867
2767552 1.1543941214710085
2767941 1.1924020260721886
2768328 1.297180584017209
2768714 1.2230288317946856
2769097 1.342983088554739
2769480 1.365823297059433
2769862 1.3225911374780281
2770235 1.1399791447277887
2770610 1.3006634780946709
2770980 1.2848403698290611
2771348 1.2094793536565285
2771716 1.287878602599517
2772087 1.361746286041146
2772463 1.4254253011729796
2772844 1.2799705131270085
2773226 1.1660242074290605
2773618 1.3102493613423565
2774020 1.34308228549362
2774414 1.2739033361065215
2774803 1.2275353684053778
2775194 1.3113188480904476
2775584 1.338035526542488
2775968 1.3414621882818045
2776353 1.3850796798476952
2776740 1.2717661826019315
2777123 1.1771268257311587
2777514 1.275326799540973
2777906 1.3430101308572293
2778297 1.3060713933886068
2778685 1.1649297719264688
2779078 1.2588686281071688
2779474 1.35903832538808
2779873 1.2867676548945883
2780265 1.1778249332870927
2780661 1.2720907918950557
2781062 1.3780844561420902
2781462 1.307263182095746
2781859 1.1942656650288892
2782258 1.2630302056320217
2782660 1.3404445286218525
2783064 1.3197020159857829
2783463 1.1685967654387708
2783868 1.284350105578636
2784273 1.357203250211743
