4488224 -0.10091126285080665
4488622 -0.10677716823581934
4489049 -0.07679383942107182
4489471 -0.08378290543886782
4489882 -0.07886745462029163
4490300 -0.0998944030514391
4490719 -0.10606218941258488
4491169 -0.06734708116654498
4491603 -0.07649367972924215
4492033 -0.08037895713437698
4492455 -0.09498163429588102
4492859 -0.12269829416894018
4493262 -0.10009795726368131
4493673 -0.08881218757061521
4494102 -0.07893224354840495
4494548 -0.08516250495842981
4494978 -0.11253097276727675
4495403 -0.10384165799843564
4495825 -0.07229557345949994
4496240 -0.08286378186173382
4496658 -0.08767108541567847
4497080 -0.11765682490729917
4497515 -0.09230266920767316
4497946 -0.07657190377320011
4498372 -0.07005914638655855
4498790 -0.08298596616004644
4499204 -0.113285717368589
4499613 -0.11656139780738328
4500042 -0.08236243181076836
4500496 -0.0789188929155673
4500937 -0.0807900560027498
4501372 -0.09556459383890814
4501807 -0.11452075061126399
4502232 -0.09971832209497217
4502656 -0.08593257990061792
4503074 -0.07431779179092896
4503495 -0.06544867614158467
4503928 -0.11316528265848086
4504386 -0.1072211664523412
4504818 -0.12081057471192613
4505256 -0.10408993790239285
4505678 -0.09580822894189778
4506091 -0.09487715491482934
4506496 -0.10310014946659193
4506895 -0.1492701797830864
4507319 -0.1385070830837647
4507770 -0.09064184307674075
4508203 -0.07995099976862108
4508633 -0.08533663627102678
4509062 -0.07451372183032573
4509493 -0.07998276290751294
4509928 -0.08572012894083775
4510359 -0.08472271163626532
4510785 -0.09098545220547405
4511203 -0.11680888448515864
4511662 -0.07767428060636744
4512098 -0.08755058648627084
4512532 -0.07849990071819074
4512964 -0.08914163153450122
4513385 -0.0951851799045475
4513801 -0.09055352192339133
4514228 -0.09154043580076893
4514669 -0.10327711565994102
4515102 -0.09734805497759519
4515537 -0.0944199967298292
4515972 -0.08853017087856663
4516402 -0.09763796617545856
4516828 -0.09480266894499645
4517262 -0.08930952748041654
4517695 -0.1258301262304325
