7119978 0.978485660399762
7120509 0.9665297005732798
7121046 1.0024331732620688
7121582 1.0275349625948385
7122117 1.0062061348912188
7122648 0.9912974792861526
7123182 1.0160771669322017
7123516 0.9527640628287143
7124139 0.9677838248716493
7124697 0.9710848801763021
7125231 1.0076829602731823
7125759 1.026100527752026
7126283 1.012556469960881
7126811 0.9929204679473845
7127345 1.0377352797662427
7127879 1.057253964751867
7128408 1.0203783130706698
7128940 0.9985000714936565
7129474 1.0301121091930292
7130004 1.0244617673790293
7130528 1.040199438588034
7131055 1.0162888968375818
7131578 1.032271817394969
7132097 1.0303934191375683
7132612 1.03834765426184
7133129 1.0119812957337764
7133648 1.0415157374381314
7134161 1.0452629960214344
7134681 1.0368144462936328
7135206 1.0387008003277836
7135727 1.0315585915819812
7136243 1.0066656830767513
7136758 1.003705364844302
7137271 1.0892968614884648
7137765 0.8510616918843809
7138236 1.0311140900587599
7138397 0.2261021618898879
7138715 0.838339389332388
7139154 0.9421612911596127
7139581 1.0437681755364814
7140006 0.9281920942175397
7140420 0.7724540418515868
7140703 0.25191033910857064
7140897 1.1716487091222527
7141057 -1.0126409640150422
7141232 0.9545145194297301
7141629 0.45505418442157913
7142410 0.8877912514027901
7142806 1.113137271626957
7143193 1.1095874960625107
7143580 0.8885278579177842
7143966 0.9670300726188026
7144349 0.7085214399166149
7144729 0.6390510911372107
7145115 0.8787080000984481
7145502 0.9375706730443054
7145899 0.9397119169310962
7146316 0.8776993937072591
7146740 0.7157595705328685
7147188 0.8946550626545712
7147656 0.9631517532703068
7148153 0.9848332645615425
7148649 0.9780716929646442
7149162 0.9469982318467504
