4368865 -0.046013451417203255
4369408 -0.06595270889121041
4369776 -0.044220691894498704
4370220 -0.03621217965934076
4370759 -0.06589119319795211
4371131 -0.03722550926740675
4371548 -0.03427147674741174
4372085 -0.06715768567671881
4372520 -0.05630134448313595
4372869 -0.042253401338975455
4373380 -0.04312416808828043
4373840 -0.053738633033049155
4374281 -0.04948808515148134
4374635 -0.039384010429716426
4375161 -0.04761750009780924
4375616 -0.06320159628909322
4376061 -0.04317419053147026
4376425 -0.03498300744751831
4376971 -0.06491405964952413
4377420 -0.06820358739630888
4377780 -0.04695218543828217
4378219 -0.023543476937499364
4378755 -0.07023041778943234
4379203 -0.06054558844813407
4379561 -0.047057398383091475
4380002 -0.03316936342301918
4380529 -0.05271073449033059
4380986 -0.06497057630791236
4381359 -0.04053652998269208
4381813 -0.04067523560007136
4382383 -0.06775704671591498
4382860 -0.06966951850167352
4383245 -0.03854619322413516
4383806 -0.04779082610795926
4384289 -0.0706661400160879
4384784 -0.062233821193433625
4385169 -0.04554276912859673
4385732 -0.04865359077932391
4386215 -0.06877368386422245
4386594 -0.04492596277585348
4387061 -0.04181075517324698
4387612 -0.06380258316673759
4388081 -0.0681581479891181
4388465 -0.04630743896249628
4388929 -0.040961753938766304
4389496 -0.06838867075707716
4389965 -0.06868863937525685
4390349 -0.050024896590605744
4390814 -0.04015389242325579
4391379 -0.06876066166079231
4391850 -0.06811986424717298
4392236 -0.04672896395755155
4392701 -0.03279261288383131
4393267 -0.07121259150187728
4393756 -0.06662030433948238
4394137 -0.04336348108587884
4394611 -0.03221277433172712
4395180 -0.0726995070064525
4395658 -0.06693825449003848
4396049 -0.038738188474181146
4396583 -0.03058280949537523
4397094 -0.06965819387551558
4397559 -0.06795540993509075
4397933 -0.043921922679187514
4398405 -0.03334395820468333
