1050583 1.0510081169853516
1051049 1.0037839710444831
1051537 1.1434486396186094
1052025 1.1780102471343683
1052502 1.056757248110033
1052976 1.036015140654875
1053460 1.1499874922122855
1053955 1.1810918592653386
1054446 1.0894934407141887
1054928 1.0146471473873016
1055408 1.0863082554299883
1055902 1.1549408932674552
1056392 1.1327049449799667
1056865 1.0296116153444057
1057344 1.0738402456318727
1057836 1.1638999259622849
1058325 1.1852384097894433
1058804 1.0644952072598084
1059274 1.027303465947568
1059761 1.1528427428134522
1060255 1.1970987198826375
1060734 1.074981043317332
1061208 1.023180971518633
1061693 1.1407829965013223
1062184 1.180991324902718
1062674 1.0870407541606901
1063154 1.0216458381118958
1063630 1.0845878111072327
1064119 1.1735546586011631
1064608 1.0968082868530902
1065083 1.0338329115277691
1065556 1.081730565224479
1066044 1.1591163157865285
1066530 1.1466070190094748
1067003 1.0422865362436005
1067476 1.0686979747719918
1067966 1.1693162921602664
1068459 1.1847704190363149
1068938 1.0749102449227501
1069415 1.031315458645031
1069906 1.1249288396561816
1070407 1.1754309664140157
1070899 1.0819131093084027
1071377 1.0339832279793777
1071852 1.1015683208926765
1072343 1.1714590611457123
1072826 1.1006112492703617
1073292 1.0346054416289003
1073762 1.0789642228770366
1074246 1.1681766596330445
1074728 1.183103936205224
1075202 1.0683051094181408
1075665 1.0092015851641545
1076147 1.1476623430664579
1076636 1.1876249809835189
1077121 1.1072432717837475
1077593 1.0538684071939894
1078076 1.1595666135280913
1078567 1.196376448969183
1079048 1.091383591424559
1079519 1.0370724530003803
1080003 1.1588260971719455
