4129447 1.5437476109400432
4129835 1.2466161437281995
4130228 1.552140686526661
4130623 1.6048758845686386
4131018 1.6239075019520286
4131413 1.5048491763867555
4131802 1.4195749772266513
4132192 1.412453735945259
4132577 1.3847315920702143
4132958 1.31369085867753
4133338 1.3643309973663105
4133718 1.404602842888629
4134102 1.4551719300008614
4134487 1.206109868637017
4134876 1.2998554243840714
4135272 1.4410537432100234
4135674 1.3916120514909562
4136078 1.0431780038995486
4136475 1.0551898718083645
4136877 1.040480185304109
4137280 1.0045433690472172
4137679 1.0380946064772965
4138070 1.0500674697727075
4138464 1.013815513120803
4138848 1.1214706926392657
4139244 1.1946757367498404
4139638 1.1363508348225273
4140027 1.025144974423407
4140417 1.1575370369512132
4140817 1.2315817829424054
4141221 1.1448315925117138
4141623 1.0363623377702293
4142017 1.0886007685805752
4142413 1.2439384631203474
4142808 1.2005361295467991
4143201 1.0841453671344108
4143595 1.0976559142320501
4144023 1.207914650051431
4144432 1.2208372734547706
4144834 1.0733793811669508
4145234 1.137792580268203
4145638 1.2191549863177202
4146040 1.2505973865940965
4146441 1.1166912656429515
4146841 1.175252455970856
4147248 1.2502835894044702
4147655 1.252031280560915
4148059 1.1412486337697758
4148461 1.0965963775071195
4148864 1.3010675621361147
4149265 1.3055649053713678
4149662 1.177160917514593
4150050 1.0964964154688743
4150443 1.299949081355227
4150835 1.3419500671291325
4151255 1.2336528795479245
4151675 1.1439202351613282
4152090 1.2984454319895509
4152502 1.3517651193165738
4152909 1.3329008944946128
4153313 1.1691113234232873
4153716 1.340742054465176
4154117 1.3699367343355302
4154514 1.33128432859319
4154908 1.182081281445227
4155297 1.2703192649392454
4155686 1.319001077481166
4156074 1.273944121776874
4156455 1.1737604515712037
4156842 1.3448557584180456
4157228 1.3885513058398546
4157627 1.405090132768863
4158021 1.1990285972316483
4158406 1.2012060272270286
4158793 1.3328506128375575
4159183 1.3797740922388175
