2605147 0.8931712025598764
2605532 1.0626869216630803
2605911 1.0104803290155793
2606289 1.0233940465276645
2606668 0.9950217509549395
2607048 1.0143328775323992
2607423 0.8668631353545996
2607806 1.010127606871965
2608192 1.1021482412939854
2608581 1.161233352706361
2608969 1.0735179934148404
2609367 1.2216815763510631
2609772 1.3686862837704805
2610186 1.2438266418277597
2610594 1.2042868311019572
2611015 1.3044046183107858
2611429 1.3749009241205337
2611841 1.2317244339882962
2612241 1.2946107299507161
2612653 1.392784801465726
2613068 1.4503858528872673
2613484 1.317948198981703
2613891 0.9871361884963143
2614276 0.7636251789144165
2614679 0.8266182141870005
2615088 0.9864271970053047
2615490 0.9450486058590898
2615889 0.7076073695876081
2616291 0.6420865720871218
2616697 0.8734323188431294
2617103 0.9364997913091269
2617506 1.0308649095270228
2617903 0.8669986656367838
2618301 0.8731302088733502
2618696 0.8425367974013842
2619094 0.7596758003420987
2619487 0.784142788333858
2619893 0.8765085625658113
2620297 0.8779312341471347
2620707 0.7610376724634614
2621110 0.8396389840195094
2621511 0.9732871174663996
2621914 0.96023600308463
2622311 0.9797369950991646
2622713 1.1667271917569382
2623110 1.2495696279696444
2623508 1.1474747569092627
2623894 1.1507162179370154
2624287 1.2974942271755874
2624682 1.3855671892378902
2625084 1.21318730979501
2625484 1.127174095488424
2625897 1.0759975365264862
2626329 1.0591683183369507
2626740 0.9156044130772685
2627169 1.0570065022797954
2627603 1.1827638775474456
2628036 1.1375846399574698
2628458 1.0487517065763359
2628889 1.1527519653392886
2629324 1.2335319636445727
2629756 1.2948755567510921
2630184 0.8462325754783874
2630608 1.1226998473585434
2631033 1.341367664391423
2631457 1.188147744300284
2631871 1.0933399747187256
2632292 1.2171585577385349
2632713 1.357099181930535
2633136 1.2473733253846573
2633553 1.2075874909106763
2633980 1.3236281891226018
2634408 1.4151981322866107
2634831 1.2119685593840404
