153518 1.0680233268761836
154022 1.0558016093081688
154536 1.169854234647412
155051 1.1717176494748838
155564 1.0896700860953503
156070 1.0463441270068017
156580 1.1698563885823559
157090 1.166576329469217
157603 1.0885698141471558
158107 1.0333657659912636
158621 1.161359385514723
159137 1.1682630954838122
159647 1.0728159050099593
160148 1.0173352616626992
160660 1.1532732189298636
161175 1.1676264200614244
161680 1.0557026970489334
162178 1.027440835130529
162682 1.1735272205273477
163185 1.1770738876189506
163680 1.0272571394153556
164172 1.0387560527467858
164676 1.1786204471050892
165183 1.1714991910857344
165680 1.034618569095762
166172 1.0771327106294013
166683 1.1824782313411186
167192 1.0940120998475449
167694 1.0160847038228502
168202 1.1520160893045095
168713 1.1881635153179522
169213 1.0313429072401128
169703 0.9930779070617581
170196 1.162487114048778
170671 1.0028127050790112
171129 0.8175290704236838
171574 0.8644870558663342
172022 1.114878221360838
172470 1.174037641890552
172918 0.9667224283747843
173373 1.0361994334260602
173850 1.2226428997836978
174338 1.2291364518964152
174833 1.0685632021394829
175342 1.1039840688477587
175870 1.1557393475812647
176402 1.188700399453526
176930 1.041265547886706
177456 1.06311964087775
177989 1.1299388943396487
178524 1.1524217033528317
179046 1.0660148889556584
179557 1.0271309508972177
180049 1.1530565638464816
180532 1.1069540772897284
181003 1.0223122158894844
181465 1.0857680034020554
181920 1.162466959898029
182368 1.125191125278754
182813 1.2113496523899139
183257 1.2080694660704112
