1259755 1.1310784941785181
1260170 1.160844209252035
1260578 1.1942701589439126
1261000 1.1651491958022595
1261415 1.151775287119595
1261829 1.1780877751671062
1262242 1.1168969137464204
1262652 1.1614456259979304
1263064 1.202608560714081
1263476 1.1674032771319287
1263891 1.1731191587247323
1264304 1.1442348503380568
1264716 1.1163586794437819
1265126 1.1766647751059172
1265540 1.185583229105976
1265951 1.1818755932893454
1266362 1.1285726295048795
1266770 1.107793392973359
1267179 1.158219806744849
1267591 1.2178136501968526
1268006 1.17950280715174
1268419 1.157007515871157
1268830 1.1135712476180053
1269237 1.0776156221210036
1269639 0.9419626913518876
1270038 1.0171713959348563
1270431 0.9533979254345764
1270818 1.016255894112104
1271200 1.0089572494381078
1271583 1.1022178951039348
1271970 1.0774183438157952
1272362 1.077182847870438
1272763 1.1320960977738226
1273170 1.0445053032747436
1273580 1.0124584902085696
1274000 1.1446986119019524
1274426 1.1004232968213146
1274852 1.1589561520560008
1275281 1.106957534470785
1275708 1.0654670276383298
1276132 1.0929806339295562
1276562 1.1463143441328625
1276988 1.1469528416602688
1277413 1.1303212500395405
1277836 1.0764414017775776
1278257 1.1659667604833404
1278679 1.213475389628132
1279102 1.1617978974982242
1279523 1.0854513217356079
1279932 1.0511129527980514
1280328 1.1801286225526648
1280717 1.1217829577635476
1281111 1.1411986429523446
1281508 0.9491631858789982
1281892 1.1517544923023086
1282256 1.1654371637521739
1282611 1.1642191699172078
1283061 1.1349644726021848
1283504 0.8162857542885205
1283934 1.1377322738583278
1284360 1.0060972193882403
1284783 1.1243476821655123
1285207 1.0807348118896865
1285622 1.0928245852419467
1286036 1.2207017217653195
1286448 1.1440637716391677
1286857 1.1164762036242608
1287264 1.0886817476202695
1287675 1.1770928722173264
1288089 1.1618020570824221
1288505 1.155853232671311
1288924 1.1650139006844074
1289341 1.1557283799628546
