4787809 -0.07632926563691178
4788089 -0.17973283127718198
4788529 -0.10942981294454102
4788731 -0.15588405603521993
4789171 -0.14657042121806274
4789361 -0.07612113445181379
4789691 -0.3019162857655009
4790037 -0.08749528454047373
4790382 -0.2944890260679869
4790734 -0.13278925104024464
4791072 -0.043240619858421425
4791332 -0.15864089457059893
4791657 -0.033209141152949706
4792007 -0.4608645185612852
4792435 -0.20777893943982853
4792670 -0.13462583752050705
4792963 -0.13893537804963296
4793346 -0.2816439060915733
4793761 -0.48846127813991297
4794017 -0.036438263485329636
4794289 -0.10104524387999933
4794625 -0.13012388296615307
4794960 -0.23046211869027283
4795292 -0.15627961536448065
4795628 -0.1521235951674794
4795968 -0.16718901493476893
4796308 -0.14967266806248655
4796648 -0.12172504012383367
4796991 -0.14719851629905406
4797336 -0.08036712908820931
4797684 -0.07058440813390598
4798027 -0.09572545102674435
4798373 -0.13093739698874285
4798721 -0.1559953149068603
4799067 -0.1632858490655386
4799412 -0.1262397705041413
4799755 -0.09352006710903515
4800102 -0.11871033875929693
4800449 -0.10225413821147838
4800795 -0.09315807284737254
4801136 -0.10107848307356199
4801482 -0.13579966490117684
4801828 -0.07798434640338442
4802229 -0.08584802771359995
4802513 -0.0871522109146029
4802858 -0.07257837865923344
4803203 -0.12364500588157248
4803548 -0.1335230642650213
4803887 -0.11936658107321205
4804228 -0.10912683856437622
4804570 -0.06760474933457872
4804912 -0.12793143635943632
4805256 -0.12836858650423083
4805597 -0.13610151234336199
4805941 -0.16045494970864838
4806421 -0.13783737492061965
4806620 -0.1905054576038832
4807012 -0.27620139889453776
4807357 -0.08283631163616909
4807618 -0.2730109692908653
4807947 -0.2881610342577705
4808275 -0.11148927481375354
4808600 -0.1766687998846032
4808952 -0.13255630713517347
4809254 -0.1096403870313703
4809622 -0.07535931011968945
4809919 -0.10476619469184814
4810254 -0.1716498285755492
4810626 -0.10925446064884786
4810935 -0.08142022923634956
4811416 -0.10872087321471369
4811643 -0.16239615860798862
4811977 -0.12499463970309191
4812379 -0.13367586069921436
4812676 -0.10419765356183897
4813027 -0.14085877097565164
4813378 -0.16398564742927887
4813726 -0.13187934606484614
4814074 -0.10946590516791832
4814554 -0.2023771109545145
4814760 -0.14220319101720136
4815167 -0.13331130467612587
4815451 -0.1942726178329684
4815811 -0.09427003411861792
4816147 -0.07423834135634211
4816587 -0.07749354279010665
4816892 -0.487234739002567
4817322 -0.39905798966483186
4817616 -0.17557267444678715
