3173397 0.9416242816006983
3173798 0.8350378867880128
3174202 1.0862775168779484
3174608 1.085646463285936
3175011 1.1739196076245675
3175397 0.8775694397645621
3175788 0.9375810386226154
3176180 1.077871699417389
3176577 1.0744328339039204
3176971 0.8996136560492733
3177375 0.9729497368410178
3177776 1.0083470275729136
3178177 0.927892534692762
3178572 0.9995310990156212
3178964 0.9772501985501398
3179355 1.0010090026361644
3179742 1.044988313405043
3180124 0.8890274253483806
3180507 0.9345299297685201
3180898 1.0411351117794185
3181290 1.1877756715715477
3181683 0.7979025968395743
3182069 0.956211150737807
3182457 1.0331504382982546
3182853 1.0750027147084156
3183259 1.071610271473544
3183685 1.0275017078016058
3184102 1.1574196466554738
3184515 1.17281940506697
3184926 1.130249223655342
3185332 1.011092863247611
3185727 0.7971565845851976
3186112 0.9413007741092076
3186501 1.0951634403119368
3186890 1.2725175622994163
3187272 1.0550746562986135
3187650 0.9965028041224813
3188033 1.0681641662313628
3188416 1.134710653643292
3188797 0.9714729631507667
3189182 1.032804537023663
3189571 1.2355007328887238
3189963 1.2006140095982691
3190378 0.9955018771258122
3190776 1.181456852525297
3191177 1.1685989361304259
3191581 1.1269394063985914
3191979 1.022532061085362
3192379 1.0561288194829246
3192779 1.0977573983994198
3193186 1.067675378979794
3193583 0.9383022240137795
3193989 1.1866958473669051
3194398 1.1968489817813424
3194816 1.1867184235940085
3195223 0.999829558203809
3195636 1.1674070568884771
3196052 1.1931930917498186
3196475 1.2087322651112626
3196899 1.003522874428148
3197307 1.074893928254429
3197726 1.1977459682864333
3198142 1.2709342307470217
3198556 1.0272262312662157
3198960 1.068017646577888
3199371 1.43163290480079
3199781 1.3436252573601761
3200181 1.1037917535839457
3200579 1.1675375699615202
3200988 1.211198886596062
3201411 1.3421955837883845
3201839 1.2536704135437549
3202252 0.7943843208003514
3202667 0.9105355861742659
