3561794 -0.014802153876786073
3562250 -0.020387515957582036
3562708 -0.022063250791217404
3563176 -0.016657427512850043
3563620 -0.016123926601489036
3564078 -0.014815401926744243
3564543 -0.018143860152569358
3564999 -0.02935575531097301
3565457 -0.020126180897824197
3565923 -0.026715282111581917
3566388 -0.017638430593008347
3566849 -0.017205791403626214
3567304 -0.015287228167078337
3567765 -0.019933808299514355
3568228 -0.019742654564457562
3568686 -0.014190870015525325
3569140 -0.014513698873691416
3569600 -0.01779635054354306
3570060 -0.021286289068956132
3570529 -0.019685897707105937
3570974 -0.013807537733705189
3571434 -0.017182088953853092
3571894 -0.02064773785107521
3572364 -0.018909572878820557
3572810 -0.025148023256731544
3573272 -0.018860394151169912
3573754 -0.020489979001858782
3574206 -0.021985687675715515
3574651 -0.020690383718844962
3575121 -0.021021942135615312
3575582 -0.023131668863910382
3576046 -0.017653878342707874
3576494 -0.022754778735571857
3576978 -0.022070313827844468
3577430 -0.013711279557499567
3577896 -0.016447405401340154
3578343 -0.019829487201742768
3578805 -0.01804065868502913
3579268 -0.017945011024393054
3579743 -0.018597673302895523
3580189 -0.015541216476372577
3580653 -0.017675101118699077
3581133 -0.016893661082648004
3581597 -0.017809822147452137
3582042 -0.017622423109278806
3582515 -0.02016752348770695
3582983 -0.026656002676820056
3583436 -0.015903065034937658
3583897 -0.014959555112386336
3584370 -0.020487376769956767
3584824 -0.019696327266560343
3585284 -0.020794885110688388
3585741 -0.01888133714001944
3586206 -0.015447230310446314
3586675 -0.019500756749392834
3587138 -0.019261001930346966
3587587 -0.013685139024669446
3588063 -0.01587343622617693
3588515 -0.01735082718902753
3588975 -0.01965297065088417
3589440 -0.018577249466323942
3589910 -0.01201313827208561
3590383 -0.01822950494148834
3590845 -0.01932841880432784
3591302 -0.021457739995677183
