2276646 -0.02147320117705248
2277176 -0.016930155774947886
2277704 -0.02267839543513256
2278235 -0.015227745453324892
2278786 -0.025697008785196318
2279341 -0.02286034262202391
2279872 -0.020595689176219456
2280439 -0.018913812904182203
2280974 -0.026665935355180026
2281531 -0.020541245940125574
2282040 -0.028419939241903835
2282603 -0.020495996149641982
2283127 -0.020887154914877082
2283647 -0.020774700692736625
2284175 -0.033388319313194026
2284734 -0.019044304684377622
2285266 -0.01847962454240004
2285764 -0.03950811477286825
2286301 -0.02216793613889581
2286831 -0.02846354207224777
2287360 -0.025161166180589722
2287867 -0.027409505841694687
2288402 -0.02187443889029045
2288931 -0.023922501045290867
2289456 -0.023177896261372732
2289941 -0.03804387975808199
2290423 -0.050833170026057695
2290923 -0.022530483825300762
2291427 -0.024479354852925128
2291908 -0.021777669388618748
2292414 -0.020994220998058977
2292963 -0.02994615104624443
2293502 -0.021712231105913526
2294029 -0.023443083854054858
2294598 -0.02083059252291658
2295158 -0.020866322482547606
2295710 -0.024637817110625126
2296248 -0.024579470060456965
2296811 -0.0179467863894901
2297367 -0.024845802988230026
2297921 -0.021362477041991845
2298461 -0.023691589503828214
2298998 -0.03818704090951991
2299571 -0.023738947536923294
2300103 -0.02331727433828601
2300623 -0.02914758383998506
2301133 -0.037141011766551574
2301672 -0.030634187820622022
2302173 -0.022960927065856174
2302657 -0.0335658606117869
2303153 -0.022420933264347964
2303682 -0.023167476012972282
2304207 -0.02080530993581098
2304715 -0.026126489937496444
2305253 -0.02155023988022442
2305793 -0.025051972065042782
