4219387 0.9231647831505819
4219857 0.8104035928788889
4220329 0.9090852005638892
4220801 0.9811972599982582
4221271 0.9811655431781592
4221735 0.862030557306193
4222201 0.7856034624485391
4222671 0.9338660559499926
4223142 0.9794728804027398
4223610 0.9731077712157495
4224070 0.8448292082949769
4224535 0.8999674196845708
4225007 0.9766594660910424
4225480 0.987890284503101
4225943 0.8505229416400275
4226407 0.8867637662251536
4226879 0.9824444932875094
4227348 0.9873748013651731
4227813 0.8971993224504724
4228278 0.8347349783958671
4228753 0.9572358835103595
4229225 0.9946989701429652
4229696 0.9373720855407094
4230164 0.8517286363393579
4230635 0.9231585421318314
4231113 1.0007035681968082
4231586 0.9630004641035426
4232053 0.8573317107697376
4232521 0.9233362975421728
4232993 0.9965899503337412
4233462 0.9582124990214813
4233922 0.8587132705531558
4234389 0.9535322590150146
4234855 0.9881569059729296
4235325 0.909867771314594
4235789 0.8048489656493556
4236250 0.8919170459106474
4236712 0.9892487248727185
4237170 0.9382055206819124
4237622 0.8315410621815326
4238078 0.9082275682804933
4238543 0.992260216725151
4239009 0.8954540104297006
4239467 0.8326764579563578
4239922 0.8562630839726819
4240382 0.9797742794880879
4240807 0.992094886745849
4241202 0.9010493235136131
4241595 0.8230093395358034
4242097 0.9178362631478605
4242601 0.9788248653904572
4243096 0.8875545839837993
4243573 0.7871561793688027
4244051 0.9313088684878705
4244520 0.986099807375931
4244986 0.8871117354894177
4245445 0.8157862551774804
4245913 0.9554270954646136
4246377 1.0188200489266668
4246841 0.882514342957365
4247301 0.8260986540149895
4247761 0.9556682707981108
4248215 1.0133887157978358
4248713 0.923561602755824
