4817090 1.5376995469316541
4817463 1.6269825344125068
4817840 1.7565301330650023
4818221 1.8387904098496233
4818600 1.4558261300251694
4818975 1.504439758654405
4819364 1.6879209328250002
4819759 1.81365055553711
4820151 1.8595500820517321
4820547 1.7867523569871986
4820948 1.7724809098133414
4821341 1.7066290032372777
4821733 1.8986388451580758
4822121 1.657962540334727
4822506 1.3386272846298215
4822881 1.2403569750187502
4823251 1.1332969992580477
4823618 0.9856662850424003
4823989 1.2303398727488424
4824364 1.3360905105816328
4824738 1.5287048906841627
4825112 1.4760729186894974
4825484 1.3175057583830423
4825857 1.3933649174408507
4826214 0.9517677076327155
4826576 1.339848966106698
4826944 1.6087262925923487
4827312 1.5711818954657164
4827677 1.4437126280184132
4828040 1.5087124175544588
4828408 1.5919664620382836
4828777 1.3513630415446558
4829144 1.3723944887053414
4829511 1.3601135162754396
4829879 1.3067418137160807
4830252 1.7694275728067979
4830624 1.4726870806884766
4831000 1.3483115759432756
4831380 1.6989904295421305
4831758 1.7936126488847437
4832132 1.5982178726051262
4832503 1.7908744394264102
4832869 1.5193324008566622
4833235 2.064816037003102
4833599 1.7200096041178543
4833965 1.27359197026323
4834333 1.2328783085078792
4834708 1.7010415932604583
4835078 1.7706227239379932
4835444 1.287152374441326
4835798 1.1783829246725275
4836173 1.138178251124898
4836541 1.4091628602800634
4836902 1.3731213231126185
4837267 1.2990598162466633
4837633 1.3630919972276851
4838004 1.5569674105767564
4838373 1.5807448555465085
4838742 1.7074185469162346
4839108 1.7317939228052763
4839476 1.6842347164869218
4839845 1.4577246296665145
4840208 1.4991019558447554
4840575 1.5538427363479785
4840942 1.4892729890770688
4841307 1.5821245672350464
4841665 1.6838306831709686
4842019 1.2621846864932726
4842367 1.1269680923321936
4842715 1.3922170787296382
4843053 0.8517413809969376
4843405 1.188721465567407
4843751 1.4251569035692884
4844098 1.4324570071386604
4844444 1.4923435912983236
4844794 1.6048819497713733
4845148 1.5313238971649878
4845507 1.1334271348465572
4845872 1.5251396596900615
4846238 1.736125562121445
4846602 1.709640782280415
