1738463 1.041215867976671
1738889 1.5507222869171304
1739311 0.4309522598537562
1739738 1.3386674958234988
1740164 1.0496463293965848
1740593 0.9116088673222742
1741008 0.9671404895925882
1741434 0.9908273772498706
1741859 1.0945462723816521
1742289 1.0944380608061566
1742720 1.1041521577205173
1743151 1.1497887903081154
1743575 0.8374413784809847
1744005 1.1400311144447461
1744431 1.0978517513497013
1744855 1.2024141758149844
1745272 1.1307411131650702
1745693 1.1485871277595283
1746111 1.1442350738278402
1746522 0.7843288508509243
1746943 1.0817901793980687
1747363 1.2366388300551159
1747787 1.2905864232266495
1748212 1.1408300149310868
1748631 1.1232766527755988
1749059 1.2127660680181278
1749490 1.3169645190885864
1749921 1.340183727761711
1750348 1.359823572423034
1750772 0.8268826347195946
1751188 1.0919434412431146
1751605 1.055385727365227
1752014 1.0069321934650508
1752423 1.232158957967064
1752832 1.232329832500807
1753243 1.3187585300308289
1753654 1.357745441302392
1754052 1.152431765887188
1754446 0.8449705694414107
1754828 0.6147153804670569
1755226 0.9994913061597637
1755625 1.0987905897534374
1756030 0.9566571531251613
1756440 1.11862186519735
1756855 1.2801861978686035
1757268 1.0028145494435172
1757676 1.3327496932607783
1758091 1.398580448029123
1758505 1.5121600287348647
1758923 1.4095060780216258
1759339 1.258453743274038
1759758 1.74797918665878
1760176 1.8946708613380445
1760947 1.7836504783545297
1761333 1.7128932116910054
1761711 1.7527156953189866
1762094 1.2661558500918808
1762472 1.4018162396879754
1762859 1.6888587303543943
1763249 1.623834092975613
1763634 1.831661365009771
1764037 1.4092561711867124
1764458 1.7410756783702794
1764875 1.2709198757874995
1765301 1.6473585137251179
1765725 1.5242205703148493
1766133 1.241459246987696
1766560 1.0139236573258943
1766981 1.3150949838104005
1767403 1.0243971733290302
1767820 1.2458087698104072
