2067281 -0.10205887413964476
2067805 -0.07545488452685611
2068253 -0.026101206534441368
2068720 -0.024036736071451126
2069196 -0.021029400093957096
2069678 -0.04500401522169467
2070161 -0.032886721014210696
2070666 -0.022732116528040636
2071203 -0.027579387109951198
2071724 -0.03166116349997991
2072237 -0.02993091978519727
2072782 -0.03689876757733909
2073356 -0.03154444077730639
2073902 -0.031311188712072474
2074467 -0.04228335983017176
2075017 -0.03117152011785762
2075562 -0.024176916391577263
2076134 -0.03541474282670634
2076686 -0.03863013209998786
2077247 -0.024468201120041055
2077737 -0.023202414384479342
2078346 -0.032225284566771734
2078958 -0.03338441281666096
2079547 -0.039682176976627126
2080124 -0.038415018981976634
2080707 -0.03840501541753644
2081281 -0.040342676290447355
2081863 -0.029300204694963083
2082455 -0.03680199121097344
2083024 -0.03261783143776581
2083583 -0.034103326219889984
2084139 -0.03640906074507522
2084713 -0.04003610627546694
2085257 -0.0331957237872772
2085800 -0.03126183684207068
2086345 -0.023676334762933016
2086858 -0.03402331207755238
2087385 -0.028638150165741616
2087876 -0.03070067298647866
2088401 -0.026686130024257182
2088933 -0.039476317080202605
2089467 -0.044263666656002176
2090009 -0.030635534531342434
2090584 -0.028075911604108772
2091143 -0.035326302203300075
2091710 -0.032424797720110365
2092287 -0.031238378383797505
2092859 -0.03682823136546881
2093433 -0.039384266947673274
2093991 -0.028301887458974773
2094572 -0.03797243910673642
2095140 -0.02705767322957725
2095713 -0.03291125736667805
2096242 -0.028808034266253557
2096807 -0.03417257841085011
