6102767 1.1620500451631506
6103189 1.1972864849656102
6103607 0.7843733708297905
6104019 0.7357911734579624
6104432 0.7414731598134918
6104849 0.7799242680763824
6105269 0.7847449803587692
6105684 0.8141917093712732
6106100 0.7878182660189605
6106533 0.790113447925219
6106965 0.800522914215066
6107393 0.7766217514818603
6107816 0.7449448722267638
6108248 0.8002884338429148
6108683 0.7916271448729959
6109125 0.7747873041172351
6109568 0.7939071733277436
6110002 0.746358466052988
6110441 0.7667558531855618
6110880 0.7814808340907802
6111320 0.7840970578008575
6111754 0.76985261628077
6112181 0.7756434541145003
6112607 0.7461700940754717
6113035 0.7872887190695697
6113461 0.7719033695257667
6113881 0.7558735309386507
6114289 0.7360836291762042
6114697 0.7499846900755078
6115112 0.7780282640614646
6115533 0.7640520093660165
6115958 0.7573599339669939
6116375 0.7360480628209152
6116807 0.750259233651537
6117235 0.7877882861916017
6117662 0.7894813854816816
6118080 0.7552940445337131
6118500 0.7401214281601779
6118928 0.7643817909203454
6119358 0.783357035537637
6119786 0.7739666491528907
6120210 0.7108484245038531
6120633 0.7070562925785953
6121056 0.7397039875850355
6121476 0.7862198073193527
6121898 0.7772270221852389
6122321 0.7349655030143756
6122740 0.7267602123444213
6123164 0.7965525429806111
6123589 0.800717541742982
6124024 0.757266060725125
6124448 0.7208396998080726
6124875 0.7727661067154157
6125302 0.7816495836155725
6125724 0.7309673939539281
6126137 0.5995625399722352
6126547 0.7423930094453723
6126965 1.0490758147263068
6127382 1.3225952800435712
6127790 1.2555400591763666
6128198 1.3657664990302587
6128611 1.5260936457953798
6129036 1.5202059505319836
6129447 1.4751870938344749
6129854 1.5249070984210127
6130254 1.139920947042536
6130659 1.433698259724343
6131062 1.3312844022805077
6131469 1.3204865650908366
6131868 1.2223555141400995
6132270 1.3283357765228636
