6700927 0.7413378407793998
6701407 0.7275754420718918
6701901 0.8327648713394651
6702385 0.7430357693686841
6702859 0.6603300252900242
6703325 0.7340854483878104
6703800 0.8343842976182086
6704270 0.7525617798395516
6704725 0.6310160750215503
6705186 0.7982682548928256
6705650 0.8359523439021141
6706117 0.7263424660468176
6706576 0.6523710172783518
6707047 0.8343251358153944
6707518 0.8392482745631504
6707986 0.6754230454543089
6708448 0.7482051379896131
6708918 0.8279477144551032
6709388 0.7345551773342656
6709846 0.6339517077529566
6710310 0.8140578817513999
6710770 0.827234457430341
6711219 0.6739142315795871
6711663 0.6371837063905604
6712117 0.8089580299643422
6712567 0.8307930036093352
6713005 0.6464195711761782
6713442 0.7245267702024235
6713890 0.8354820055868135
6714340 0.8227215925221759
6714781 0.6532902156521139
6715221 0.6991735445818951
6715671 0.8269710986521409
6716120 0.783251731421841
6716559 0.6368054454592512
6717001 0.758342273664863
6717456 0.8319441601122359
6717915 0.7382854968449546
6718367 0.6419318102243305
6718825 0.8288959580105153
6719283 0.8320519933193611
6719735 0.6601314010939626
6720181 0.6979302124141137
6720635 0.8303592025528028
6721088 0.7487582277921663
6721535 0.6309043270433474
6721989 0.8100897282833908
6722444 0.827392940697629
6722891 0.6236945960333082
6723341 0.7736205255588577
6723799 0.8189591671428021
6724255 0.6934186803194258
6724708 0.662086120452116
6725177 0.8299663932295599
6725642 0.7116440012570205
6726090 0.6177039222154425
6726546 0.8193514838384043
6727003 0.8304417251116859
6727458 0.6766963053435113
6727907 0.6572280914237337
6728370 0.8372066217985877
6728833 0.7812289843900777
6729286 0.6350684148833421
6729749 0.8240464177799528
6730214 0.7991045729494932
