990940 1.3942831913601197
991326 1.3904513209283151
991706 1.1143958375025096
992087 1.3049499243275386
992465 1.1656432721570753
992837 1.220080530124496
993200 1.0542984622092582
993569 1.185777472923956
993936 1.3202507634093121
994302 1.4322740909683904
994671 1.363811531080506
995043 1.5564554226501184
995415 1.1896920691099164
995792 1.2078980967849067
996170 1.6114764859115556
996550 1.1420776395306065
996923 1.1743965324232015
997300 0.9166409104963622
997675 0.8436976594014438
998057 1.0986718283708468
998446 1.2897612865819856
998829 0.909872029931434
999206 0.9538692430037887
999584 1.245020844677688
999963 1.4341712720589002
1000342 1.6224903374593014
1000715 1.3398439462565732
1001085 1.4158746970247278
1001461 1.6561133298200224
1001841 1.7936863599780057
1002224 1.3857308319802937
1002596 1.2256693627723785
1002978 1.5073316036209112
1003356 1.460145326911258
1003731 1.0607383226764067
1004109 1.185796864645208
1004489 1.1638751417622781
1004867 1.166201079194385
1005239 0.9963553320306227
1005620 1.3889770391592466
1005995 1.4809219739274324
1006367 1.441447577092838
1006737 1.3020700722709615
1007111 1.3675753491788638
1007483 1.269809540668175
1007850 1.0039092607874542
1008222 1.3425984824508421
1008591 1.1834098749081952
1008958 1.4266415298822586
1009321 1.15990913081969
1009675 0.8670311414002969
1010034 0.8964471326994863
1010404 1.2616577839592615
1010772 1.4313454662653824
1011141 1.3627491501895976
1011517 1.5104729097038034
1011894 1.6090044709631899
1012267 1.3502834208670371
1012652 1.501740895073052
1013041 1.6208075018676216
1013426 1.4652300195024313
1013802 1.2423889661962362
1014188 1.4724148703515083
1014580 1.646863132931327
1014979 1.4646514270948892
1015371 1.4040924959101002
1015766 1.5061404331075228
1016160 1.4768735530014212
1016558 1.373739190836395
1016951 1.431445863503259
1017351 1.507657807090153
1017754 1.5963840806322678
1018161 1.4676134069931668
1018566 1.3036348992092206
1018967 1.3463222613939543
1019367 1.4149664546278053
1019762 1.2594222999897706
1020148 1.0999475032598813
