2186773 -0.03808751847158781
2187331 -0.03787344691830141
2187885 -0.032772411122402145
2188429 -0.03179805835734312
2188991 -0.03416673818837013
2189549 -0.03576442450413492
2190086 -0.029261577400956695
2190623 -0.037777142139573616
2191169 -0.04148377160420541
2191685 -0.03256240024798002
2192221 -0.03181927717458438
2192767 -0.03419859625410393
2193314 -0.038216211016482204
2193866 -0.03844964459567224
2194432 -0.040916478756177876
2195005 -0.03788118445724642
2195572 -0.03482154249143188
2196119 -0.036716737036185776
2196678 -0.035171093236552375
2197245 -0.03511200826986377
2197785 -0.029755968835512348
2198324 -0.0303344827945779
2198861 -0.03725243923201474
2199408 -0.04219162107685265
2199946 -0.03452955607232838
2200493 -0.03788702001407801
2201049 -0.045607651200140265
2201603 -0.0321722213437608
2202152 -0.030449580667905984
2202700 -0.036714319921434146
2203253 -0.03597178623495334
2203771 -0.0321790978155132
2204303 -0.02718462393815696
2204836 -0.03447763510853169
2205372 -0.03219000552566298
2205923 -0.032874654082839516
2206478 -0.03050778250997177
2207021 -0.027240199485338845
2207568 -0.03351574583252792
2208125 -0.03822898178058831
2208653 -0.0264236326814567
2209196 -0.03525745859235985
2209754 -0.03754281593887937
2210306 -0.03810735788763914
2210843 -0.030694158643964742
2211397 -0.03124684712137643
2211933 -0.02477151423006435
2212483 -0.0317231161135495
2213014 -0.03272758539318732
2213525 -0.036001596081820075
2214032 -0.038578780377417965
2214519 -0.04256989730142491
2215024 -0.036899850663995704
2215533 -0.030946907612393104
2216041 -0.030349401725474567
