183603 -0.04573554513493747
184022 -0.03705122491446639
184412 -0.04298448720885899
184845 -0.04542448364085183
185242 -0.03275199211586581
185650 -0.05719042965546776
186084 -0.047930006274228595
186479 -0.07614954547777783
186889 -0.04642124047329879
187301 -0.03258263147565825
187695 -0.0599453001451767
188114 -0.03672479138712487
188509 -0.028373336846717848
188931 -0.03987068743095432
189327 -0.06484715669339376
189724 -0.05517276824883463
190135 -0.03524134330312935
190527 -0.04438807481163536
190929 -0.05915970033028195
191323 -0.08010935249740742
191727 -0.11669618515333874
192132 -0.10627364095680891
192537 -0.1518594650993972
192929 -0.16053562910507413
193331 -0.05235859411949348
193729 -0.061819038521139846
194126 -0.05752602119949642
194521 -0.08240975025879463
194903 -0.08689518960047606
195300 -0.08021685470472023
195693 -0.05330222587322536
196073 -0.07762652542438414
196470 -0.0725105534355883
196866 -0.048647588234391186
197264 -0.04947963058458196
197663 -0.08567926659734866
198066 -0.047199573145373735
198470 -0.044142981652163085
198876 -0.05955618087838343
199281 -0.07014759952848779
199684 -0.04917510173746313
200099 -0.057531965595467555
200488 -0.04009794189873753
200888 -0.07085959563029887
201284 -0.07594814339227285
201674 -0.05939866438991005
202065 -0.0464479243373887
202455 -0.053358176337821195
202853 -0.06152229160364085
203256 -0.059486127904367525
203664 -0.06105207960046974
204067 -0.08514655822486686
204480 -0.042042498274558776
204897 -0.04676950144138439
205317 -0.04042270247777055
205739 -0.05247447623249982
206162 -0.05645965174901621
206583 -0.0459060847517485
207062 -0.057680007242433856
207419 -0.0471762700722656
207834 -0.04090553103851999
208245 -0.058426889602786844
208653 -0.09080060313950832
209053 -0.08610149120664494
209447 -0.088404157566429
209854 -0.05691322598874929
210263 -0.05721550994591515
210673 -0.052222498087364094
211084 -0.06949283209720637
211499 -0.0787137357139539
211915 -0.06677676007528963
212331 -0.12115843850547364
212744 -0.06374208741445886
213156 -0.09923921857382614
