452743 -0.24180414564782332
453071 -0.1954805513992236
453481 -0.04417481208397797
453785 -0.18480109398232303
454150 -0.10978916123764837
454506 -0.09239856615919417
454882 -0.09209594919933735
455222 -0.11866692544183556
455593 -0.1345647816668219
455924 -0.010672410089190856
456323 -0.161772667083388
456685 -0.051591249117362264
457076 -0.10789863606319278
457397 -0.0946199754807
457899 -0.31560124111890553
458136 -0.19949358591102972
458627 -0.3517671906246963
458901 -0.05410541054697765
459217 -0.2109905097998406
459695 -0.10717818037012605
459931 -0.06934937325909052
460275 -0.20113783285714854
460656 -0.14878302140501531
461011 -0.15748718101516568
461421 -0.07093710200597791
461794 -0.3172212184962875
462109 -0.1736682910408733
462614 -0.29807775859007146
462856 -0.2042279564222887
463371 -0.09371823937218621
463609 -0.2197178395268377
464115 -0.20621830166057742
464353 -0.05101355043565253
464727 -0.04375089897575346
465092 -0.09824164301762273
465528 -0.10788976095062587
465855 -0.13508054614896717
466239 -0.06928012949033663
466762 -0.08365613744767593
467044 -0.14159528358371434
467408 -0.12432655638862994
467765 -0.15185293035330957
468135 -0.08612190577345794
468542 -0.07461246074692579
468888 -0.08767821361613393
469269 -0.09272070661905063
469652 -0.13242487089198324
470031 -0.08796757619205342
470420 -0.10116258675125478
470811 -0.10638546202111393
471338 -0.11205815147409745
471591 -0.07336783621600629
472037 -0.4709348942518169
472365 -0.12895298266619348
472753 -0.11991756271430087
473139 -0.10493853705450246
473562 -0.083554139872834
473947 -0.10233662166680568
474297 -0.056561795829358275
474699 -0.15225225536542597
475067 -0.09656304060437382
475490 -0.33829461849819065
475847 -0.12336585113035897
476232 -0.12587700410796837
476755 -0.1670785474316645
477003 -0.23779754721891555
477483 -0.0706932435314741
477797 -0.12238233341071397
478140 -0.2697337667874832
478484 -0.20850936832977396
478890 -0.14697817160363602
479189 -0.14790682190054788
479550 -0.13940935814572886
479955 -0.13882017683102887
480332 -0.08994511380506454
480631 -0.05197829160957229
481011 -0.6380655143062075
481494 -0.20533679618132783
481716 -0.17879199099468773
482212 -0.06789351669325705
