6402270 1.449532086249583
6402751 1.5406306395583447
6403221 1.4901852089796157
6403677 1.2879248078371042
6404137 1.4278139812392427
6404599 1.4916828896639451
6405059 1.497817521425271
6405517 1.4832880505234818
6405965 1.2266553157337805
6406413 1.3695694255400754
6406863 1.4647687967824135
6407313 1.465913067082423
6407763 1.3839258270281505
6408203 1.2510797824980275
6408649 1.3997039274820138
6409099 1.438472199444008
6409549 1.4310020032586899
6409997 1.3037170333488248
6410436 1.239748150846633
6410885 1.409045790913492
6411333 1.4455051531272576
6411769 1.247799346859555
6412205 1.3618270583355534
6412645 1.3956403167071123
6413086 1.44218600387436
6413523 1.2834555377406804
6413964 1.3868514785952526
6414413 1.4705477244605836
6414868 1.4798731269834355
6415324 1.3831912768808752
6415771 1.2886580661725393
6416229 1.4334980390356904
6416689 1.4581942897435862
6417150 1.4459659237053644
6417605 1.2089024917942495
6418055 1.310684766109187
6418511 1.4156909391570962
6418969 1.4354114986228388
6419427 1.4123384719399863
6419876 1.2145317617734321
6420311 1.3571213221447902
6420702 1.392497083841623
6421084 1.4134260672252845
6421457 1.3790134739970166
6421827 1.1559311319724839
6422303 1.1357883738990515
6422764 1.2779840250273358
6423218 1.3283824964691864
6423661 1.183388500913927
6424109 1.336146952524856
6424561 1.3752810059890603
6425015 1.4084943502979252
6425472 1.3523954378552425
6425920 1.2178684803569948
6426374 1.3205825373970115
6426834 1.3890534530342245
6427308 1.3955194934200414
6427778 1.2581155485632383
6428239 1.232237707619002
6428708 1.3496715035868487
6429176 1.375441880451156
6429642 1.304162650896997
6430093 1.1535996583304158
6430555 1.2888824234609446
6431020 1.337273719044622
6431487 1.3744391342609013
6431955 1.315168690492937
