2067338 -0.02122216300742319
2067770 -0.04534943505268996
2068168 -0.04388546800240123
2068547 -0.1257852832674948
2068947 0.0
2069380 -0.0806327850537284
2069946 -0.0007605455033170561
2070230 0.0
2070797 -0.004321096658227663
2071125 -0.05663933699235635
2071537 -0.013202918111282269
2072107 -0.002256789383413782
2072517 -0.022262118475779413
2072959 -0.017733667168802203
2073300 -0.030106290532915914
2073736 -0.018610165712366733
2074158 -0.05092218211870536
2074683 -0.0662210215221859
2075052 -0.06850950270762235
2075458 -0.12879043300063303
2075908 -0.004717676813666083
2076432 -0.0008782741554491658
2076879 -0.005817050385588107
2077208 -0.041955371784764495
2077652 -0.027112522642499526
2078097 -0.030898679176524224
2078548 -0.01707518235663663
2079085 -0.022080523235417093
2079453 -0.03340673164104824
2079903 -0.03149740019133973
2080353 -0.024944971009703498
2080796 -0.03376910185308102
2081222 -0.02875368105434456
2081677 -0.019470169970795703
2082187 -0.038860486028004675
2082547 -0.050281703098332825
2083033 -0.024822776050331508
2083371 -0.016425514486555326
2083878 -0.034034237865354866
2084227 -0.027420337393538663
2084650 -0.023594278606992147
2085074 -0.020918903196107008
2085524 -0.031231143917862303
2086035 -0.051152601944794984
2086388 -0.04327515950867378
2086804 -0.03613096691684681
2087307 -0.027320769376439902
2087731 -0.013352362251097372
2088052 -0.17438937511877262
2088489 0.0
2088952 -0.0046273176829720875
2089377 -0.0024075934914664643
2089656 -0.04435812442903586
2090045 -0.07125996455922268
2090549 -0.003937992482305752
2090944 -0.007073388226136679
2091351 -0.004598446494330166
2091789 -0.006190669979519808
2092194 -0.02170067723421165
2092556 -0.0647404358568574
2093051 -0.01785973811718744
2093424 -0.0023944597955354308
2093874 -0.032320948538388405
2094401 -0.021159158567555014
2094821 -0.01105663655850897
2095157 -0.010941228959546079
2095632 -0.05322632813169381
2096067 -0.04412576966145876
2096441 -0.027616801742320396
2096869 -0.027048299777007623
