4817260 -0.02968950023855499
4817798 -0.0471565269965076
4818253 -0.04927987551197824
4818630 -0.037110955228499304
4819084 -0.0418263486143407
4819626 -0.052084824690011106
4820080 -0.0483112718163875
4820461 -0.04952282165147309
4820926 -0.0325749753185767
4821449 -0.04724742005165483
4821911 -0.052994619788722275
4822288 -0.04665792127121454
4822738 -0.03365681112235197
4823286 -0.05483959843079694
4823670 -0.05090818787642043
4824115 -0.050923997520646136
4824649 -0.045039632383511385
4825083 -0.052664977269717195
4825475 -0.04920430563799577
4825920 -0.04178912407677293
4826447 -0.052392286302539504
4826821 -0.05503407285667161
4827264 -0.04901380697725771
4827779 -0.04762211455577425
4828228 -0.04581561893744018
4828603 -0.044439135051561385
4829043 -0.042171752742241775
4829576 -0.05621445977859185
4830029 -0.054405645352814336
4830392 -0.04126113596371589
4830842 -0.04342605266766869
4831383 -0.049361046282808685
4831758 -0.050959714365733766
4832207 -0.04523154549153918
4832735 -0.04330645705480585
4833181 -0.05049152991428829
4833547 -0.05159359968659366
4833994 -0.04405718330915942
4834529 -0.04631208834654732
4834978 -0.05293633202697001
4835345 -0.04624589265957996
4835782 -0.036136128618798447
4836240 -0.04930524100493483
4836666 -0.056813340157422176
4837097 -0.056244039459372286
4837524 -0.042958837650156956
4838037 -0.047716788479786665
4838400 -0.04348351050186475
4838831 -0.04692273559033433
4839339 -0.04433368792122905
4839781 -0.04760039314216297
4840144 -0.045478862542982085
4840584 -0.03908238984104023
4841105 -0.05310058704617465
4841470 -0.04890732473831366
4841906 -0.05323933183107518
4842417 -0.047605335709337226
4842855 -0.054763441257792644
4843227 -0.04641015725125758
4843666 -0.037124078141008154
4844186 -0.04354146138690901
4844558 -0.04566163987852445
4845079 -0.014403528290950707
4845482 -0.02053118545027499
4845929 -0.06859427524192707
4846240 -0.1490497706836229
4846637 -0.04713258829403166
