5415202 -0.13948071142043716
5415595 -0.12909917228193835
5415984 -0.07755044239052922
5416421 -0.05943655496427225
5416793 -0.08267842162866876
5417182 -0.10826200410407874
5417572 -0.05973252557781672
5417967 -0.059522390100007413
5418378 -0.05660169930610688
5418801 -0.056982709170897886
5419248 -0.11608639589621887
5419617 -0.04669539563373689
5420026 -0.13481386937788037
5420445 -0.12505547104032436
5420857 -0.12605001521769033
5421234 -0.1415683674766385
5421635 -0.07593173576877216
5422010 -0.1287486851503673
5422393 -0.1946718293802395
5422768 -0.1353572762361515
5423142 -0.056661709098877994
5423532 -0.0812919098084121
5423898 -0.11818292725913654
5424278 -0.11482615692686343
5424632 -0.09281588713210129
5425016 -0.1314486326289309
5425397 -0.10018648648719926
5425767 -0.04515802008343778
5426149 -0.13576997095882665
5426527 -0.08814072733042444
5426931 -0.055622988623790004
5427338 -0.13238449867011298
5427732 -0.09244498290603137
5428101 -0.09089114039087132
5428474 -0.13195034870916705
5428851 -0.16968780053026924
5429254 -0.132508126436428
5429647 -0.032175411331940684
5429965 -0.08873745289215618
5430324 -0.07674629017304352
5430690 -0.13779117859945175
5431061 -0.2955812610857916
5431433 -0.07275765254713065
5431798 -0.09372619102311258
5432156 -0.14323386934223625
5432517 -0.16223744214233268
5432965 -0.16196207537328006
5433373 -0.19771628012321701
5433706 -0.15220763760196787
5434153 -0.9421408100011734
5434501 -0.09134575043884105
5434899 -0.14365684405020535
5435277 -0.05939570353171433
5435645 -0.1490217710805902
5436053 -0.23267052167862837
5436458 -0.04497010057222563
5436768 -0.11969275883788494
5437024 -0.3008623673950278
5437449 -0.35649754026105507
5437791 -0.08950801243680279
5438149 -0.07278417921021918
5438515 -0.08244868150096296
5438884 -0.11742702628926144
5439257 -0.10564591586874084
5439643 -0.10059145398984509
5440040 -0.1073128476645876
5440447 -0.10800865760782852
5440849 -0.09728878579136119
5441264 -0.09107468136749453
5441682 -0.10279550841637447
5442101 -0.13280441620996147
5442510 -0.09133474004978004
5442990 -0.0844721976413646
5443312 -0.06614522588788518
5443694 -0.2706915818472596
5444073 -0.2030909938754085
5444451 -0.18563465652620448
