751608 -0.11843857715887274
752009 -0.09180417283757958
752419 -0.09484677289778054
752839 -0.0999366665940476
753267 -0.0729073039417365
753699 -0.09115418344525522
754115 -0.09259133329902025
754532 -0.10070695362674567
754928 -0.06545888997253657
755319 -0.21071081169777253
755744 -0.059006893724801834
756097 -0.13973816165657504
756475 -0.05019720279551887
756870 -0.07381955012244285
757237 -0.12527581855798176
757647 -0.09159419669269309
758021 -0.09754746311779838
758458 -0.07611472051151913
758865 -0.05102673912949246
759232 -0.06585039750026261
759628 -0.09074925783471693
760039 -0.08301957411288002
760443 -0.06257784870871919
760844 -0.0748088821732909
761233 -0.0989997509238375
761612 -0.09602874570828634
761993 -0.06529420026870181
762374 -0.06534175908515144
762758 -0.06611695020575614
763176 -0.06989618604127573
763594 -0.06730319848681193
764007 -0.11305229625679569
764414 -0.07818303803607679
764830 -0.07744845386851543
765250 -0.071742944358795
765670 -0.07283305917563374
766091 -0.06859941735950753
766513 -0.06760972751590438
766932 -0.07135103339863647
767349 -0.06982180595031634
767765 -0.08538950130510692
768169 -0.10874599007442931
768574 -0.08178913890722472
768982 -0.08643605204167037
769386 -0.0731034202462898
769785 -0.07659512357444309
770186 -0.0675173119582183
770600 -0.0668651391304183
770983 -0.1154596415937621
771376 -0.07643897732938754
771772 -0.06531963887815256
772162 -0.0736286912592532
772551 -0.0901275676988742
772961 -0.12443418097665282
773358 -0.1249286759319555
773752 -0.11231477625622871
774142 -0.09950079655482369
774526 -0.10789892662931466
774908 -0.12402747591186669
775292 -0.10421205714433096
775674 -0.10616888528044077
776065 -0.10934430928090472
776451 -0.0826042054488963
776855 -0.0712210341255326
777265 -0.06952023033027271
777684 -0.07821422517831256
778101 -0.056936043088947896
778546 -0.05900534008069147
778981 -0.067700691566834
779421 -0.05853051242018831
779844 -0.08329613913376571
780287 -0.09129086301244732
780743 -0.041845431747118494
781192 -0.05933397045094435
