3591892 1.289744788382042
3592323 1.185053811635703
3592738 0.9800498780479101
3593159 0.997492719966659
3593588 1.089295812341955
3594015 1.4144639893896678
3594434 1.456647908962811
3594855 1.2056664946755768
3595271 1.275198488136596
3595692 1.357875651144147
3596113 1.4130093613997965
3596539 1.5037462025754755
3596960 1.2856183727963804
3597384 1.3968129163658647
3597816 1.4601076258903745
3598249 1.310597816902932
3598676 1.3985621809092712
3599111 1.469496266775304
3599542 1.2915905391684146
3599964 1.3227532087463585
3600393 1.569638357609668
3600820 1.478777035111273
3601234 1.2869665075842127
3601654 1.4223640074628685
3602075 1.4672045023275069
3602510 1.3451551772714179
3602935 1.4521888615220866
3603364 1.5115747968752447
3603798 1.5595724363523982
3604227 1.335345636490389
3604654 1.5389428583107108
3605087 1.5390996194914608
3605518 1.5526232656212535
3605937 1.2538524826683448
3606361 1.4593619987337736
3606787 1.5045102616690142
3607207 1.2930063980628421
3607626 1.5081428449059144
3608046 1.5550358434559857
3608459 1.291479464643851
3608877 1.4759098026373954
3609296 1.4765565754190462
3609714 1.3291135866026054
3610127 1.3311212811047337
3610538 1.2705349213379833
3610947 1.3822896364156674
3611355 1.4319965181149887
3611765 1.3531692567581604
3612191 1.3265970125237858
3612615 1.4128454327356414
3613037 1.3199493829373217
3613461 1.3876784078917295
3613886 1.3859136733227457
3614307 1.3852026417177357
3614731 1.3956218716900186
3615153 1.1587935648446388
3615568 1.2564601412163419
3615990 1.3419316358594449
3616409 1.5384357660891925
3616824 1.602168370803399
3617242 1.258015370998326
3617653 1.6608503173948643
3618072 1.311288611885238
3618489 1.5242234730653452
3618885 1.0901026650655454
3619289 1.577784401095157
3619703 1.6474118980546895
3620115 1.6552675677198048
3620528 1.735288474784162
3620940 1.787025067661007
3621352 1.7976103541680133
