6641658 -0.08161755057542597
6642010 -0.06071626935244223
6642393 -0.1472925972336581
6642757 -0.0904713621493089
6643113 -0.10016889769251236
6643555 -0.020242572802877
6643846 -0.08719439220215053
6644212 -0.07532095906642189
6644710 -0.12405076461919051
6644970 -0.2000105838193108
6645281 -0.11865556446733633
6645639 -0.10495279243877298
6646003 -0.1210162901039955
6646370 -0.09162850540723377
6646731 -0.08657450724744364
6647097 -0.08032955708221201
6647471 -0.08236415207864783
6647851 -0.11241722425422435
6648224 -0.19416854150184182
6648588 -0.29718844379689563
6648966 -0.09539165502854477
6649343 -0.07940234808992919
6649712 -0.10783679498545751
6650143 -0.04040095916711561
6650443 -0.08019624299144962
6650856 -0.05524992184625821
6651159 -0.127146941497488
6651518 -0.08290352121053268
6651880 -0.13248997549574154
6652239 -0.13854348538192993
6652597 -0.20121483029436332
6652997 -0.3284887579653038
6653337 -0.04592807731424586
6653684 -0.08897479410810682
6654122 -0.9181467495452497
6654477 -0.09279256498564292
6654791 -0.17868428089172128
6655274 0.0
6655563 -0.2285761154469299
6655878 -0.06803271583818797
6656235 -0.11221259273596212
6656588 -0.104073718859928
6656938 -0.10666144971990132
6657296 -0.1066513835634374
6657660 -0.07970276110806129
6658021 -0.10226152725045218
6658384 -0.11385685426202533
6658743 -0.12108390921742587
6659112 -0.10762792494109572
6659617 -0.10298538983616379
6659848 -0.11500941941003451
6660213 -0.09400081813610583
6660725 -0.05606504825236758
6660959 -0.07876073949681522
6661321 -0.15401994838609684
6661704 -0.11724810494262272
6662094 -0.03858228396765817
6662408 -0.13389911664488696
6662898 -0.22087522590736786
6663130 -0.0703653724418224
6663493 -0.29112784330032854
6663854 -0.10939028231931303
6664212 -0.16944640531159771
6664579 -0.09891991986732451
6664949 -0.118998013624241
6665324 -0.1084260647047911
6665697 -0.11261305961805185
6666078 -0.08940142791757515
6666471 -0.09782618104470997
6666873 -0.12032787048418876
6667281 -0.08809081324920216
6667683 -0.1253608849232217
6668091 -0.09852274408219247
6668492 -0.14433801848248684
6668884 -0.09483283875278758
6669271 -0.1214816007549612
6669661 -0.0946314860094765
6670061 -0.07614980354248234
6670450 -0.10142081325788538
6670834 -0.07482105394992049
6671230 -0.10573377326056438
