6611173 -0.04007009197728917
6611709 -0.04943784209212154
6612173 -0.05427156694025986
6612532 -0.03612190573011492
6613063 -0.05042829107373048
6613529 -0.05241708331964029
6613896 -0.03133805875263629
6614342 -0.0364281788675655
6614887 -0.05064975761152202
6615247 -0.039154263598306815
6615687 -0.04550826564126914
6616204 -0.04371435601995055
6616654 -0.04729695210734025
6617007 -0.05374476623275659
6617438 -0.040818251152141716
6617960 -0.05452428340399562
6618306 -0.04733424827304089
6618734 -0.042717467224813344
6619163 -0.037003275261510093
6619687 -0.05019665554339858
6620119 -0.057717805590494775
6620477 -0.04505417741616913
6620929 -0.037730019740622844
6621453 -0.05174631361240606
6621886 -0.05414360896424994
6622257 -0.04085431952111235
6622703 -0.042600751658685265
6623244 -0.05435204221610751
6623622 -0.05465202246754394
6624061 -0.03865450404854795
6624503 -0.030467122634595167
6625036 -0.05036068678313682
6625481 -0.05213001982623949
6625835 -0.03617332560037434
6626310 -0.0378055678549348
6626816 -0.047920606814984223
6627260 -0.05341439960671529
6627627 -0.0459692812925091
6628078 -0.033288493621795645
6628620 -0.05170088531275735
6629087 -0.04230689825352146
6629461 -0.04423147488921353
6629912 -0.04637200493307497
6630425 -0.036365226257039196
6630873 -0.04614071162287475
6631216 -0.036949830092249114
6631628 -0.03985779894212799
6632112 -0.046419654430403245
6632516 -0.05132409664230442
6632961 -0.05414193221874397
6633321 -0.037614191582781314
6633841 -0.0429827382919003
6634309 -0.05748158083473248
6634792 -0.06263592579677912
6635224 -0.03784544535277601
6635664 -0.03714732882875943
6636274 -0.055605126857321996
6636770 -0.0580786618192774
6637175 -0.040096323320869764
6637657 -0.0420772750838066
6638234 -0.054996966706046035
6638743 -0.05433718432531509
6639232 -0.051403795094037474
6639625 -0.04426499058810429
6640127 -0.0457071111467518
6640677 -0.05486957500793535
