4309522 0.4242418173453718
4310009 0.4305067739492782
4310493 0.34368724441792214
4310966 0.34205553229031377
4311451 0.4213799879575661
4311935 0.4422380876851413
4312418 0.3975752066655877
4312890 0.3359172214164963
4313368 0.37971667551392907
4313850 0.4232472886082371
4314337 0.4394760107056735
4314824 0.37632141997227553
4315302 0.33022511021138623
4315783 0.39253020433551084
4316264 0.4194787951295062
4316751 0.4436277705668054
4317235 0.40469065244016444
4317710 0.33546416208474605
4318185 0.3879613395520432
4318667 0.4296875960229291
4319153 0.4393857284485245
4319636 0.3716958657781736
4320116 0.3571869460566822
4320603 0.4164099545169455
4321093 0.4289441452184444
4321587 0.446262320186953
4322086 0.39352184106944355
4322568 0.3521735671345701
4323056 0.4071687933237614
4323544 0.43080435626468183
4324032 0.43275865512893663
4324516 0.36668281668759223
4324992 0.35902481933729236
4325476 0.4378752756221155
4325966 0.44373018802394915
4326454 0.4352294611096898
4326935 0.34969800412640295
4327412 0.3591915952192461
4327893 0.42204314137487625
4328379 0.4340208125621523
4328860 0.4326898854307918
4329328 0.3319413877684412
4329789 0.3515918526095164
4330267 0.4277078254673496
4330740 0.4363727444668234
4331209 0.3430894043240523
4331667 0.3267333479915769
4332141 0.4220331117219944
4332619 0.4433864510812139
4333095 0.3983434357843756
4333555 0.33011240563182664
4334003 0.2990990833395263
4334455 0.3006355379493773
4334932 0.39846981396830206
4335411 0.4287584880081613
4335891 0.4289100004652316
4336373 0.42708369931480306
4336855 0.36030325418739395
4337330 0.3166477353175961
4337811 0.4011559674136155
4338295 0.42471947188419545
4338782 0.43157837089685824
