1199961 -0.11066706759893047
1200391 -0.11187008643436636
1200821 -0.1130487976088112
1201251 -0.12662712454164776
1201677 -0.12759412110803808
1202105 -0.11474588862565066
1202537 -0.10858055812546114
1202958 -0.1353409955197054
1203368 -0.1261710220517186
1203777 -0.09739650688895396
1204184 -0.12060393329000518
1204612 -0.08746310901434262
1205028 -0.09558841839299526
1205432 -0.08299043394032238
1205839 -0.10638148545204174
1206244 -0.10205442918561508
1206650 -0.10639972949058657
1207070 -0.10561272603668376
1207487 -0.10983513175052628
1207908 -0.09556684398891907
1208332 -0.09713013623380073
1208757 -0.11539164189418516
1209175 -0.11743170065218983
1209596 -0.10400175500327169
1210014 -0.10291250041221861
1210429 -0.10323097788520263
1210844 -0.09895072172926378
1211268 -0.12294587315988015
1211679 -0.09875384765973572
1212090 -0.110355114484682
1212503 -0.10349211781082951
1212911 -0.11387514430513673
1213309 -0.11014980659181567
1213710 -0.09686371305042188
1214112 -0.10094714865202573
1214515 -0.10192511466977777
1214914 -0.08493643757557237
1215321 -0.09846738966574983
1215727 -0.10665590694360436
1216133 -0.13350164189790206
1216531 -0.10872940786998736
1216936 -0.10712665518730421
1217337 -0.10525415880050606
1217739 -0.12950156618805334
1218141 -0.1184192147814856
1218544 -0.12056117612731598
1218954 -0.11588093011800682
1219367 -0.1194879767342038
1219786 -0.12038681384356886
1220213 -0.1258810732550989
1220629 -0.11122420312920989
1221048 -0.123811833015782
1221465 -0.11895754725864477
1221880 -0.13659641814246212
1222288 -0.12754728835428492
1222703 -0.12009883818529887
1223120 -0.11412066149548372
1223535 -0.1207191816865607
1223953 -0.12160673725497612
1224365 -0.13305758715503646
1224780 -0.11134189302844277
1225200 -0.10312499894002208
1225617 -0.11803052531684655
1226034 -0.11428030337533335
1226442 -0.14295264127780305
1226842 -0.14272100881569338
1227244 -0.12427211033884372
1227668 -0.1050856862071764
1228081 -0.10742009887966053
1228492 -0.13251278679980616
1228905 -0.13368795045209853
1229312 -0.13660655399451643
