5923432 1.557459709919093
5923840 1.4513789024729504
5924249 1.5874283364352753
5924655 1.5910773851668394
5925062 1.5226457968044598
5925464 1.4842741031710291
5925866 1.560648500516005
5926270 1.53774614185787
5926664 1.4149066609923002
5927049 1.4904612913071322
5927445 1.559761429681824
5927841 1.5419585802807187
5928229 1.420172993986502
5928620 1.487191343333302
5929019 1.5229987712974846
5929435 1.5312669957576475
5929842 1.4210819282382101
5930251 1.4546014243251781
5930660 1.4939987926743057
5931063 1.4527349594586392
5931464 1.397942354899621
5931862 1.4827446032044507
5932261 1.5121139243920205
5932667 1.4631437492416217
5933063 1.2781039742769564
5933455 1.2491007771937097
5933850 1.2851199115978154
5934243 1.2697672499892108
5934622 1.1919781897232102
5935010 1.5679589270864795
5935403 1.6192685735616152
5935794 1.3030158401716985
5936175 1.281409308400554
5936560 1.4677209030456844
5936941 1.3594146570449288
5937322 1.2617761554572877
5937702 1.3418810580887297
5938095 1.485628650807882
5938494 1.505894834949293
5938895 1.484046138414401
5939290 1.365435878300523
5939697 1.470307735756176
5940121 1.4865173472948947
5940535 1.5150159574170563
5940961 1.4598901532069035
5941379 1.3327416097208744
5941798 1.4780195156392506
5942221 1.5398423766733849
5942643 1.5305763076859353
5943061 1.3452014331729463
5943476 1.4200472314015453
5943894 1.4961100489338415
5944310 1.52822145813807
5944728 1.4743069770067334
5945137 1.323157231373067
5945545 1.487946895545715
5945959 1.5386348332292816
5946373 1.486281498677621
5946777 1.3003059687551306
5947176 1.4180089205284698
5947581 1.5211941157053799
5947999 1.515092862487088
5948405 1.3364065221201948
5948815 1.4323698092691706
5949227 1.5064261636579632
5949645 1.5260680859819264
5950057 1.3670637336522187
5950460 1.3954909663263626
5950874 1.555655180382376
5951283 1.5208093702545702
5951684 1.2767130517006016
5952076 1.3270897312943681
5952483 1.5031081180450419
5952884 1.5434933216846127
