48.11
48.31
48.20
47.95
47.81
47.87
47.99
48.07
48.09
48.05
48.00
48.00
48.11
48.29
48.45
48.50
48.40
48.11
47.87
47.93
48.25
48.46
48.29
47.95
47.83
47.97
48.15
48.18
48.11
48.06
48.06
48.08
48.07
48.11
48.23
48.46
48.70
48.90
49.05
49.15
49.24
49.36
49.52
49.60
49.48
49.29
49.30
49.62
50.02
50.25
50.32
50.35
50.46
50.69
51.03
51.22
50.98
50.51
50.34
50.65
51.16
51.58
51.84
51.96
51.93
51.74
51.45
51.20
51.10
50.96
50.56
50.04
49.83
50.05
50.32
50.28
50.14
50.29
50.73
51.03
50.87
50.56
50.46
50.54
50.59
50.49
50.26
49.95
49.67
49.51
49.40
49.11
48.60
48.15
48.04
48.12
48.02
47.60
47.17
47.04
47.24
47.62
48.03
48.29
48.24
47.99
47.84
47.93
48.11
48.19
48.19
48.25
48.44
48.65
48.77
48.84
48.99
49.26
49.54
49.70
49.72
49.63
49.51
49.50
49.68
49.84
49.72
49.40
49.27
49.56
49.88
49.81
49.47
49.36
49.64
49.91
49.76
49.39
49.25
49.49
50.00
50.63
51.25
51.71
52.03
52.36
52.80
53.27
53.69
53.88
53.66
53.17
52.71
52.41
52.24
52.01
51.28
49.82
48.46
48.11
48.62
49.02
48.66
48.01
47.73
47.85
48.01
47.94
47.67
47.30
47.01
47.05
47.52
48.08
48.28
48.12
48.00
48.19
48.47
48.56
48.45
48.39
48.54
48.78
48.93
48.92
48.74
48.44
48.14
47.98
47.87
47.63
47.22
46.91
46.94
47.21
47.40
47.32
47.22
47.39
47.83
48.25
48.47
48.61
48.87
49.34
49.99
50.85
51.96
53.36
54.72
55.41
55.31
54.98
54.85
54.96
55.06
54.19
51.72
48.97
47.34
46.86
46.99
47.27
47.35
46.91
46.19
45.80
46.10
46.75
47.29
47.48
47.47
47.44
47.53
47.85
48.39
48.89
49.10
49.04
48.86
48.71
48.77
49.15
49.65
49.93
49.90
49.74
49.59
49.51
49.53
49.56
49.46
49.18
48.84
48.58
48.49
48.62
48.88
49.02
48.83
48.57
48.63
49.05
49.42
49.40
49.25
49.39
49.83
50.29
50.51
50.53
50.40
50.13
49.65
49.29
49.90
52.07
54.14
53.34
50.22
47.85
47.25
47.43
47.52
47.40
47.30
47.37
47.56
47.85
48.18
48.45
48.62
48.75
48.89
48.98
48.89
48.64
48.47
48.57
48.79
48.84
48.67
48.54
48.68
48.99
49.32
49.46
49.17
48.39
47.64
47.45
47.78
48.08
48.00
47.84
47.99
48.48
48.96
49.14
49.16
49.25
49.51
49.91
50.39
50.79
50.92
50.94
51.14
51.59
52.00
52.15
52.11
52.01
51.90
51.74
51.57
51.45
51.38
51.07
50.28
49.43
49.18
49.56
49.91
49.71
49.21
48.85
48.75
48.79
48.87
49.03
49.28
49.56
49.67
49.57
49.43
49.46
49.56
49.56
49.38
49.11
48.84
48.66
48.63
48.70
48.70
48.54
48.43
48.63
49.01
49.17
48.87
48.47
48.37
48.60
48.92
49.16
49.31
49.40
49.50
49.77
50.18
50.42
50.23
49.91
49.88
50.14
50.24
49.93
49.56
49.53
49.66
49.48
48.84
48.27
48.19
48.42
48.56
48.48
48.39
48.49
48.79
49.20
49.57
49.67
49.36
48.95
48.87
49.09
49.27
49.14
48.82
48.48
48.23
48.16
48.28
48.44
48.46
48.37
48.30
48.30
48.32
48.27
48.26
48.48
48.96
49.44
49.63
49.67
49.85
50.24
50.58
50.66
50.64
50.79
50.97
50.75
50.01
49.26
48.96
49.02
49.14
49.17
49.10
48.99
48.96
49.15
49.49
49.67
49.52
49.25
49.12
49.11
48.97
48.61
48.28
48.18
48.24
48.20
47.99
47.79
47.79
47.92
48.01
48.01
48.05
48.25
48.57
48.85
49.02
49.22
49.53
49.90
50.17
50.28
50.34
50.38
50.28
49.88
49.32
48.98
49.01
49.16
49.16
49.08
49.15
49.40
49.58
49.47
49.24
49.20
49.39
49.59
49.64
49.64
49.76
49.92
49.89
49.58
49.29
49.28
49.38
49.25
48.81
48.41
48.29
48.30
48.11
47.72
47.40
47.40
47.68
48.13
48.61
48.93
48.95
48.90
49.06
49.52
50.09
50.57
50.88
50.95
50.96
51.22
51.81
52.33
52.39
52.22
52.20
52.42
52.74
52.96
52.80
52.12
51.28
50.68
50.45
50.63
50.96
50.82
49.90
48.99
48.95
49.57
50.05
49.96
49.82
50.17
50.85
51.36
51.46
51.26
50.94
50.75
50.93
51.24
51.19
50.70
50.24
50.13
50.08
49.71
49.10
48.61
48.44
48.46
48.49
48.46
48.34
48.16
48.13
48.39
48.80
49.08
49.10
49.02
49.03
49.11
49.23
49.33
49.34
49.25
49.17
49.25
49.43
49.50
49.35
49.19
49.24
49.45
49.61
49.59
49.45
49.27
49.23
49.51
50.07
50.50
50.48
50.20
49.96
49.92
50.16
50.59
50.85
50.63
50.28
50.40
51.24
52.64
54.40
56.08
57.22
57.86
58.34
58.73
58.82
57.68
54.19
49.67
46.28
44.55
44.15
44.86
45.99
46.61
46.18
45.43
45.22
45.65
46.40
47.09
47.50
47.47
47.09
46.81
47.00
47.49
47.82
47.77
47.53
47.31
47.21
47.28
47.51
47.73
47.78
47.65
47.42
47.27
47.61
48.83
50.42
50.98
49.77
48.00
46.86
46.44
46.49
46.77
47.00
46.94
46.68
46.50
46.64
47.21
48.29
49.43
49.56
48.14
46.48
45.87
46.27
46.81
46.82
46.61
46.68
47.13
47.58
47.70
47.65
47.78
48.17
48.52
48.52
48.35
48.35
48.63
49.05
49.43
49.65
49.62
49.35
49.01
48.72
48.48
48.27
48.13
48.08
48.13
48.21
48.23
48.19
48.15
48.21
48.46
48.98
49.62
50.04
50.08
50.17
50.73
51.74
52.84
53.61
53.41
52.06
50.47
49.46
49.03
48.91
48.81
48.39
47.49
46.51
45.92
45.72
45.55
45.12
44.68
44.62
45.06
45.71
46.19
46.41
46.51
46.64
46.88
47.28
47.83
48.39
48.81
49.02
48.97
48.77
48.69
48.94
49.34
49.58
49.53
49.25
48.81
48.37
48.07
47.86
47.58
47.14
46.68
46.32
46.15
46.15
46.32
46.54
46.71
46.82
46.98
47.29
47.63
47.78
47.71
47.72
48.11
48.67
48.97
48.83
48.63
48.74
49.04
49.20
49.09
48.88
48.75
48.74
48.85
49.20
50.07
51.64
53.48
54.90
55.61
55.78
55.83
56.37
56.91
54.56
48.84
43.93
41.86
41.67
42.15
42.48
42.61
42.60
42.55
42.59
42.82
43.22
43.63
43.86
43.92
43.98
44.16
44.49
44.94
45.45
45.81
45.83
45.55
45.27
45.21
45.33
45.49
45.63
45.79
46.03
46.26
46.30
46.02
45.72
45.72
46.05
46.35
46.26
45.89
45.54
45.41
45.39
45.36
45.25
45.06
44.84
44.71
44.84
45.28
45.74
45.94
45.89
45.87
46.11
46.49
46.82
47.01
47.19
47.50
48.01
48.73
49.57
50.12
50.03
49.53
49.17
49.09
48.89
48.23
47.23
46.14
45.15
44.49
44.26
44.33
44.47
44.54
44.57
44.59
44.67
44.86
45.21
45.59
45.81
45.76
45.62
45.62
45.80
46.05
46.30
46.59
47.02
47.54
47.85
47.63
47.13
46.86
47.03
47.24
47.08
46.60
46.19
46.11
46.19
46.23
46.20
46.22
46.40
46.66
46.85
46.91
46.89
46.84
46.87
47.09
47.50
47.91
48.06
47.97
47.83
47.79
47.95
48.39
48.92
49.19
49.00
48.68
48.61
48.85
49.30
49.83
50.15
50.05
49.72
49.56
49.69
49.91
50.07
50.06
49.85
49.48
49.01
48.55
48.21
48.07
47.98
47.66
47.07
46.58
46.52
46.77
46.96
46.87
46.77
46.97
47.41
47.78
47.81
47.64
47.47
47.40
47.47
47.64
47.77
47.70
47.45
47.25
47.26
47.40
47.50
47.52
47.60
47.84
48.18
48.50
48.72
48.78
48.69
48.60
48.70
48.98
49.10
48.84
48.37
47.97
47.81
47.93
48.31
48.66
48.61
48.23
47.91
47.95
48.16
48.26
48.25
48.32
48.64
49.16
49.81
50.51
51.21
51.82
52.16
52.08
51.81
51.72
51.90
52.24
52.60
52.81
52.71
52.17
51.11
50.02
49.69
50.27
50.83
50.52
49.62
48.79
48.25
47.90
47.64
47.49
47.48
47.59
47.70
47.75
47.77
47.78
47.79
47.77
47.71
47.64
47.60
47.60
47.62
47.64
47.63
47.60
47.55
47.54
47.61
47.66
47.55
47.31
47.17
47.29
47.55
47.75
47.83
47.96
48.30
48.64
48.64
48.28
48.01
48.17
48.52
48.58
48.23
47.87
47.81
47.94
48.00
47.88
47.71
47.58
47.51
47.44
47.40
47.45
47.63
47.84
47.93
47.88
47.84
47.96
48.16
48.23
48.13
48.01
48.03
48.12
48.15
48.04
47.87
47.74
47.76
48.06
48.59
48.99
48.96
48.71
48.64
48.87
49.16
49.28
49.30
49.42
49.73
50.19
50.72
51.13
51.19
51.05
51.06
51.33
51.46
51.16
50.80
50.88
51.33
51.69
51.69
51.47
51.22
51.00
50.85
50.78
50.76
50.79
50.84
50.90
50.86
50.59
50.16
49.79
49.60
49.52
49.46
49.43
49.43
49.49
49.58
49.66
49.76
49.92
50.07
50.08
49.87
49.63
49.58
49.76
50.10
50.44
50.53
50.16
49.69
49.64
50.03
50.34
50.22
49.96
49.97
50.31
50.82
51.37
51.86
52.22
52.42
52.44
52.43
52.64
53.07
53.19
52.65
52.00
51.82
51.89
51.61
50.96
50.58
50.80
51.28
51.53
51.45
51.11
50.68
50.51
50.74
51.06
51.07
50.82
50.63
50.62
50.59
50.41
50.16
49.99
49.95
50.03
50.19
50.26
50.13
50.02
50.24
50.76
51.02
50.66
50.12
49.90
