49.19
49.55
49.76
49.83
49.93
50.23
50.62
50.76
50.56
50.42
50.66
51.11
51.41
51.56
51.91
52.55
52.99
52.75
52.08
51.48
51.24
51.51
52.16
52.63
52.43
51.99
51.90
52.23
52.73
53.28
53.92
54.67
55.53
56.50
57.77
59.54
61.24
61.73
61.04
60.02
59.14
58.46
56.91
53.28
49.23
46.84
46.26
46.68
47.47
48.16
48.25
47.85
47.69
48.33
49.46
50.52
51.20
51.66
52.05
52.49
53.08
53.81
54.63
55.34
55.53
55.08
54.39
53.86
53.66
53.87
54.14
54.00
53.50
52.99
52.69
52.64
52.80
52.84
52.50
52.22
52.60
53.56
54.52
54.87
54.09
52.23
50.53
49.95
50.07
50.19
50.09
50.10
50.44
50.96
51.46
51.77
51.77
51.59
51.76
52.54
53.36
53.48
53.08
52.85
53.07
53.63
54.33
54.74
54.57
54.27
54.38
54.88
55.53
56.21
56.88
57.46
57.73
57.74
58.03
58.82
59.46
59.48
59.42
59.64
59.61
58.95
58.20
57.72
57.01
55.77
54.87
55.09
56.09
57.19
58.09
58.71
59.12
59.51
59.92
60.33
60.54
60.27
59.61
58.93
58.37
57.91
57.83
58.65
59.47
57.67
53.74
51.06
50.50
50.68
50.60
50.62
51.33
52.50
53.30
53.33
53.14
53.17
53.15
52.74
52.18
51.90
52.01
52.35
52.74
53.00
52.97
52.89
53.06
53.44
53.78
53.84
53.48
52.75
52.19
52.25
52.67
52.97
52.97
52.69
52.33
52.28
52.75
53.24
53.18
52.82
52.77
53.17
53.70
54.13
54.45
54.70
55.05
55.67
56.45
57.08
57.47
57.65
57.76
58.11
58.70
59.20
59.43
59.57
59.88
60.68
61.97
63.03
63.65
64.56
65.82
66.40
66.35
66.67
67.23
67.38
67.44
67.85
68.35
68.71
68.89
68.84
68.56
68.33
68.27
67.76
66.74
66.02
65.43
64.17
62.48
60.90
59.63
58.76
58.37
58.40
58.38
57.83
56.93
56.02
55.35
55.08
55.05
54.98
54.59
53.71
52.45
51.23
50.38
50.07
50.41
50.96
51.08
50.67
50.20
50.04
50.23
50.74
51.29
51.44
51.10
50.76
50.78
51.07
51.42
51.64
51.57
51.22
50.93
50.97
51.29
51.80
52.32
52.58
52.52
52.35
52.30
52.40
52.63
52.83
52.71
52.24
51.61
51.03
50.69
50.74
50.88
50.70
50.15
49.61
49.35
49.42
49.83
50.43
50.99
51.33
51.46
51.43
51.41
51.61
51.96
52.21
52.24
52.26
52.45
52.73
52.96
53.08
53.09
52.97
52.67
52.24
51.99
52.19
52.50
52.43
52.04
51.94
52.37
52.89
53.08
53.03
52.98
52.99
53.01
53.07
53.35
53.87
54.16
53.79
53.10
52.61
52.47
52.65
52.97
53.09
52.77
52.17
51.49
50.96
50.82
50.98
51.12
51.03
50.80
50.56
50.50
50.79
51.36
51.86
52.01
51.93
51.80
51.91
52.61
53.79
54.80
55.16
54.94
54.44
54.21
54.75
55.41
55.13
54.08
53.34
53.34
53.92
54.77
55.25
54.79
53.45
51.58
50.10
49.96
50.91
51.56
51.00
49.88
49.00
48.55
48.48
48.70
49.07
49.43
49.69
49.75
49.71
49.85
50.37
51.11
51.81
52.32
52.59
52.56
52.16
51.45
50.90
50.97
51.36
51.38
50.80
50.06
49.51
49.09
48.67
48.24
47.86
47.59
47.51
47.70
48.07
48.44
48.66
48.81
48.98
49.22
49.61
50.11
50.60
50.89
50.89
50.59
50.11
49.73
49.65
49.72
49.79
49.83
49.96
50.19
50.40
50.44
50.31
50.02
49.71
49.59
49.75
49.88
49.59
49.10
48.97
49.43
50.00
50.20
50.14
50.25
50.68
51.19
51.59
51.80
51.78
51.63
51.53
51.52
51.46
51.21
50.67
49.79
48.88
48.38
48.41
48.60
48.60
48.48
48.50
48.77
49.14
49.47
49.65
49.63
49.50
49.59
50.12
50.75
51.08
51.35
52.36
54.36
56.21
56.68
56.34
56.21
55.82
54.24
52.19
51.03
50.86
50.81
50.38
49.89
49.74
49.93
50.36
50.84
51.06
50.91
50.91
51.70
53.15
54.54
55.34
55.55
55.29
54.78
54.18
53.36
52.18
51.07
50.59
50.69
50.69
50.17
49.48
49.02
48.77
48.53
48.25
48.08
48.18
48.53
49.08
49.69
50.14
50.27
50.28
50.49
50.97
51.53
51.98
52.18
52.04
51.83
51.91
52.29
52.56
52.50
52.29
52.12
52.02
51.96
51.83
51.52
51.08
50.93
51.36
52.14
52.89
53.34
53.31
52.86
52.32
51.97
51.88
52.06
52.11
51.52
50.50
49.99
50.47
51.54
52.62
53.18
52.78
51.65
50.73
50.46
50.44
50.20
49.79
49.46
49.36
49.51
49.90
50.27
50.32
50.16
50.22
50.70
51.35
51.89
52.32
52.79
53.47
54.51
55.87
56.93
57.16
57.04
57.19
57.60
58.03
58.40
58.63
58.65
58.39
57.97
57.58
57.23
56.76
56.11
55.29
54.55
54.38
54.87
55.37
55.36
55.24
55.51
56.16
57.05
57.95
58.59
58.89
58.93
58.70
58.19
57.59
57.27
57.06
56.16
54.50
52.98
52.15
51.99
52.41
53.03
53.39
53.39
53.19
53.04
53.27
53.97
54.61
54.67
54.35
54.07
54.01
54.15
54.38
54.42
54.19
53.94
53.90
54.10
54.57
55.31
56.35
57.32
57.59
57.15
56.65
56.47
56.63
56.87
56.39
54.78
52.63
50.56
49.13
48.72
48.95
49.09
48.85
48.63
48.79
49.17
49.39
49.37
49.42
49.77
50.24
50.56
50.65
50.69
50.79
50.91
51.00
51.07
51.14
51.27
51.48
51.82
52.18
52.49
52.72
52.89
53.06
53.36
53.83
54.32
54.68
54.90
55.03
55.07
54.99
54.90
55.03
55.34
55.44
55.24
55.47
56.65
58.09
58.81
58.77
58.37
57.83
57.27
56.40
54.87
53.22
52.36
52.38
52.79
53.20
53.56
53.79
53.69
53.06
52.27
51.87
51.94
52.10
52.06
51.77
51.28
50.77
50.44
50.32
50.34
50.39
50.30
49.97
49.61
49.52
49.76
50.08
50.22
50.12
49.76
49.34
49.19
49.45
49.90
50.25
50.41
50.40
50.30
50.33
50.63
51.00
51.18
51.16
51.10
51.16
51.42
51.88
52.29
52.29
51.98
51.80
51.99
52.34
52.64
52.75
52.58
52.23
51.86
51.56
51.26
51.00
51.19
52.23
53.66
54.40
54.27
54.33
55.04
55.16
53.73
51.97
51.22
51.27
51.41
51.34
51.17
51.05
51.14
51.54
51.98
52.04
51.73
51.55
51.83
52.49
53.35
54.07
54.28
53.87
53.09
52.21
51.60
51.45
51.53
51.57
51.69
52.18
53.22
54.89
57.10
59.07
60.00
60.63
62.04
63.96
65.59
66.38
66.19
65.92
66.08
65.93
65.44
65.34
63.37
56.89
50.64
48.26
48.45
49.27
49.68
49.67
49.37
49.18
49.58
50.51
51.49
52.12
52.35
52.28
52.36
53.16
54.53
55.47
55.42
55.03
54.90
54.86
54.67
54.53
54.70
54.70
53.68
51.96
50.81
50.67
50.92
50.96
50.78
50.53
50.33
50.25
50.35
50.68
51.23
51.68
51.60
51.12
51.07
51.88
53.06
53.92
54.25
54.13
53.57
52.52
51.26
50.49
50.53
50.73
50.28
49.37
48.73
48.68
48.97
49.31
49.51
49.43
49.16
49.10
49.53
50.21
50.77
51.11
51.43
51.91
52.65
53.69
54.53
54.46
53.55
52.61
52.10
52.11
52.63
53.34
53.82
53.76
52.93
51.79
51.21
51.56
52.41
53.29
53.82
53.69
53.04
52.34
51.89
51.84
52.13
52.15
51.35
50.19
49.41
49.29
49.77
50.67
51.39
51.28
50.61
50.13
50.20
50.67
51.34
51.74
51.42
50.62
50.06
50.05
50.39
50.83
51.35
51.99
52.54
52.57
52.01
51.55
51.79
52.37
52.64
52.54
52.43
52.51
52.73
53.02
53.25
53.31
53.12
52.63
52.14
52.30
53.27
54.22
54.28
53.74
53.20
52.99
53.34
54.06
54.48
54.27
53.85
53.62
53.57
53.63
53.82
54.18
54.59
54.75
54.58
54.32
54.16
54.15
54.27
54.42
54.46
54.31
53.92
53.43
53.15
53.21
53.49
53.81
53.96
53.77
53.23
52.44
51.68
51.33
51.54
52.06
52.62
52.87
52.51
51.94
51.91
52.61
53.43
53.82
53.66
53.01
52.24
51.78
51.65
51.62
51.54
51.46
51.46
51.70
52.36
53.11
53.20
52.43
51.50
51.00
51.07
51.72
52.51
52.66
52.04
51.41
51.32
51.69
52.32
52.84
52.79
52.11
51.19
50.45
50.29
51.00
52.06
52.56
52.25
51.73
51.46
51.44
51.61
51.63
51.08
50.16
49.50
49.47
49.82
50.27
50.54
50.38
49.82
49.34
49.29
49.61
50.18
50.80
51.25
51.42
51.58
52.02
52.83
54.02
55.34
56.21
56.29
55.92
55.53
55.45
55.84
56.18
55.81
54.72
53.26
52.04
51.73
52.27
52.75
52.57
52.20
52.22
52.64
53.28
53.96
54.46
54.64
54.41
53.84
53.32
53.21
53.29
53.18
52.82
52.37
51.96
51.61
51.40
51.47
51.96
52.59
52.87
52.71
52.52
52.59
52.87
53.24
53.43
53.14
52.53
52.03
51.90
52.11
52.56
52.90
52.73
52.23
51.84
51.77
52.08
52.65
53.08
52.98
52.58
52.33
52.36
52.66
53.10
53.39
53.31
52.92
52.37
51.99
52.19
52.78
52.97
52.39
51.66
51.36
51.54
52.15
52.88
53.23
53.02
52.61
52.39
52.53
53.14
53.90
54.23
54.00
53.54
53.17
53.10
53.46
53.96
54.27
54.26
53.92
53.43
53.13
53.14
53.30
53.40
53.25
52.75
52.30
52.43
53.05
53.58
53.68
53.57
53.50
53.61
54.00
54.48
54.76
54.72
54.40
53.96
53.76
53.95
54.24
54.32
54.21
53.97
53.70
53.45
53.36
53.57
