692745 -0.04215365954581979
693168 -0.03935144697303977
693590 -0.04356501333867002
694009 -0.051081630504499764
694426 -0.03227873066182313
694840 -0.03461796553745883
695255 -0.021321868618393747
695669 -0.031052333696155787
696081 -0.04544744700788994
696487 -0.04426137433200855
696894 -0.028573171745560733
697298 -0.02805396989350256
697710 -0.02734449230575814
698121 -0.03404169443646288
698534 -0.03763620279731161
698943 -0.03470732466237564
699357 -0.03181223659713822
699773 -0.033202811923988274
700186 -0.04253312567175793
700597 -0.038946983424062775
701007 -0.03674575033470412
701425 -0.03121526519916462
701842 -0.03711770703432016
702259 -0.05214379727189766
702675 -0.0367494288893877
703101 -0.034197188598094286
703526 -0.03753485339376855
703953 -0.04010082191617953
704375 -0.0414783968504962
704798 -0.03956279195501616
705223 -0.041494480666494415
705644 -0.04417968286020363
706064 -0.04654313296660256
706481 -0.03186298568390622
706904 -0.026330640790142135
707325 -0.0440370461131841
707742 -0.04192900638444419
708156 -0.03544068668405548
708576 -0.032588454092162655
708999 -0.03522831393473058
709424 -0.040434453388486724
709843 -0.045576141037245776
710263 -0.03125916842553578
710688 -0.03514966927893648
711110 -0.037447950311121525
711527 -0.044661667341684363
711941 -0.03614240767675109
712358 -0.03210747545047343
712775 -0.039148824771678914
713187 -0.04096814975058516
713598 -0.03110549794688583
714007 -0.03979701745521519
714408 -0.05420066439502058
714804 -0.05599153196029477
715199 -0.046876353292159834
715589 -0.05585591200725404
715973 -0.05433911184392093
716359 -0.052366778822880766
716741 -0.04925807595311288
717121 -0.056682802694384415
717497 -0.05589407150103992
717881 -0.05500559459367388
718265 -0.0562535599308871
718649 -0.04838845366785205
719040 -0.03937688675407658
719440 -0.03304590567964527
719849 -0.048191185708453266
720266 -0.050923413450609856
720681 -0.051634961698735826
721102 -0.0412076085482862
721533 -0.03548255352122298
721963 -0.04488813276044468
