5182029 -0.03823071939349765
5182450 -0.036390751874365246
5182868 -0.047889386756223395
5183284 -0.03899061983212948
5183705 -0.03521222573811905
5184132 -0.037166235910469525
5184563 -0.04257565064212726
5184983 -0.0431762065370343
5185399 -0.04056924081685104
5185808 -0.02671699089365498
5186205 -0.03423864287420775
5186593 -0.040293270435744044
5186980 -0.044871224105589524
5187368 -0.03610855882853714
5187752 -0.045898767515775374
5188140 -0.03786863756572806
5188537 -0.034169885822280754
5188935 -0.044644141185957054
5189333 -0.03295084683452193
5189737 -0.035854709669427665
5190147 -0.02857299529167079
5190555 -0.029924719943718092
5190971 -0.032458874013715666
5191392 -0.03195700978732374
5191813 -0.04054494974823736
5192230 -0.03546931154732469
5192651 -0.035964051415203646
5193076 -0.03364945940144315
5193503 -0.03692013478034856
5193928 -0.03394658489479213
5194353 -0.034260707341588315
5194782 -0.029187888659926498
5195214 -0.04055620577895336
5195636 -0.03900765157129271
5196055 -0.039812595876938306
5196480 -0.026854213816191963
5196904 -0.03641896073947709
5197323 -0.03786980526035255
5197743 -0.027513409418571333
5198166 -0.03318287227310185
5198586 -0.04190665092221907
5199003 -0.04049256088772385
5199423 -0.03120192405026606
5199844 -0.027796719319898133
5200265 -0.036865298021331816
5200684 -0.03767361892029364
5201100 -0.03647997584259571
5201523 -0.03384078423827308
5201944 -0.030805793831375106
5202366 -0.03803525846447059
5202792 -0.031510722220929654
5203220 -0.03718525527830824
5203643 -0.03832133319412445
5204062 -0.04126914540856835
5204487 -0.030369921249217946
5204911 -0.03850663878565841
5205328 -0.03942336303659816
5205747 -0.031759226844027266
5206168 -0.033494532878819094
5206580 -0.03921968880644622
5206991 -0.03974364251328327
5207405 -0.030291432489795045
5207823 -0.03543764672581723
5208238 -0.03778065868508146
5208650 -0.03544972974508076
5209063 -0.03169603232956575
5209481 -0.03304631545322817
5209895 -0.04063269618185422
5210311 -0.03595682157436503
5210728 -0.03316663845457485
5211146 -0.03441007823024439
5211561 -0.036195846265072384
