4643525 0.7748621287904294
4643878 0.75531244852072
4644228 0.8243807941401566
4644575 0.8477314925587076
4644917 0.7844644228686919
4645259 0.8162273920210916
4645598 0.8154604393598615
4645937 0.8032814309923014
4646274 0.7657127272081716
4646609 0.8250846344150247
4646947 0.8192454385812782
4647289 0.7892594346011497
4647632 0.7387412574037924
4647981 0.7849990886315509
4648335 0.8308956114827112
4648691 0.8488983524422556
4649051 0.8146262200700081
4649415 0.8026042957091342
4649783 0.83431091902057
4650151 0.8476219350254717
4650516 0.8084291021851904
4650884 0.7785356049984096
4651252 0.8059367952649932
4651621 0.8411929144330186
4651987 0.8199173608977379
4652356 0.7893425312883373
4652722 0.7971778698630414
4653090 0.8495564863792961
4653457 0.8418205893877511
4653822 0.7857777479330468
4654186 0.7835874495504211
4654552 0.8351262090704819
4654915 0.8256343443290012
4655276 0.7684295797954374
4655635 0.8237979755413152
4655996 0.8446784181670786
4656355 0.7978228228775797
4656714 0.7729939259845817
4657076 0.8242264660607714
4657439 0.8402468782901582
4657800 0.8082129944224992
4658163 0.7776099861164583
4658528 0.8255041481538974
4658895 0.8295070461714138
4659261 0.7760192056867292
4659627 0.7966598471192539
4659995 0.8424052685624803
4660363 0.831185175119353
4660728 0.7948320917269684
4661094 0.811714866484297
4661462 0.851194985930884
4661825 0.8058055470239449
4662190 0.7748314926529015
4662555 0.8220769918281634
4662919 0.8406541480130454
4663280 0.7980170611588968
4663641 0.7677524161356295
4664005 0.8378576602105197
4664368 0.8365364534896418
4664729 0.7945327864047447
4665090 0.775724735390853
4665452 0.8176759949380238
4665812 0.8375537284292447
4666171 0.7896518371103425
4666532 0.8115846167409285
4666891 0.8303960140926793
4667249 0.8099251005933441
4667608 0.7785798039239109
4667968 0.8209902680118504
4668328 0.8368086352389608
4668687 0.8102653232578418
4669046 0.7732076898478296
4669406 0.8168438894969252
4669766 0.8420730217683015
4670124 0.7976423723228836
4670483 0.7997217159480494
4670842 0.8292313902888959
4671201 0.8136919191745386
4671559 0.7926804558784357
4671917 0.8306634537438409
4672275 0.8404657301106829
4672632 0.8007650249970723
4672990 0.773315808747636
