1500795 -0.05670146189659081
1501204 -0.04552401483378604
1501622 -0.02924839546563801
1502042 -0.02515855039452014
1502459 -0.04785069678062359
1502871 -0.05544491749199332
1503280 -0.04277702690425339
1503697 -0.02687214368922447
1504116 -0.021527798495956818
1504531 -0.042333332859190276
1504943 -0.05211822425382173
1505354 -0.04206647766146965
1505775 -0.03266996049527232
1506195 -0.021083836133420075
1506616 -0.04260521270442963
1507028 -0.0530941411133265
1507439 -0.039483631099676564
1507858 -0.032313562691858755
1508270 -0.04696114213851288
1508682 -0.042065903816046246
1509100 -0.027882003516777665
1509523 -0.02358248687823722
1509938 -0.04730503936451402
1510352 -0.052410856209164136
1510769 -0.031811625865398874
1511192 -0.022722620167643037
1511614 -0.028955511166406767
1512028 -0.059088060636535156
1512438 -0.053326551715796366
1512851 -0.025252793382281036
1513258 -0.034376691343752375
1513656 -0.05351273230712761
1514057 -0.03387575450845387
1514459 -0.035568559819110224
1514856 -0.05374434031740494
1515255 -0.054382940398563284
1515656 -0.03219642685532026
1516059 -0.028935437896719984
1516461 -0.03130756621918196
1516862 -0.047589931346976755
1517261 -0.05244449755305908
1517669 -0.0264775510220282
1518079 -0.02209442151460489
1518487 -0.02986749237463948
1518890 -0.0517801597161166
1519292 -0.04773676474597016
1519703 -0.04323428972063287
1520114 -0.02946649245054761
1520520 -0.04947169074165886
1520925 -0.05195587457379258
1521338 -0.028622260213263806
1521751 -0.02796071226979463
1522157 -0.047943805961182806
1522560 -0.06065059081970536
1522961 -0.05202606080196709
1523368 -0.03143987460818043
1523762 -0.03851418079205188
1524153 -0.02839670318640186
1524547 -0.03337790272528085
1524938 -0.05701223139228856
1525332 -0.04995248029600685
1525737 -0.02727206887911876
1526149 -0.023232051171314938
1526561 -0.021288333452846975
1526972 -0.04277906817288263
1527381 -0.052521119008901274
1527792 -0.040950079859648325
1528210 -0.02503573802021175
1528633 -0.02096236136281543
1529051 -0.04376962880222113
1529466 -0.0552633319210139
1529878 -0.03433339999792551
1530296 -0.025971501015786436
