6259537 0.6200518746300212
6259886 0.6721132585629439
6260242 0.6818168295640684
6260596 0.6021535712703414
6260952 0.7307453634725654
6261305 0.5773356382377777
6261658 0.37202728392290885
6262014 0.5995188035273367
6262371 0.6684860078961069
6262726 0.678885595657241
6263075 0.9085412526915775
6263779 0.3564907286421479
6264130 0.5164454980886508
6264482 0.6792448462020654
6264831 0.5038883333928321
6265181 0.483011079120504
6265528 0.668657300596039
6265870 0.5000091452654036
6266215 0.5350427249296461
6266300 0.09471166289102118
6266554 0.5680295514151978
6266893 0.44104743314834827
6267231 0.3550941053315989
6267567 0.6845381724034898
6267899 0.6491727643820598
6268232 0.257184017507727
6268892 0.39541525623396534
6269222 0.5940403021735691
6269551 0.7918672150044177
6269878 0.3610467758741709
6270200 0.4176774057089501
6270526 0.4234334292096515
6270850 0.5504823799413359
6271173 0.6772768191628779
6271494 0.8037821297562413
6271814 0.6885116510836822
6272138 0.7455697767445313
6272463 0.5735397125448555
6272791 0.4947518533228711
6273124 0.5992330573826068
6273503 0.4373662989447009
6273683 0.20795027851539144
6273793 0.43602707179321654
6273919 0.33332933585011826
6274136 0.7622446852527983
6274482 0.5999318354059644
6275519 0.6504009289377224
6275871 0.574699650569977
6276221 0.7457244285648514
6276566 0.7516675355454794
6277261 0.7909802704663749
6277601 0.5925902583071088
6277938 0.5940579961278485
6278276 0.7796663983411878
6278614 0.9886101949394994
6278950 0.6905384790106657
6279285 0.8294203860455989
6279619 0.8895225178667079
6279953 0.43555011969921414
6280285 0.8556102004482298
6280612 0.6284011310262827
6280981 0.770997280283892
6281259 0.672877010008953
6281577 0.7644094287026546
6281894 0.6533801272494872
6282210 0.7621503712437225
6282524 0.6531370743080056
6282838 0.6299471547009234
6283150 0.6039979657620574
6283466 0.5943015123250491
6283783 0.7062853992759041
6284102 0.7373658608241266
6284463 7.181397901353709
6284736 0.9096741133464271
6285056 0.8072071094640325
6285376 0.3888309843399288
6285694 0.6620919866853554
6286014 0.6560491559952764
6286328 0.6145815792338427
6286646 0.8167622353310494
6286963 0.749312242818291
6287280 0.8473028675426195
6287595 0.5925784404671439
6287910 0.558573750205002
6288047 0.287076279334191
6288226 0.5371294475193221
6288373 0.15977959101985895
6288544 0.8407047116642721
6288977 2.331547188777794
