2488301 -0.01756748011294834
2488706 -0.017946700441123675
2489121 -0.012854683610739603
2489526 -0.01678399602014835
2489918 -0.01581539932807774
2490338 -0.015360517343378344
2490741 -0.011166540949458459
2491132 -0.018030584505136005
2491541 -0.015491371410012833
2491947 -0.01563667485965109
2492350 -0.011302697185182897
2492755 -0.018192555040868696
2493165 -0.011052124780745909
2493575 -0.013239114922811768
2493984 -0.013177572232141277
2494404 -0.011234609965934839
2494804 -0.01385552934902462
2495215 -0.01544139711007031
2495625 -0.017577068326682654
2496047 -0.016205159433127392
2496447 -0.0148105815519734
2496857 -0.019294000772859254
2497266 -0.016063408768687837
2497696 -0.009989395061943795
2498081 -0.012275663212348575
2498490 -0.015999947309508156
2498893 -0.0110243920405374
2499309 -0.01119589611298405
2499709 -0.01063409595767506
2500099 -0.01771091330809793
2500502 -0.01862246929871325
2500901 -0.01391962307536404
2501301 -0.01652687998868979
2501706 -0.013070763466546287
2502111 -0.014288595744824772
2502516 -0.011427156317197762
2502935 -0.014217496445430189
2503332 -0.013854065855987585
2503741 -0.011631248284106
2504174 -0.010257896733292138
2504556 -0.012416093074490264
2504966 -0.016561113209408118
2505375 -0.012181281339397054
2505805 -0.012878613790946514
2506188 -0.012558648702865993
2506610 -0.013609513326713618
2507005 -0.013809389254513693
2507413 -0.016099482414826616
2507831 -0.01322054643333126
2508245 -0.013031924833131758
2508630 -0.015648207903832312
2509035 -0.0171901641457603
2509438 -0.011669661350127203
2509857 -0.013517412448446842
2510271 -0.011977215539669739
2510656 -0.01618999351960193
2511063 -0.015634904547225992
2511471 -0.015734526176306607
2511895 -0.015460935679111054
2512294 -0.017930969711350053
2512704 -0.013911772540702472
2513114 -0.01887977330245305
2513541 -0.015979036569405913
2513939 -0.014316944121620934
2514350 -0.012221718933383752
2514762 -0.015474694263284516
2515179 -0.012627338228647533
2515609 -0.01188869142124005
2516031 -0.009456026670406015
2516425 -0.013788067668581205
2516842 -0.01578197028068673
2517271 -0.012426060223895752
2517670 -0.0103854322230027
2518103 -0.014210162424371564
