393297 0.3529107312137931
393681 0.33688465858633815
394065 0.33900386386875664
394449 0.35371262384634367
394833 0.3525122826038411
395218 0.34843203444169124
395602 0.34169278372928485
395991 0.35078862959708923
396382 0.3559401518824152
396769 0.3543375884535166
397153 0.3502085409809372
397533 0.35721752099890974
397908 0.3341161031396546
398280 0.3411857119724687
398651 0.34221932816278583
399021 0.35442381547153456
399387 0.3598997842487636
399752 0.3490117085701594
400115 0.33310539373957043
400480 0.34030263797267396
400849 0.36469788083645044
401216 0.35592800076622827
401582 0.3387894623758099
401951 0.3352566380095723
402327 0.3646022416813536
402701 0.3592128171827705
403076 0.34177555384786007
403454 0.34512040955478007
403835 0.3537899545304873
404221 0.36733901094232846
404607 0.3611236474053298
404992 0.3429265571870635
405379 0.3462792658288105
405768 0.3672881498916986
406157 0.3604348487425396
406543 0.35289939645343554
406927 0.3372913412225416
407311 0.344957148206958
407695 0.3624185393789612
408077 0.35345092706369924
408456 0.3472061432561767
408836 0.35358055157771456
409221 0.36043085184672563
409604 0.3614616643110203
409988 0.34812866884028026
410370 0.34007715578889136
410754 0.3436078229212775
411144 0.3553499506539835
411534 0.3609497513314959
411924 0.3492648171139324
412313 0.3477294229931951
412705 0.3422726689137492
413103 0.3632827636605377
413502 0.36333257147714204
413903 0.35781630386072943
414305 0.34214422080739193
414704 0.3500768714759564
415104 0.3648657430352941
415499 0.35980537850372946
415889 0.3515039968454847
416278 0.34491913545735436
416668 0.3623462652928041
417058 0.3678806622248457
417446 0.3562727756970179
417834 0.3536123331330076
418222 0.3490708543482934
418613 0.3698109826732317
419003 0.36692779205457293
419392 0.3559094197031519
419778 0.343739207643409
420163 0.34725018307041594
420549 0.3596031736347038
420934 0.36855933504966304
421318 0.35522195720323674
421704 0.35444766019842977
422087 0.3505274481030879
422471 0.3510270434373607
422854 0.35608587872908704
