2248825 -0.01992441986915927
2249194 -0.02557092747636014
2249575 -0.020679428317610493
2249959 -0.021306118172494393
2250348 -0.01662411618234777
2250727 -0.024179536736542384
2251130 -0.021046610354568895
2251514 -0.02113350206197495
2251877 -0.020735458281843977
2252264 -0.02092911128265562
2252653 -0.024576077119357276
2253035 -0.029784067616782373
2253406 -0.021577459486546435
2253801 -0.022061164902705432
2254185 -0.022613626392591513
2254576 -0.02410554453697855
2254936 -0.027431787183142986
2255317 -0.02126300265298281
2255697 -0.020390079373987957
2256091 -0.02383024443550691
2256478 -0.022722270698704528
2256847 -0.024186041403941483
2257231 -0.023084588506289583
2257622 -0.024652485482987097
2258001 -0.02226270999495661
2258396 -0.024347602199960017
2258762 -0.02837017020635202
2259128 -0.02653814123017323
2259489 -0.018383245437896267
2259879 -0.04375855380912702
2260247 -0.037525194492652514
2260593 -0.030860579748316685
2260977 -0.02293190932495731
2261345 -0.01981957442969362
2261710 -0.024144366729085487
2262097 -0.018658065065225438
2262453 -0.02241881953461261
2262819 -0.021031384316695878
2263170 -0.02307208032787822
2263532 -0.017388955155762886
2263915 -0.02063164682884716
2264301 -0.024924426427016366
2264694 -0.023107545460912093
2265099 -0.022194304585205382
2265487 -0.017493610399442527
2265886 -0.025220757905674962
2266294 -0.021525826619856192
2266697 -0.02264525308721249
2267125 -0.021246142020540537
2267535 -0.02081652938250883
2267950 -0.023256271738084255
2268365 -0.01591472020950979
2268808 -0.015201123949806161
2269207 -0.021099286458595268
2269630 -0.017538690909811472
2270061 -0.02327410594847934
2270477 -0.01885806332468387
2270897 -0.023672250909378023
2271323 -0.01843773733941656
2271734 -0.023194603577104844
2272156 -0.020412716558498523
2272566 -0.017783577993173927
2272997 -0.022183221346051607
2273411 -0.020493181564828766
2273810 -0.025273232568980453
2274222 -0.019842914966698377
2274627 -0.023078160961087668
2275034 -0.020459277235056972
2275437 -0.02299344105660711
2275856 -0.01946778838597296
2276244 -0.021602500636556887
2276637 -0.021670102001756286
2277054 -0.02185690336563817
2277446 -0.022068974530942365
2277825 -0.019844967853317852
2278236 -0.02189546950670257
2278625 -0.023229435559746936
