992020 0.7448054799568702
992372 0.7912662401084634
992724 0.7860900831414549
993078 0.7646758329600815
993428 0.7274708862583319
993781 0.7810107769218155
994138 0.794031243481655
994494 0.7773409718217861
994846 0.7339196119334679
995200 0.7904611589784347
995556 0.7883656979955727
995910 0.7531271980902762
996261 0.7572229185968221
996617 0.7966220072642688
996973 0.7915873449232945
997327 0.759997377130873
997680 0.7547436279674746
998037 0.7942389880214489
998393 0.7788382048767271
998744 0.7392984435197674
999098 0.7862197215631143
999453 0.7606089788406272
999802 0.7439265936833448
1000157 0.7932394347390408
1000512 0.7837493462540291
1000866 0.7543538067619431
1001219 0.784939935694424
1001574 0.753654103251064
1001927 0.7871492473742545
1002280 0.8143767258314617
1002638 0.7903939430657285
1002993 0.7794214388672935
1003345 0.8438115726297717
1003698 0.882036219517611
1004052 0.9736023356358783
1004403 0.9623837027672585
1004758 0.9377819826460703
1005113 0.9931408715227146
1005468 0.9627629862539261
1005826 0.9794890799882972
1006181 0.9037441420580283
1006541 0.9250590692158609
1006898 0.9195848870076438
1007251 0.8783577531546418
1007601 0.8885997485687078
1007950 0.8759344842863097
1008304 0.9264492925716641
1008656 0.9316900461863658
1009006 0.9256216772100357
1009360 0.9438436376491472
1009715 0.9703140784809781
1010069 0.8511519415915605
1010420 0.8723847476904285
1010772 1.017933430767752
1011119 0.890280996412278
1011465 0.9593859961242377
1011811 0.9483677908117497
1012152 0.9429407402417216
1012488 0.8288705357675913
1012826 0.7864815513815913
1013161 0.8168649159150136
1013495 0.8711950301147963
1013826 0.876461311208463
1014162 0.9241140013546623
1014500 0.8856787654036826
1014837 0.7883361805021001
1015176 0.8893596267173047
1015519 0.69689673333584
1015867 0.7520983424087512
1016214 0.7183264783292939
1016564 0.7987835540208408
1016913 0.8778938811885646
1017263 0.8838263193600111
1017606 0.7232606350873858
1017952 0.8322979253661359
1018301 0.8806541403249277
1018650 0.8909537870108597
1018999 0.826986580362912
1019351 0.8843215420329666
1019710 0.8831048280022129
1020071 0.9029387726971422
1020433 0.8561859257262083
1020789 0.8332571171843349
1021153 0.9186232956354075
1021518 0.9144829127108309
