5182344 0.22312705962051688
5182781 0.24129932283821898
5183217 0.23602435176203268
5183644 0.21428699042513277
5184069 0.21226592737029107
5184506 0.23448749308818093
5184950 0.25858816427364273
5185394 0.23399146032238732
5185827 0.21145636977264787
5186257 0.21821685238785796
5186699 0.24640027306471002
5187140 0.2503768937182641
5187581 0.23957088539414362
5188013 0.21169355099493256
5188443 0.2206017276506575
5188886 0.24504741650864026
5189330 0.2573270430552187
5189771 0.23630310474963462
5190199 0.21448921304106527
5190625 0.2226496480883047
5191063 0.24331611760634347
5191499 0.2563091340228158
5191936 0.24015029476451127
5192366 0.21630605956228907
5192790 0.22385717446778075
5193227 0.2453407218670985
5193665 0.2593887162577683
5194100 0.2276518718023257
5194529 0.2145930650504067
5194958 0.22524324288943487
5195398 0.23988843144286637
5195841 0.2549921042431226
5196282 0.2352796046280105
5196713 0.21121208801471777
5197142 0.21508180883610353
5197583 0.242711692781922
5198021 0.22926939723356476
5198456 0.21648716007789093
5198893 0.23731420227098804
5199334 0.25594071848806665
5199777 0.2422184156601857
5200211 0.21356058240997225
5200642 0.2165668242639109
5201082 0.2390873750121037
5201529 0.2590989550900855
5201965 0.2228094985341859
5202396 0.2142208446645516
5202834 0.22966848001422663
5203279 0.2553023011617762
5203718 0.23715104877812954
5204149 0.21115125300985832
5204582 0.22456171547261547
5205028 0.24610678355526358
5205476 0.2600277105585712
5205921 0.22590268680774495
5206359 0.21422813191880594
5206800 0.22929480308395522
5207253 0.2562035419209929
5207706 0.23531652058447688
5208147 0.20910467161177576
5208590 0.22163211474271288
5209044 0.24829172146663617
5209498 0.263651833260656
5209944 0.22700939354296598
5210384 0.20837046179747348
5210833 0.23274794970056562
5211289 0.25567218034409134
5211744 0.23810944740452286
