5182146 0.42495874030402736
5182335 0.2274688102632831
5182505 0.47667710434072325
5182861 0.535019360119276
5183211 0.47625847518505493
5183561 0.5302759388488814
5183908 0.5244636069274966
5184252 0.4826903427390509
5184597 0.5110841967259682
5184945 0.5251119572789972
5185294 0.5339743847001015
5185643 0.5180540852889668
5185994 0.49931099146490326
5186347 0.5174446717851948
5186703 0.5269851722763489
5187060 0.5481803431183497
5187420 0.5449445619963178
5187781 0.5259581240824391
5188144 0.5432723183824468
5188508 0.5208632010403369
5188873 0.5226010563254564
5189241 0.5546231317401004
5189610 0.5468821469220305
5189973 0.5103341664146204
5190336 0.5400173992629826
5190702 0.5706974532280259
5191068 0.5444028422689409
5191430 0.522698790095139
5191795 0.5577084114029282
5192160 0.5753351606097681
5192523 0.5295041075038733
5192886 0.5348381134771248
5193252 0.5596028598386331
5193617 0.5634481826319011
5193978 0.5306996944979248
5194341 0.5620707173975008
5194701 0.5325119145409447
5195058 0.44951075085943026
5195413 0.46669160835793294
5195771 0.5366135290609303
5196131 0.5111694548648743
5196487 0.4795949611296467
5196847 0.48728618943210134
5197208 0.5339663501870544
5197571 0.5266457223886977
5197929 0.49980279912528974
5198290 0.505373052866955
5198652 0.5060064846643697
5199017 0.519835309890136
5199382 0.5022506453254347
5199750 0.5017292218916038
5200119 0.5291392942881622
5200490 0.5023499139114039
5200854 0.4830187651788872
5201217 0.4618709897763642
5201583 0.4720464786502974
5201948 0.49464050865516657
5202317 0.5059964703766899
5202690 0.522809987848023
5203066 0.4822721010731967
5203439 0.5147856228047152
5203811 0.49247912516570164
5204176 0.46929365205483375
5204536 0.4390399174417653
5204897 0.505975961741853
5205257 0.5357439556022416
5205616 0.5190054198752535
5205971 0.46072033103242227
5206328 0.48876396232023195
5206684 0.523948422408995
5207041 0.5032327258529774
5207392 0.46895162833841697
5207746 0.4768212857435764
5208099 0.4949721370921338
5208455 0.4782003878574664
5208816 0.5001850684195819
5209181 0.5317993577371657
5209547 0.5576744642513483
5209916 0.5229299381064387
5210277 0.4775560953581443
5210637 0.45326655325977694
5210998 0.47648790173819794
5211359 0.5276433712022978
5211720 0.5144528931519826
