3595919 0.34058201592806286
3596287 0.328186506121146
3596658 0.3387797108117356
3597030 0.344050945951566
3597405 0.3426989604646163
3597780 0.33628561693114095
3598157 0.3330006104966857
3598542 0.3503946869685709
3598929 0.3452967051327753
3599318 0.33745877596613555
3599710 0.33303847080980137
3600103 0.3335951501345824
3600501 0.340007310648265
3600899 0.3342257383833245
3601293 0.32908172064086394
3601689 0.3389796678450696
3602088 0.3396733031085528
3602488 0.3379495425040216
3602884 0.33077466124529126
3603280 0.3379988543575949
3603682 0.34717130950855984
3604086 0.3379015576218898
3604482 0.3294570029696902
3604874 0.3232831006592795
3605262 0.34044159060951434
3605652 0.34602294921664056
3606039 0.33816855987749583
3606424 0.3294574976522259
3606812 0.3494663443373303
3607201 0.34358635359846373
3607591 0.3368059668689601
3607980 0.335375315680735
3608374 0.34665483238750877
3608772 0.34459686088310676
3609172 0.3362578910795539
3609573 0.33240479940039075
3609976 0.3454214090258781
3610382 0.34202754775757327
3610787 0.33429212922598256
3611189 0.3334675751835548
3611590 0.33729114732424087
3611994 0.34788747842955703
3612396 0.34170016579151746
3612797 0.3336004750380609
3613196 0.32244144427204763
3613594 0.32980673963116613
3613999 0.347005103567237
3614400 0.34924425430141826
3614800 0.33739217188732695
3615198 0.3301510526794084
3615596 0.32827286713585563
3615998 0.3402020688581849
3616403 0.34615870679396826
3616809 0.33942917457157173
3617213 0.33196900087020076
3617616 0.3325442531580292
3618023 0.3402342181397575
3618431 0.34837218492687955
3618838 0.3405812177794812
3619241 0.33267911531226896
3619645 0.34729932426413984
3620049 0.3483069123268765
3620454 0.3382844288653048
3620856 0.33654158149815944
3621259 0.3362456389172891
3621666 0.34925707795354954
3622072 0.34393151347690265
3622477 0.33447701076174297
3622880 0.33643294638772414
3623285 0.3335102874956181
3623693 0.3487666339207912
3624103 0.3456057065389289
3624516 0.3427069180219012
3624925 0.3316809142675681
3625333 0.3371468369259125
