3805574 -0.024372880962011345
3805969 -0.03322371753516834
3806372 -0.025912047450489084
3806766 -0.0300468557195549
3807183 -0.03365495689892306
3807555 -0.024979122468129777
3807976 -0.02941424143464144
3808373 -0.030025724373417606
3808764 -0.030625484483582432
3809169 -0.024725069537787248
3809568 -0.027881508305553693
3809964 -0.02989313212668493
3810393 -0.02419315723116766
3810800 -0.028054426799681065
3811180 -0.026945297432363402
3811590 -0.02509071342451069
3811988 -0.02260507746427426
3812380 -0.025484053988854838
3812787 -0.026503986315509265
3813186 -0.029578131143901842
3813584 -0.030948941616349812
3813967 -0.032258502329639394
3814355 -0.028432584058198707
3814751 -0.023970078967968045
3815133 -0.029531609003877524
3815527 -0.032915068295767735
3815927 -0.02787978318750206
3816310 -0.0340877010308509
3816698 -0.02465934460316871
3817078 -0.03569507726985538
3817480 -0.03276277666619498
3817875 -0.04477370150836035
3818273 -0.02614635734445725
3818643 -0.027735533570223403
3819037 -0.03665478899881758
3819444 -0.06434869576918001
3819824 -0.0412177594045518
3820211 -0.024944299943576886
3820593 -0.02977473945148945
3820973 -0.03956796429787901
3821376 -0.025488845135583083
3821761 -0.029003560339725343
3822139 -0.031408391269277636
3822538 -0.03689237445933824
3822919 -0.031834969036738714
3823335 -0.03465508362080866
3823711 -0.026024031628692268
3824103 -0.03717669312506533
3824517 -0.03127977913660024
3824893 -0.029583681008615026
3825299 -0.030754163637096987
3825708 -0.028418368120670723
3826118 -0.03280743024802052
3826499 -0.03599239668002768
3826906 -0.02925568170540299
3827296 -0.02266390820939318
3827681 -0.03124368047475734
3828108 -0.03029246708157335
3828492 -0.04093297236380333
3828876 -0.029732916169333545
3829268 -0.03284374977214044
3829678 -0.02681016294697608
3830083 -0.033857170979900875
3830483 -0.028447755439263422
3830875 -0.028201037419344432
3831265 -0.03117259563552377
3831687 -0.030054999850218422
3832066 -0.03520221771068871
3832458 -0.03657508582595037
3832841 -0.03662964466478558
3833268 -0.021619979366684194
3833661 -0.03175934076137782
3834059 -0.04025190251486638
3834439 -0.0273726126609119
3834861 -0.02837919955627599
