3207280 0.6014774303918409
3207628 0.6133843994706394
3207982 0.6438682858569114
3208335 0.6272613312194844
3208684 0.5871952147422674
3209035 0.6001325093858069
3209389 0.64261114060218
3209742 0.6244949377037445
3210088 0.5617789938790936
3210430 0.508899961499817
3210776 0.5806840797271476
3211120 0.6006558653381949
3211459 0.5416182003563285
3211801 0.5445885623293778
3212149 0.593639799361385
3212497 0.5918288406623684
3212841 0.55140197517593
3213186 0.5510798651727952
3213535 0.6016565900042403
3213884 0.5951278747722492
3214227 0.5463752109228192
3214571 0.5435801181355322
3214919 0.5798986444273695
3215265 0.5957025563421071
3215606 0.5353157101190016
3215946 0.5353731443041315
3216290 0.5508804140639495
3216635 0.589071612840075
3216981 0.5536167249627217
3217321 0.529653965191861
3217663 0.5382241532500069
3218009 0.5762304083417122
3218355 0.5767503349068839
3218699 0.5398573555607036
3219039 0.526386809874598
3219386 0.5739948057424729
3219734 0.5933348578273245
3220081 0.5484476951656246
3220423 0.5288943021394507
3220773 0.580766318794833
3221122 0.5902473225812527
3221469 0.5545115311094841
3221813 0.5234882471386872
3222165 0.5744942372740265
3222519 0.596822303993394
3222870 0.5533975474668009
3223216 0.5321588403429229
3223570 0.5895565283843123
3223926 0.591221457986298
3224277 0.5474861661481475
3224625 0.5249978786446452
3224977 0.5799250861232982
3225334 0.5944661780575046
3225687 0.5490038618764321
3226037 0.5305697025581965
3226396 0.5795295193122972
3226756 0.5867048818828045
3227120 0.5506733396389334
3227476 0.5368314043238704
3227838 0.5740384284989825
3228199 0.5909199248288572
3228560 0.5659370907297419
3228913 0.5300540411596399
3229263 0.5351320028584482
3229620 0.5871753999603095
3229975 0.5942784339125854
3230328 0.5546555160454055
3230679 0.5311256576082501
3231036 0.5899097206559398
3231391 0.6002975672339362
3231750 0.5644738299300888
3232100 0.5417503766576295
3232453 0.5640149508131622
3232807 0.5931101805963503
3233159 0.5642979425282202
3233509 0.5299232342437132
3233860 0.5522373591334078
3234216 0.5994324714910999
3234570 0.5815364880503501
3234918 0.5332311663051676
3235269 0.5496103413658429
3235625 0.5909779001946192
3235979 0.5693463361044431
3236329 0.5334323775884608
3236680 0.5406736683129172
