1411145 0.5248797478888434
1411574 0.5634533065658696
1411997 0.5339931239354969
1412422 0.5341118005809787
1412849 0.5746846761361112
1413283 0.5925708064289529
1413716 0.5524770034580773
1414145 0.5555624565809021
1414580 0.5834328637102117
1415019 0.5916218206506163
1415455 0.5466790238168188
1415890 0.5451559973486668
1416330 0.5823107255261257
1416773 0.5879594590282133
1417219 0.5565458604097095
1417653 0.5437142356552491
1418095 0.588570080997029
1418536 0.6020325808986572
1418975 0.5746000070938888
1419403 0.5382745963257844
1419835 0.5734972271189168
1420266 0.60197516339933
1420694 0.5115684505665048
1421109 0.4647550291995327
1421529 0.48133990959249207
1421952 0.540809482375384
1422371 0.5445169372269625
1422797 0.5333231785614582
1423226 0.5450079804579337
1423659 0.6028455491619636
1424094 0.5884204288764203
1424529 0.5712847821158296
1424955 0.5099525553633775
1425381 0.5301447596660346
1425807 0.5801338114714831
1426227 0.5779228969863903
1426642 0.5367067194363158
1427060 0.5616148770580766
1427479 0.5948242828891687
1427895 0.5715117498805138
1428311 0.570416077357786
1428729 0.599609373471121
1429148 0.5966164080038734
1429565 0.5780083630992261
1429982 0.5745226692200173
1430399 0.6084115579230382
1430817 0.5961248865234607
1431230 0.5679329550103426
1431644 0.5901117541024714
1432064 0.6015138280916198
1432482 0.5856799610615501
1432895 0.5320575292228475
1433300 0.43240714429130694
1433706 0.4689833586586499
1434120 0.5054442886173277
1434538 0.5319130092509534
1434960 0.5465250485190075
1435384 0.5538754546281701
1435807 0.5718748240453781
1436231 0.5658728128330525
1436657 0.5666601419677593
1437073 0.49692582757583215
1437491 0.5266169433384704
1437916 0.5437496113643485
1438341 0.5406406612048076
1438760 0.5225706486486671
1439186 0.5434118638900636
1439615 0.5583371018801904
1440046 0.5479093781617412
1440469 0.5575205319700169
