3865136 0.7772006469593193
3865479 0.7850181230739646
3865819 0.7954899413706353
3866157 0.8190657108884539
3866491 0.7775629182379521
3866823 0.5915243235160281
3867152 0.5313305875312968
3867484 0.7317187604684349
3867816 0.814097943802391
3868151 0.8294509082784647
3868492 0.8444085877659717
3868838 0.8497825174120657
3869190 0.8434051280116952
3869544 0.8276692853916985
3869902 0.8470649331919664
3870264 0.8522136702187247
3870628 0.8394080039839055
3870993 0.8470365036548612
3871360 0.8452182872521674
3871724 0.8494841508171115
3872089 0.8618785023427591
3872453 0.8650468055479176
3872815 0.8480015331825075
3873175 0.8331332682316457
3873535 0.8552392510045363
3873891 0.8535284042747003
3874246 0.854527888273323
3874600 0.8635625730369385
3874953 0.862623068168912
3875304 0.8510455470114369
3875652 0.8420449788842326
3875996 0.8300561631085943
3876341 0.8667740049964646
3876684 0.8639855067819339
3877026 0.8576841933583919
3877367 0.8512889103546478
3877705 0.8356586915212457
3878044 0.8608048010878762
3878383 0.8601757785576883
3878720 0.857178191306896
3879055 0.8388016799215927
3879391 0.8219014495369844
3879728 0.8650446719530007
3880066 0.8563521561248839
3880404 0.8487633363541552
3880741 0.8059015687984652
3881081 0.8461708672026959
3881422 0.8569379789960467
3881764 0.846616682797452
3882106 0.8303823126073169
3882446 0.8163100825825704
3882787 0.826833223696412
3883128 0.8621283321951547
3883468 0.8525243648394893
3883808 0.8572784662383237
3884145 0.815869932275434
3884484 0.816067326344228
3884824 0.8658528402270584
3885162 0.856132779125105
3885499 0.8380318791302523
3885835 0.8354905228150243
3886171 0.8115421346146353
3886509 0.8675190356594924
3886846 0.8463965130960622
3887181 0.8373334974061653
3887514 0.8283610070825027
3887848 0.8074401536237518
3888184 0.8534510586625169
3888522 0.8433462864352905
3888861 0.833734506922354
3889199 0.8246479130698098
3889539 0.8512942007097682
3889882 0.8564436828779828
3890224 0.8419558032184089
3890565 0.8253877449416902
3890907 0.8215811615320365
3891251 0.8594690107134638
3891596 0.8554433919836286
3891940 0.855096474776357
3892281 0.8056607826322217
3892624 0.8363391694392792
3892968 0.8680556723462337
3893311 0.8598978874732441
3893655 0.8483925848086513
3893997 0.8278051422711614
3894341 0.827474419787882
3894685 0.8682980312537527
