3.75520983
1.26738350
3.03381712
0.36815601
1.63393409
1.62192043
0.17521848
0.35281974
1.84482762
1.31964585
0.77607381
0.36675409
0.66400620
1.05492664
0.18080073
0.25999891
0.79375436
0.31230225
0.25000674
0.58246176
1.90407399
1.26063582
0.26179793
1.18987358
0.26701189
1.18430443
0.41267674
0.63254282
0.20330459
0.26900205
0.54890110
1.40224190
0.59468774
1.51806347
0.92545030
0.76465325
0.28335642
0.40343134
1.61074974
1.64383156
1.72848787
0.32321827
0.46805287
0.77361629
0.60783749
2.08729576
2.63437816
1.27053122
0.67992120
0.65252265
3.89300123
1.50798955
1.20522279
1.08285127
2.51144984
2.85594588
1.18155196
2.21437848
0.96660329
5.55427861
3.68599003
3.13622281
3.93055871
1.32780436
1.63604569
1.65212475
1.73904907
3.42066604
2.75696932
2.03137286
0.85756685
3.71260465
6.39266588
4.15310650
2.98753994
0.89885777
3.93342740
3.67253152
1.28695006
7.62664930
0.55613188
2.23937041
3.15411583
6.66457462
4.04218220
10.91491953
9.96028773
4.49316223
7.20494944
1.71053071
1.78353859
3.34283621
2.85429457
1.62200581
2.24727857
5.59201565
2.83297558
3.25509722
3.05229691
3.70034611
2.59312252
3.53924725
2.19015422
3.63029015
1.09733389
1.95846714
3.89180503
0.67278016
8.13288165
3.14827757
5.18218371
3.76044537
2.07326191
1.36569993
1.18565121
3.78152596
10.04389946
2.01369595
1.57959953
4.38801649
0.84169520
0.45042185
1.97351398
0.84064732
0.76282550
3.17355776
0.30775243
8.41006863
15.66447754
1.73540707
7.10804260
1.77077179
0.65378012
2.78404614
1.68917174
7.96597102
4.54823377
2.66827581
1.62740768
2.92122304
0.56860592
0.79765906
0.22638072
1.37302564
1.48748692
4.27791057
1.42957150
7.19403771
0.45275356
0.60894191
0.45258253
0.12270373
0.49033223
0.30428503
0.27969018
0.77138826
0.63987940
0.74183178
2.00541579
0.62977847
0.25919692
0.81454335
0.87213736
0.30253823
0.27788699
0.51353603
1.17169672
0.31953993
0.58584471
0.49371611
4.15214370
0.83475296
5.65778006
18.21099094
7.32242489
1.92892511
0.36711953
0.51025609
0.74884678
0.30968292
0.16214070
0.21431183
0.60546208
0.45046753
4.90559036
4.17156811
1.41921285
1.07264100
3.74950662
1.95614577
0.89482543
8.61033056
7.97010738
2.23508792
2.08157420
2.63639578
1.73836483
0.90452909
2.45516683
4.14208987
5.95038052
7.20852494
1.36884029
10.76321170
2.10791482
1.36738473
0.77495072
14.07719659
4.47130520
4.88659374
6.42501612
0.38592130
0.76635709
6.86269472
3.19905434
2.54289274
3.11527637
2.60874063
3.95233187
2.54434936
6.38717622
1.84583048
5.54273112
0.95368018
2.07628402
1.25241401
2.14249331
5.16921320
0.32329126
2.78967758
1.03221017
1.03486731
1.06364304
1.65036975
2.88023320
0.99042021
1.75992558
1.46667463
3.45385698
3.05333397
2.47514783
1.48531438
0.62893235
1.98006126
1.33336029
1.38728089
1.22488730
1.19457536
2.77975746
2.88862871
2.59086859
0.94118891
1.09707547
0.46108837
2.66817989
3.24578472
11.47481559
1.70083862
2.22550012
5.99330297
4.54825906
6.21610149
4.35139636
5.57877805
5.26506747
4.76527119
6.99490379
5.62086213
6.05276884
5.46854551
3.86169636
6.09277270
5.75428275
8.84163609
9.09600763
4.81792687
4.03736177
7.01313140
5.14810214
4.72502085
1.05893531
1.15337098
5.31381903
1.09030151
0.33023362
4.34337661
10.25885496
2.65601800
1.58970383
1.97101004
4.02756455
6.22768442
2.34179395
8.57475361
2.69285816
15.68109770
2.79724657
9.45187120
6.57509958
2.00948812
3.93351734
1.22978117
8.98454040
0.45902038
18.51659122
4.45610104
4.90476645
1.84426074
1.07925657
1.88785131
3.45586909
5.95228122
1.26171953
1.47442507
8.92937872
0.85019166
0.47107704
1.91411155
3.50782880
1.63170857
3.78739721
2.17905084
9.98543980
7.44461453
6.11558727
1.21483709
3.21017865
1.96490782
2.37721520
3.38958911
2.03078944
1.48710826
1.17863018
4.06389256
6.74820252
1.95232824
2.69019232
7.76643706
3.54040534
22.94619005
1.58471473
6.60637840
3.10300116
2.40461601
4.86506356
6.69487425
4.12030660
9.56693215
2.42420655
2.69235105
3.24315060
7.95801224
3.58107294
3.73003992
7.48182058
4.36235293
2.57839373
3.56507421
1.40671708
2.41776603
2.29972774
4.34577929
6.75292611
3.13006701
9.89246238
4.40909282
0.49962162
0.73346024
1.63132794
1.42384990
1.00618361
12.03134896
11.46226287
0.91142926
0.67516986
4.29567503
0.53735099
3.12603125
1.64242561
1.23058906
9.43544159
3.62253451
1.88021671
0.85872154
0.52625866
1.17769253
5.03152442
2.36439309
1.05978554
1.04709817
1.38189817
1.02989689
2.12448007
1.94215330
8.00927025
3.26237284
0.95567087
13.23224336
0.66373295
8.99632601
3.91061337
1.57005694
4.88374987
1.91104529
3.68296629
3.37686854
5.90956751
4.62365406
4.05584204
9.70921693
3.32728565
5.52577480
5.97205533
19.32843863
6.94547788
2.23586827
6.99823698
7.55072650
4.56047217
12.09095040
4.27177319
5.95262049
6.11038973
8.53812334
5.89327670
2.00495045
8.40891559
1.92138561
4.79286198
12.83628771
2.13755990
3.81498903
13.10357075
5.97384419
3.41997846
2.57822007
2.53567193
1.62582904
1.42938172
5.49521485
5.59782642
3.02914807
0.77227480
3.96330097
2.19719341
2.80311218
2.44857810
2.79893777
1.17626151
1.81270400
5.01445231
1.76182207
3.97340474
0.80968383
5.20602038
1.44732748
1.49967124
0.80187287
6.68337188
3.21331999
1.80448428
3.61343760
1.32443323
0.54304092
2.70412402
0.57059123
2.98668370
5.26056941
7.23838328
4.11719100
3.03308995
3.84309867
2.26976263
0.25457405
0.45481797
1.80707471
5.29025659
0.70978752
2.16557429
0.81809790
2.66783760
4.71317137
13.52360951
5.76735450
7.35291382
4.61618712
5.40131695
4.42147573
0.23640991
8.05086687
2.83624148
2.18287304
1.08683099
3.23357487
0.38706058
0.61791802
7.95841602
1.53797668
3.01057493
7.81747303
4.54121815
2.53010453
7.43577490
1.69895240
4.74426235
0.49196304
7.29327639
6.63212152
8.56783551
4.01688844
3.40872425
4.15667538
7.59934250
4.63036978
0.40873743
1.65365599
0.66782075
0.57779241
4.62901678
3.54722952
0.70354726
2.44339515
1.72650967
3.99513562
5.14129224
1.79545724
2.13405655
9.56853738
6.43664952
0.35982921
0.50409993
0.79285502
1.35896765
3.35017831
2.26849381
4.53546239
1.20704960
3.50401645
1.63454150
2.06290149
2.58534681
4.25683052
1.37444057
1.95095589
5.02029049
3.63655433
1.97139851
4.33993782
2.56814939
2.48837368
2.92444515
3.23329964
4.36537075
6.08933773
5.63963727
1.34706791
4.03677715
3.79185696
3.29760265
7.72066824
2.08048912
4.80808163
3.62272370
2.38290047
2.02563685
2.52045450
5.45428995
3.33110747
4.14233819
3.58164043
5.91363417
6.36322624
3.09863049
3.46608331
3.32347683
4.93892535
3.97538938
5.28120003
3.71861574
3.64171178
4.10059247
4.73262255
2.57589754
4.91079975
4.46834061
4.91781970
4.70711662
8.13317817
4.93836862
5.49151351
4.44217767
2.93856625
8.25736721
4.75141810
9.28861599
3.36270204
5.23136041
5.77370410
3.75077654
6.57163270
3.94107447
3.40125831
3.68878866
1.93856715
3.82023966
0.14431033
1.66239593
4.09792963
4.75162155
1.30344088
