48 -0.2602062663822542
421 -0.2086887940609018
737 -0.27021533076203197
1053 -0.26822050541600057
1370 -0.21840386847335025
1692 -0.22127600718259965
2012 -0.12592980574829782
2336 -0.0773304581101637
2805 -0.07018458955117657
3122 0.0
3326 -0.29327298321635276
3652 -0.27352290741689333
3983 -0.17856086066512744
4309 -0.21935842684754359
4630 -0.270333233085606
4954 -0.201892458734781
5272 -0.3013991483964771
5588 -0.31132201136173526
5904 -0.22987565784878594
6221 -0.20063792744116382
6541 -0.20363941524154494
6867 -0.2422842468575103
7197 -0.25447546946696115
7532 -0.20477769268288654
7879 -0.14144128674299
8255 -0.13401505707834827
8631 -0.2065380247746833
9001 -0.23541407033979955
9384 -0.16649544535175537
9821 -0.14768945420225527
10236 -0.2186515077794502
10639 -0.20425532842485628
11062 -0.15150310831128155
11504 -0.19918532379216314
11912 -0.2440113726754054
12344 -0.1642159860124588
12780 -0.14771697193132816
13211 -0.22234600814453043
13625 -0.19615076551249033
14080 -0.1601012626668329
14515 -0.19687495149496304
14933 -0.23199317744389403
15367 -0.16769229809911523
15790 -0.18815788074952655
16199 -0.21814777276649466
16626 -0.1638869627619186
17045 -0.13602524840676866
17452 -0.21488918170945204
17850 -0.2113595461285236
18264 -0.1354979093562777
18685 -0.20347737307049074
19091 -0.23444677363866406
19512 -0.15953535290926357
19942 -0.16242503713045375
20348 -0.22183224983718053
20764 -0.18028153577845818
21188 -0.15190500252500205
21588 -0.2114023221371253
21981 -0.23992065845732202
22390 -0.16379293246955318
22802 -0.14354334982124672
23201 -0.22665853424582127
23597 -0.21259567393610335
24012 -0.14924274973712626
24429 -0.20034400366341443
24833 -0.2349958148315593
25249 -0.1588880277724934
25688 -0.1775678084961731
26103 -0.23170336475990044
26518 -0.18667716529481276
26963 -0.1282035356590071
27383 -0.2184928266451105
27798 -0.21241725058750893
28227 -0.13215707173393798
28648 -0.20903790192101618
29053 -0.23469437390544073
29494 -0.1556398228848741
29940 -0.19711474283905067
30371 -0.22854833536473812
30820 -0.16194415412165358
31279 -0.1976108992541299
31710 -0.2400005150251508
32145 -0.1742161174514001
32597 -0.14392448651084327
33029 -0.23270904115722785
33462 -0.19867793917880738
33939 -0.14214599530441285
