1744501 -0.002909916570925597
1744951 -0.0015284320557255038
1745403 -0.0032774007918392467
1745844 -0.0013166238155412069
1746244 -0.07028840511251055
1746709 -0.00444693166956639
1747177 -0.0008398251055241612
1747717 -0.004934092651859456
1748239 -0.0033390864416671384
1748735 -0.004307706216245266
1749176 -0.061097733649549624
1749680 -0.0015436881038722317
1750158 -0.0031179585295907364
1750626 -0.0015177938941818292
1751026 -0.04152778430437232
1751433 -0.17401586627172244
1751829 -0.0989057850923385
1752214 -0.027166166586423013
1752717 -0.0021774347209464473
1752938 -0.09112565272923756
1753289 -0.11001377068534957
1753635 -0.02638064258235051
1754015 -0.0006368175900954287
1754367 -0.00219816448146809
1754689 -0.07467878982153614
1755076 -0.0008072136554493348
1755442 -0.00015556720733150842
1755800 -0.001368461128918863
1756160 0.0
1756488 -0.09211004217632174
1756848 -0.05645253468665201
1757238 -0.0012385852398630326
1757617 -0.0008514386239188432
1758012 -0.000292326416170996
1758384 -0.015051698849721684
1758986 -0.0037092984539893736
1759497 -0.000910681235934685
1760012 -0.0015882165714235508
1760553 -0.0009292865286069651
1761075 -0.0011951809128158408
1761568 -0.0012930998305709651
1762102 -0.002414752452067459
1762640 -0.0027634027002414463
1763169 -0.00350238455597246
1763688 -0.0017457511784305657
1764204 -0.0025016196066606766
1764728 -0.002656649147373402
1765228 -0.0008930796707474209
1765743 -0.0009030156380043786
1766243 -0.002465263976061338
1766721 -0.0009376365166803846
1767135 -0.0693783272471622
1767623 -0.001647839472480761
1768088 -0.0013703429192165606
1768560 -0.0014151225077256857
1768957 -0.0971178759929503
1769387 -0.0652989083087891
1769853 -0.002804009688307907
1770286 -0.0011023970989133547
1770654 -0.10815063070006847
1771037 -0.08798997320025292
1771414 -0.008944642133209169
1771826 -0.0006183010439682612
1772185 -0.08000008831794203
1772565 -0.06764011175667828
1772998 -0.00175306839120154
1773457 -0.002304971276519463
1773953 -0.02264416659625257
