6904539 -0.1945048195691686
6904868 -0.12287001222010017
6905193 -0.23894359693138478
6905513 -0.11325028881751809
6905816 -0.12744535468971824
6906121 -0.23821935371221012
6906452 -0.1964679477017168
6906720 -0.187658927426439
6906991 -0.2986211736626947
6907343 -0.2939157350200903
6907563 -0.3133840317538933
6907913 -0.2314933754806887
6908259 -0.9019687288011058
6908500 -0.17977889772804545
6908767 -0.06318034376228066
6909126 -0.11872455639676138
6909430 -0.06806285230475617
6909732 -0.10041484190641392
6910054 -0.12647033815369202
6910306 -0.06865833472950811
6910631 -0.7990971217280605
6910978 -0.2596801970307108
6911215 -0.07486170476700627
6911525 -0.1599031199922204
6911839 -0.028069779437282727
6912195 -0.046755841066365655
6912479 -0.04356427931509199
6912733 -0.5039588810392194
6913028 -0.126963095524543
6913431 -0.12970431519706463
6913727 -0.2587172042647735
6913960 -0.10335313361232823
6914252 -0.05153258840696662
6914538 -0.0634462347381648
6914839 -0.06589930998941884
6915146 -0.039005452883833724
6915448 -0.07237696734463117
6915758 -0.09268807873500684
6916083 -0.09315643732661827
6916468 -0.10539195044451521
6916743 -0.07814125524805848
6917044 -0.2612441052476113
6917411 -0.22157821091956986
6917767 -0.016779840880296104
6918066 -0.031180969726841035
6918346 -0.0340514356624102
6918646 -0.1679722194225201
6919038 -0.0765605384299275
6919347 -0.07045546520781831
6919657 -0.06380586072238248
6919960 -0.047518809192598876
6920267 -0.05942908634331778
6920567 -0.06159841598201343
6920871 -0.05929093472639224
6921175 -0.038111429289729104
6921482 -0.05149133008027418
6921785 -0.06814305412367172
6922092 -0.07644623462193034
6922413 -0.05944058770106431
6922743 -0.05040271670429042
6923048 -0.9679636925272017
6923343 -0.5546832928156267
6923791 -0.11293612382235174
6924054 -0.0662483055432529
6924429 -0.19469302028314395
6924774 -0.2484792452528357
6925038 -0.4706258167949142
6925401 -0.04796876399684806
6925785 -0.08031694179860516
6926108 -0.09735433652270542
6926439 -0.11979551794560284
6926771 -0.11031811396609936
6927023 -0.0879098110226659
6927355 -0.13126723868784684
6927641 -0.05243608997579821
6928024 -0.07685800172342139
6928338 -0.05337290442039272
6928582 -0.03466584338639256
6928889 -0.09147339278230926
6929272 -0.05870358441304713
6929459 -0.4397047650040763
6929764 -0.17725771131381118
6930162 -0.062198599432746145
6930420 -0.08931167968738107
6930657 -0.2222805753823264
6931026 -0.01119217922527406
6931322 -0.2934818547815793
6931630 -0.10915809653897368
6932010 -0.08144753349210287
6932312 -0.08077293269140212
6932586 -0.03998019553284199
6932963 -0.06649564590579249
6933212 -0.30468472151776016
6933604 -0.0421071210509979
6933905 -0.07748659226247812
6934210 -0.08288068440736529
