2464233 -0.1880086277314042
2464544 -0.17859567789571085
2464904 -0.20811968317096352
2465178 -0.17269801121159056
2465616 -0.23587733081910306
2465803 -0.11531551771805476
2466031 -0.3658943520010599
2466100 -0.3296029145828624
2466524 -0.04328319299111133
2466777 -0.026189335208750997
2466978 -0.1698577407177192
2467266 -0.06104300188568834
2467646 -0.02056204300841402
2467900 -0.08961093072100446
2468255 -0.05093390970827516
2468503 -0.04000560262618558
2468774 -0.17786133654158076
2469077 -0.09294468746486484
2469376 -0.13666938974350606
2469673 -0.08122041854751694
2469971 -0.1367056491487033
2470277 -0.11836845777708493
2470592 -0.23215648976243952
2470909 -0.1753828497152956
2471237 -0.16988843390241049
2471561 -0.15313842129312705
2471892 -0.10096795536084802
2472241 -0.14512352072508505
2472583 -0.10687257683727502
2472916 -0.22043876685313213
2473244 -0.22589616663953038
2473574 -0.09151450405852635
2474036 -0.09077110159151743
2474255 -0.07653410090580277
2474541 -0.06326595965659401
2474881 -0.08682658679997118
2475293 -0.042275732720006884
2475472 -0.10171515027763794
2475788 -0.04550485079684724
2476071 -0.09825017518434676
2476367 -0.1288184535758996
2476690 -0.10307839343518288
2477068 -0.369158834394947
2477237 -0.38178643966095405
2477524 -0.05931492466993271
2477805 -0.1832748772051941
2478134 -0.34121871935730674
2478413 -0.2951582331660787
2478817 -0.15069904067091677
2479021 -0.012019645349576114
2479317 -0.2270004598982156
2479624 -0.08042162765785354
2479943 -0.09052807139838814
2480308 -0.05540199124153106
2480658 -0.01476739626381729
2480996 -0.04918065149412498
2481325 -0.09422352332532002
2481704 -0.011406574687429172
2481995 -0.24839448577134104
2482314 -0.1734887444994413
2482628 -0.25765174585292866
2482934 -0.32799472940105767
2483236 -0.34615346420983817
2483535 -0.2310209219026218
2483835 -0.15116269454171416
2484141 -0.07495119385376975
2484450 -0.17530630775710865
2484896 -0.06535626696097424
2485162 -0.041815207801020604
2485406 -0.025732432673052863
2485702 -0.16566695643297635
2486011 -0.15066188327951258
2486318 -0.030358856337328544
2486621 -0.1935903915962066
2486935 -0.07827411593309386
2487248 -0.03305108410062857
2487543 -0.018882059614220348
2487897 -0.03793874053132862
2488134 -0.02873711734114026
2488418 -0.05296614633540808
2488733 -0.05529442292338638
2489044 -0.0734935122292606
2489325 -0.05887726178636771
2489626 -0.12662920798889918
2489940 -0.04501748658641461
2490222 -0.05791931183421939
2490538 -0.03946003195273101
2490916 -0.05316324131783534
2491179 -0.049170242714072665
2491502 -0.054290641971552644
2491922 -0.12526768392668453
2492103 -0.14680685409071637
2492437 -0.07290186679751214
2492799 -0.02657065209958793
2493109 -0.03539441604944277
2493422 -0.05025973788261395
2493741 -0.046847926148284924
2493985 -0.027018386627608804
