1864130 -0.00047055988738814447
1864560 -0.00045084780091458887
1865021 -0.0020903462184337918
1865472 -0.0006156428380750256
1865892 0.0
1866326 -0.001372541014511175
1866793 -0.0032071963103198486
1867251 -2.9297858513466224e-05
1867672 -0.0004396543672579578
1868096 -0.0016450462645797304
1868551 -0.001944018345879761
1869007 -0.00014564805246969348
1869426 -3.0803898118381134e-05
1869859 -0.0004392845133168177
1870309 -0.0044124674512385775
1870772 -0.0008027278195126275
1871310 0.0
1871624 -0.0003278778576374375
1872078 -0.002089527505365507
1872541 -0.0018386680089746421
1872985 -0.0005967976126802221
1873402 -0.0010728735676591161
1873860 -0.004429351821113925
1874323 -0.0010907024529352993
1874779 -0.00027736075367801316
1875208 -0.00020634637867894545
1875647 -0.0028960344430233875
1876153 -0.0009419800452272753
1876599 -0.0001564665464454107
1877115 0.0
1877421 -0.0008411288357982327
1877841 -0.003336530592414344
1878279 -0.0011302126845803007
1878697 -0.0003225862559978476
1879122 -0.0004270616241052183
1879582 -0.0018933460847461725
1880055 -0.0006896915322326946
1880487 -0.00013274399409762827
1880937 -0.0014469219529745225
1881410 -0.0004456891727924184
1881875 -0.0006204278649840633
1882311 -0.00022495499001895514
1882789 -0.003439998942512401
1883255 -0.0016113091290477222
1883693 -0.0004999283985950842
1884112 -0.0003030478224445021
1884547 -0.002052372059311469
1884996 -0.0014803399738393952
1885464 -0.0006637307346055166
1885895 -0.0009253493121184064
1886353 -0.002687448763789624
1886820 -0.0031710858927247454
1887299 -0.00042209338561544074
1887750 -0.00034949835086589554
1888195 -0.0018000356519408123
1888642 -0.00121762203336101
1889107 -0.0015689053447232038
1889533 -0.00022115563693103635
1889983 -0.0023794133502326176
1890474 -0.0010468127637751068
1890927 -0.000510235081988275
1891352 -0.0012413471487832117
1891789 -0.0013794897013772456
1892235 -0.0006534378205346192
1892674 -0.0013658314631162516
1893092 -0.00010133234615850029
1893524 -0.0018800046559800387
1893988 -0.0006236184044984827
