454403 -0.21963058375356398
454878 -0.2221931783572088
455353 -0.21355591629891701
455850 -0.21411944518850834
456346 -0.22833504741167499
456838 -0.2250009812933011
457337 -0.22455828742020373
457802 -0.22074130758639515
458262 -0.212117518611517
458763 -0.21303268251236807
459282 -0.21227740493471248
459769 -0.2210991722415191
460248 -0.2144947834484256
460758 -0.21254523565984446
461271 -0.2144601626093135
461767 -0.22268587979739052
462244 -0.22842749109853383
462740 -0.2111179231837622
463249 -0.2227803460159531
463763 -0.223148198326655
464256 -0.22884065762386302
464721 -0.21894081404780186
465203 -0.21266106651218403
465694 -0.21359060994172235
466181 -0.21774378230533514
466655 -0.2137767116434478
467138 -0.21037089476266257
467638 -0.21295272489033967
468124 -0.2092330393053055
468583 -0.21781266162036383
469041 -0.22078592748492482
469536 -0.21115455142796524
470034 -0.21089895450558832
470534 -0.2210201006025942
471009 -0.2219781250384219
471507 -0.20719729726760694
472017 -0.21711922436710718
472510 -0.21299217969101364
472983 -0.20810147110680272
473462 -0.20894061634266814
473961 -0.2218416943249062
474462 -0.2134759139561616
474949 -0.2188212182727176
475409 -0.22130204966392608
475877 -0.21496101592563066
476352 -0.2215945683745847
476848 -0.22523337249855818
477333 -0.23031695965890564
477806 -0.22669448007094806
478297 -0.21104071802374247
478817 -0.2168432737375275
479327 -0.2218659604802486
479832 -0.22618106416710165
480312 -0.2271292360837644
480811 -0.22145663285482997
481338 -0.21358655993319986
481853 -0.21062465046036727
482336 -0.21657428641176646
482832 -0.21460511594988785
483338 -0.2179631516804773
483851 -0.21589271635937696
