5584867 -0.29604888483651215
5585861 -0.9857307655491472
5586235 -0.1857957628181155
5586906 -1.426699505362199
5587110 -0.6393550385471494
5587374 -0.4545642859416652
5589244 -1.7661604291962547
5593300 -0.32356694051568835
5593635 -3.671483529500643
5594036 -0.1237949452153908
5594454 -0.7561434116864422
5595661 -0.3489136701139077
5595816 -0.4747428207270221
5596027 -0.5239370310371518
5596762 -0.10836156214040926
5597034 -0.14068176973405777
5597274 -3.0086132147897704
5597719 -0.5749813071420458
5598563 -0.06674978191567948
5599090 -1.1530239444942763
5599999 -0.8265526844990845
5603063 -0.6950335326290551
5603341 -0.3362888036680588
5603599 -0.31204578929647125
5603863 -0.7819428371980115
5604052 -0.3154042734401407
5604213 -0.5770082997303563
5605131 -0.820961762444339
5606042 -0.7342518136483766
5606569 -1.003619698889516
5609263 -1.2088346406688628
5613182 -4.318062139638807
5614182 -0.37604303498817715
