2254369 0.6792087677439627
2254799 0.5666418014134714
2255281 0.7526049550519824
2255726 0.6632759522910506
2256151 0.6101358138190764
2256649 0.7661984051963815
2257149 0.6430629046605791
2257621 0.671452899604333
2258220 0.7178326377516991
2258793 0.7529772794505685
2259365 0.6850731724255987
2259906 0.7347665446655486
2260465 0.7854276209392564
2261014 0.7547120153776277
2261559 0.8095072810586424
2262110 0.7744816996138454
2262648 0.7986644903525253
2263203 0.8372364051278568
2263715 0.7843041329452958
2264209 0.8023715229008335
2264725 0.8358194760469523
2265220 0.8644549637501108
2265687 0.7313978008350166
2266164 0.8182357891155367
2266668 0.8723815566467407
2267170 0.7877634075117943
2267646 0.7024398858376445
2268139 0.8071761754785486
2268636 0.7948395921613194
2269111 0.693150700103734
2269602 0.7449210930319063
2270138 0.8301088204387801
2270645 0.7505573169167794
2271109 0.6080351989404656
2271613 0.7242563631351198
2272102 0.8409617012254175
2272541 0.6380141009055245
2272961 0.5614181939219205
2273379 0.7375757232936477
2273770 0.8290132419815217
2274161 0.6630017811380219
2274554 0.6037713320188064
2275132 0.7500811027615629
2275678 0.7231292737734811
2276188 0.6309018490406177
2276762 0.7789883857328124
2277336 0.694926954623839
2277869 0.6980761672328764
2278424 0.8376384616652073
2278945 0.689638389091325
2279452 0.697919874860738
2279989 0.8285533070358643
2280525 0.7637787359594965
2281024 0.7159273708065874
2281551 0.8361890683652606
2282072 0.7683704514724
2282565 0.7404515012397681
2283122 0.834792164486577
2283648 0.8053981188440542
