364429 0.0
364836 -0.01673054583997069
365246 -0.035275630669554525
365642 -0.019348120643492672
366040 -0.024087478979499366
366441 -0.03186202674985217
366841 -0.028956951381254648
367226 -0.08725416418972853
367514 -0.1095004140451522
367889 -0.0585958547162142
368288 -0.04514078748262951
368655 -0.04420014448973497
369036 -0.09314180863271893
369524 -0.0411565932399256
369800 -0.031041149469591467
370182 -0.03015745656472424
370592 -0.05007094286733001
370966 -0.08037894084900277
371351 -0.09452579474200479
371738 -0.07882189830933119
372103 -0.11253002540048548
372474 -0.10254103246439517
372833 -0.10867083542636985
373216 -0.048149238680916584
373601 -0.08670030454970559
373997 -0.027836017127262302
374361 -0.05791516324956436
374727 -0.05404470325127464
375106 -0.08749063445384841
375585 -0.19417688995239324
375838 -0.10032124778809604
376217 -0.1085989300620171
376666 -0.04113971801563544
376948 -0.071454767803939
377300 -0.05792478426709302
377672 -0.09178180467669828
378158 -0.038620153608496244
378436 -0.07955382726258334
378920 -0.018112220307524574
379178 -0.17783104477877787
379544 -0.40322979421260996
379922 -0.09007166175071246
380296 -0.0696090663882809
380661 -0.10410854702323591
381020 -0.10373747969146385
381386 -0.0993822005912206
381758 -0.2665350051711441
382120 -0.05135572899218044
382425 -0.17124439505136932
382789 -0.0495266476153932
383244 -0.15784636475713476
383512 -0.011152760214987456
383848 -0.32421559258788957
384316 -0.0410316761815368
384572 -0.050744166028201754
384932 -0.043122811836134534
385290 -0.08453502193641191
385745 -0.0703344742674179
386122 -0.10652632451842453
386478 -0.06133116084247475
386781 -0.05040487561268164
387148 -0.02595966987259224
387654 -0.02717197145387129
387959 -0.0325502202198078
388456 -0.087205385635161
388755 -0.09075711631779504
389242 -0.10363679230263412
389527 -0.027615253066154755
390011 -0.012069153357097462
390388 -0.018984937689013326
390771 -0.002439187334098314
391058 -0.015557076296351169
391453 -0.017895599817530194
391946 -0.03230182928083236
392333 -0.06660851103951027
392728 -0.0554951027326237
393030 -0.016118369132779198
393413 -0.020969229403014822
393899 -0.03186293942146112
