6244418 -0.031565246060973884
6244745 -0.06024581628433534
6245109 -0.07609220126768557
6245420 -0.06261997757085136
6245724 -0.03745849439898297
6246026 -0.08833949810950958
6246328 -0.10549880159295133
6246551 -0.06840716489924681
6246847 -0.034554440077540605
6247211 -0.103301205559172
6247512 -0.07922375054751107
6247812 -0.038873281670486426
6248108 -0.05735792645605753
6248398 -0.12351354692321792
6248687 -0.06469925430057266
6248911 -0.03379062703605362
6249274 -0.1268701976711859
6249513 -0.05678438777693018
6249868 -0.039448106579672904
6250168 -0.07007183930716798
6250463 -0.06095393443336461
6250762 -0.06591500528569827
6251059 -0.03424820725016442
6251355 -0.07732997301317568
6251656 -0.061822778692637304
6251952 -0.06792314546480438
6252249 -0.04879802689052015
6252551 -0.07558410026940243
6252834 -0.17922923382911826
6253067 -0.16425242546172736
6253433 -0.09128348949109233
6253691 -0.34377103547461785
6253979 -0.03960255606587415
6254251 -0.09647268075314064
6254543 -0.10755785614777724
6254842 -0.08897299624250521
6255146 -0.11639030899634939
6255542 -0.013153416804429607
6255774 -0.11231571057843637
6256056 -0.045701386644060316
6256360 -0.0840453241342537
6256674 -0.07280916199919896
6256975 -0.07633134284819709
6257278 -0.05950274135904654
6257648 -0.1046271200981631
6257997 -0.0184442699413786
6258196 -0.07336513846585202
6258473 -0.065469833732618
6258844 -0.10716734461099792
6259069 -0.06890455660654998
6259429 -0.0510474493834332
6259715 -0.09905553877735418
6260002 -0.06496731647796433
6260294 -0.051986216254168105
6260582 -0.059020045299967405
6260871 -0.09544894931970094
6261098 -0.06618593568988007
6261452 -0.1344817504500332
6261766 -0.11866076446027873
6262061 -0.14525631109284387
6262346 -0.06405746937598489
6262678 -0.05036637511873654
6262982 -0.11929588115389222
6263294 -0.0896149170460484
6263539 -0.08876818400262465
6263889 -0.1102792707785254
6264183 -0.05667648420799809
6264477 -0.08653456909030133
6264766 -0.06178983001928007
6265061 -0.08055187018352694
6265354 -0.054328432340774224
6265580 -0.05826616751955482
6265947 -0.07623281619548394
6266247 -0.07820537690836671
6266545 -0.0468641991376364
6266844 -0.09846377875269952
6267135 -0.08822915912212614
6267432 -0.07249894762182219
6267652 -0.09414448293066457
6268015 -0.09172320923055355
6268320 -0.07645574621490547
6268622 -0.052935882381831556
6268865 -0.09624666499829504
6269219 -0.10224892302391353
6269522 -0.045843328780212356
6269764 -0.05274365503459366
6270113 -0.05778923266539271
6270465 -0.16205000165959083
6270636 -0.04927276313907847
6270992 -0.020119626288022663
6271293 -0.058477408182349366
6271577 -0.08857161452581586
6271861 -0.07074042661851787
6272149 -0.05223099982443902
6272500 -0.042256572713110896
6272736 -0.09603768809204194
6273027 -0.07214861442847709
6273316 -0.03580128555096673
6273605 -0.04896380801793876
6273900 -0.09897775236439565
6274190 -0.0562478193170155
