34386 0.5435250980916604
34831 0.534385208829204
35316 0.6313613815155648
35790 0.5580354998650344
36240 0.5395761488921611
36733 0.6345456761630808
37211 0.5683885888219895
37672 0.5089358593202742
38168 0.6088213235461108
38672 0.5641726218232894
39129 0.5526294637579616
39621 0.6314639026504554
40102 0.5723962959227056
40556 0.513555143770267
41044 0.6138156251792681
41522 0.5718283725111684
41970 0.5089236239625784
42448 0.5957915862810823
42924 0.6014898153980429
43368 0.5341238041080931
43844 0.6161025715735512
44328 0.5708348212145478
44778 0.5181737975689715
45256 0.6139563411910941
45727 0.5703585803703549
46171 0.49624840630690714
46625 0.5528350641760953
47092 0.6234854068170147
47536 0.5143133918439189
47989 0.5417196404261766
48473 0.6447388915626574
48937 0.5322960159079582
49388 0.5088612279703717
49864 0.5895001260730158
50339 0.5461427425547865
50797 0.5201553562064037
51296 0.5950579823566349
51790 0.5618286458222187
52262 0.5306189045472621
52765 0.6145315735665918
53277 0.572836837104701
53769 0.5410301179688428
54277 0.6072260227803407
54768 0.5641465056281786
55237 0.537419176848623
55734 0.5944436915681229
56232 0.5794831143479959
56715 0.5592514293171333
57215 0.6349989998713912
57713 0.5977236404670243
58186 0.5333039129339838
58679 0.5791536073960247
59182 0.5732349775243172
59663 0.5260354852686346
60169 0.601529652684519
60692 0.5747414486230598
61178 0.5405369345364986
61696 0.5973571781904441
62213 0.571793245713277
62690 0.5403991761145852
63201 0.6019325423772283
63705 0.5777785223702238
