4624408 -0.42501779347353036
4625599 -0.09027266948419044
4625942 -0.12713983426451136
4626296 -0.1304609205947309
4626660 -0.1432569746632582
4627025 -0.22572476299904576
4627398 -0.1524127956123018
4627784 -0.13336362773181476
4628178 -0.08312043962556559
4628572 -0.232380390070835
4628965 -0.1436631230757126
4629503 -0.10971858106399801
4629759 -0.14169968879712647
4630150 -0.20327422056916067
4630531 -0.10756483189937494
4630917 -0.0998646137809327
4631301 -0.1636772130437263
4631702 -0.2207189517374164
4632025 -0.13341126645639156
4632534 -0.0848158284034084
4632919 -0.1234232350053368
4633172 -0.19100525302370785
4633550 -0.052227106412324975
4634078 -0.06861340119915615
4634358 -0.06312444222929825
4634757 -0.09722642055115305
4635283 -0.07225673517602504
4635698 -0.09143629520650332
4635983 -0.24840524571650713
4636514 -0.07479838892103974
4636774 -0.16458999573946742
4637293 -0.01622467747950429
4637695 -0.07455998165183164
4638092 -0.024128603532773907
4638350 -0.10391375074468612
4638892 -0.06901713000234255
4639291 -0.04355791443040746
4639724 -0.03694138601147534
4640012 -0.05835852805300312
4640578 -0.03889151677048519
4641019 -0.035320393810621464
4641450 -0.0407781780337888
4641725 -0.059986105131403455
4642276 -0.05089878213578369
4642702 -0.06659063292171452
4643118 -0.03795628949096841
4643370 -0.07097051275420774
4643897 -0.0413878938856852
4644297 -0.0566617654286824
4644694 -0.05968583023532614
4644945 -0.06078075126325522
4645480 -0.012218945837046857
4645869 -0.046813784648076395
4646128 -0.07684842358188582
4646646 -0.05740322367963757
4647049 -0.04440266838860685
4647450 -0.052484912467174794
4647712 -0.06848500102482347
4648233 -0.05679120227708445
4648631 -0.0395452988482049
4649026 -0.04570461595736153
4649273 -0.06170462679875499
4649795 -0.05158509669097355
4650187 -0.029403788736633962
4650580 -0.058876594643607616
4650816 -0.08399343987976982
4651324 -0.040952286787552694
4651715 -0.05966475041466168
4652110 -0.04526804818516361
4652361 -0.060460886556685134
4652896 -0.06265567766153002
4653301 -0.055505408227509934
4653692 -0.07288007365424709
4653925 -0.08912423810408676
