724267 -0.1969587943263471
724545 -0.2445775266656941
724781 -0.2576760628486189
725007 -0.31682927653794657
725279 -0.34257863042591175
725591 -0.08642684536167444
725971 -0.13862354725845144
726211 -0.5629624695659654
726444 -0.5482238237913672
726733 -0.14143428880738784
727130 -0.1444301346792508
727369 -0.12621411447795927
727639 -0.20258234320562019
727877 -0.34361207877813355
728144 -0.19005457305798532
728541 -0.12045285998651506
728839 -0.5033749375384053
729065 -0.38779347132097874
729343 -0.4774245162642918
729570 -0.3718683676860356
729838 -0.2034613972543714
730195 -0.08272622905967353
730523 -0.12218377059459296
730785 -0.2842239924055039
731019 -0.41051673396737454
731273 -0.3159950738097619
731531 -0.4121302890755367
731778 -0.33322837603887123
732066 -0.14080376070210532
732354 -0.06357799728342786
732675 -0.11126729627362875
732988 -0.1630331701535903
733255 -0.19380484425380845
733514 -0.56721103016749
733750 -0.33499301130966114
734009 -0.16421617741108185
734411 -0.1473792779062475
734644 -0.06103620176945229
734928 -0.1766935119341163
735244 -0.15421101657988534
735525 -0.038720461239137305
735755 -0.10457461774882237
736030 -0.14156748244190362
736310 -0.042674028392881924
736582 -0.11667197697185205
736867 -0.21215498424070312
737192 0.0
737485 -0.474579176594526
737766 -0.2175423508794334
738005 -0.0988839517068354
738276 -0.08587701033205208
738612 -0.09120167792600364
738848 -0.14546248648663163
739138 -0.07731788025798725
739425 -0.08960538297165321
739712 -0.07051642440350658
740010 -0.057774263689695626
740297 -0.15053581655822934
740579 -0.17488251034474822
740864 -0.0804846222123381
741133 -0.1263965314600004
741408 -0.17492518169279325
741684 -0.1364092456652919
741964 -0.1377392079192541
742236 -0.19026299925049406
742508 -0.16523530283616217
742793 -0.12894066850419517
743066 -0.14471333052978208
743350 -0.150037715810323
743632 -0.08504029440631355
743919 -0.1505313092094389
744198 -0.15812257005408448
744478 -0.13334994458569627
744755 -0.17192010679307157
745032 -0.12032188139923283
745306 -0.1557053867181688
745590 -0.12931001826226352
745868 -0.18055060870092499
746158 -0.19404271811913443
746459 -0.17379137771421638
746766 -0.18976555808611584
747072 -0.10660260215349282
747381 -0.12718725628801375
747635 -0.23431227089470152
747937 -0.42032347324099506
748321 -0.298485615165788
748556 -0.3131553430166938
748823 -0.5029576915795939
749079 -0.24423405526410713
749298 -0.2475892886472595
749657 -0.19623069166052987
749952 -0.2761178021514825
750205 -0.22606846223983068
750424 -0.18767628480051457
750779 -0.05977019389550592
751094 -0.4969391243926871
751294 -0.3350745330259687
751575 -0.11634366031498308
751901 -0.139948080253547
752223 -0.4080635533271782
752544 -0.10705803182890161
752895 -0.203500731935355
753124 -0.5365391543094132
753451 -0.03871193735414635
753673 -0.12235555761439154
754033 -0.18660503166016834
