6604514 -0.14462923806015338
6604691 -0.09640585965641571
6604989 -0.06490904397890748
6605399 -0.0664018501160136
6605599 -0.025478972028536606
6605932 -0.05615784850516676
6606224 -0.1689454882093233
6606516 -0.04822108645248635
6606834 -0.06544581923859938
6607157 -0.06880306525676239
6607483 -0.08201484179880114
6607794 -0.07773058134306621
6608113 -0.08378364362552371
6608410 -0.05990422878489032
6608735 -0.09332716895249904
6609022 -0.03259373311168656
6609320 -0.01895958581903201
6609621 -0.011895947483075764
6609910 -0.01939339004343743
6610203 -0.01864845606818899
6610492 -0.008806660953176726
6610780 -0.007586006248551547
6611195 -0.021038588016558113
6611382 -0.0959942935140915
6611661 -0.012473471827230909
6611954 -0.03238695430505523
6612249 -0.014536168598123789
6612559 -0.03427344239832264
6612860 -0.017557041769884596
6613280 -0.007119495326029512
6613472 -0.023978898558018713
6613891 -0.01583649656516961
6614190 -0.016165278116638926
6614501 -0.009694850776741815
6614801 -0.04662338504408814
6614980 -0.02684644762463151
6615404 -0.02214101445068639
6615588 -0.052238333876095666
6616001 -0.034185329228800465
6616313 -0.004291854657511196
6616502 -0.03218720219799387
6616804 -0.03230351792838415
6617111 -0.08239713032035323
6617412 -0.005394063761597179
6617700 -0.05178153753683146
6618012 -0.024129534874777425
6618323 -0.043851546783333584
6618758 -0.0070461568819017995
6619067 -0.013746426325789596
6619294 -0.07151930828332864
6619623 -0.10534146750732093
6619957 -0.07872507581658349
6620291 -0.04151672779711807
6620647 -0.2940799470617958
6620921 -0.22700838292300013
6621365 -0.5948527683899761
6621567 -0.0521450767330135
6621933 -0.5722186116023498
6622278 -0.12770497613020088
6622510 -0.14084151042536686
6622942 -0.008806992847578687
6623273 -0.17474489446790065
6623511 -0.16641703507795924
6623828 -0.2714498409833761
6624197 -0.08412267046477206
6624563 -0.1407738611878181
6624909 -0.09289505645808271
6625278 -0.08304451793885737
6625703 -0.056863028083046
6625949 -0.07304144994918782
6626417 -0.03903404903933083
6626663 -0.07123620996956537
6627014 -0.14036316174136232
6627351 -0.2347218892693227
6627736 -0.0761375638173285
6628027 -0.021647257610522497
6628367 -0.00374092240182039
6628823 -0.06829284460011675
6629027 -0.15660751315071175
6629362 -0.02836751739486118
6629716 -0.034531423173010084
6630030 -0.09203564544649762
6630359 -0.043610295153095585
6630692 -0.07142842014741008
6631012 -0.07543607024321852
6631352 -0.012017912198751868
6631790 -0.24741161420506294
6632115 -0.14888741529530958
6632338 -0.06117624888245643
6632664 -0.10196924292425447
6633103 -0.007548873017537705
6633346 -0.14211344567151363
6633672 -0.21609655690122476
6633979 -0.03139955305775877
6634303 -0.043710025254913965
