3244334 0.7168752477904505
3244850 0.7326870114865093
3245363 0.7635220661308104
3245869 0.7317558385987879
3246370 0.7110502133882994
3246885 0.754503955941473
3247394 0.7350991894484548
3247879 0.7320388476304335
3248386 0.7658345373475275
3248877 0.7698917999732738
3249380 0.7587253755897942
3249888 0.776420730562219
3250410 0.7762146044958644
3250880 0.7551184506329639
3251347 0.7510076850274106
3251854 0.7706781579266271
3252365 0.758992422998372
3252864 0.7347689850766554
3253397 0.757617631525964
3253922 0.7404805927380826
3254433 0.7284909688914846
3254947 0.736400798495801
3255482 0.7549470337810202
3256006 0.7388388482654566
3256470 0.7178585119625029
3256929 0.7150466981255841
3257448 0.7499301021644389
3257955 0.7462160744510054
3258420 0.7094249670714413
3258897 0.7229575801736488
3259402 0.7646135148617202
3259896 0.7254173537054688
3260371 0.649109002115315
3260853 0.7093531786468981
3261396 0.7264605383619175
3261886 0.6700464977390379
3262363 0.6859766240164868
3262873 0.7336404601899946
3263360 0.7227942220550567
3263824 0.6386993014651965
3264300 0.7149965183780733
3264808 0.7463932712722594
3265289 0.6776457132303859
3265774 0.7108857947317777
3266273 0.7737923470205977
3266762 0.7521808423381675
3267225 0.6601553271255574
3267706 0.7325142568461074
3268209 0.7665876778580991
3268705 0.7518107922997062
3269157 0.6835931061395214
3269624 0.7291915848987329
3270111 0.7770769647551903
3270608 0.7174125934574849
3271074 0.6837950442105237
3271584 0.7372512190067313
3272115 0.7438847851859219
3272616 0.6731590079322769
3273139 0.7229734429265182
3273653 0.7616280620075998
3274129 0.7313184934869728
