3244528 1.267865409702523
3244989 1.2095518654787711
3245428 0.9392474448687906
3245860 0.9440039850850359
3246319 1.1893591324183839
3246794 1.1157583608114152
3247243 0.8517563590741907
3247694 1.0635364802021572
3248160 1.2812652373336773
3248606 1.001113169567256
3249035 0.9068308447957205
3249487 1.1626533726359174
3249938 1.1892699480834663
3250368 0.9054381200434655
3250792 1.0760163500090902
3251233 1.295049437666739
3251670 1.0573865941664773
3252102 1.0153026782699004
3252563 1.22885769873588
3253024 1.1284664642801463
3253461 0.9853077735510483
3253929 1.2339990436447466
3254391 1.190915772567522
3254815 0.933165701880929
3255245 1.079365082716301
3255691 1.2465302883932208
3256138 1.09098289224328
3256588 1.0293533294693666
3257052 1.2150879055977861
3257499 1.1133177824437688
3257933 0.8944473455703534
3258366 1.0219544734917048
3258790 1.159844150656825
3259201 1.0440438415528046
3259598 0.8973631273372524
3259997 1.1051832095042502
3260399 1.1347615756385874
3260797 0.9513969684616612
3261192 1.02976352613366
3261582 1.12103851141682
3261966 0.8612204916874784
3262345 0.9183522829590527
3262726 1.078000935667648
3263108 1.1512924116889671
3263495 0.9281411390431076
3263882 0.744859243260637
3264260 0.7438078898280327
3264634 0.705232769868492
3265006 0.8453097325962587
3265388 0.9962159392728034
3265782 1.035790387331766
3266165 0.8371795124534809
3266540 0.9721711042972766
3266913 1.0373086067252215
3267284 0.9156959822550002
3267646 0.9335236885178719
3268005 0.8142918828865171
3268358 0.6830364353631213
3268709 0.7181790827187222
3269069 0.874268447840846
3269437 0.9179076428004498
3269814 0.93858450882431
3270199 0.7803751683404057
3270581 0.8250841391292434
3270976 1.02931540952397
3271382 0.9309343681710689
3271780 0.7869827556654159
3272196 0.992118959274797
3272636 1.015659722673844
3273042 0.7746177157257297
3273451 0.9556049514122297
3273883 1.0810869738616624
