1654412 1.319397758948281
1654811 1.320814350044787
1655203 1.2051592451363191
1655627 1.3665480896713993
1656062 1.4071961440670704
1656508 1.381985200070619
1656936 1.2750751927411121
1657370 2.033240176610529
1657773 1.2866618463616089
1658168 1.5564390256615224
1658564 1.611561874122888
1658959 1.585291608695215
1659348 1.5041452349195483
1659758 1.713085318121285
1660166 1.7539088569653725
1660565 1.563501119174877
1660973 1.7256279366868348
1661395 1.7891507580260921
1661801 1.634376527697561
1662211 1.7233038834001642
1662635 1.7688687488988255
1663061 1.740385834966488
1663472 1.6317310426111233
1663889 1.7691514932977985
1664301 1.7837537720170002
1664705 1.606932753529967
1665104 1.7234468999341177
1665505 1.7652979860158555
1665906 1.7549490137147659
1666294 1.5581928007502364
1666700 1.7617130449803813
1667110 1.8035762920511433
1667504 1.4934166564631235
1667889 1.639420945408545
1668283 1.7319617146508197
1668684 1.7016176819386661
1669070 1.5062164676126661
1669465 1.7195429370403268
1669868 1.7680735273073456
1670252 1.5402018191541895
1670643 1.710935360374132
1671053 1.8262369271403516
1671454 1.7225696072421992
1671847 1.6132575190970244
1672243 1.7819319568019234
1672644 1.8278537838086018
1673035 1.563164278131554
1673431 1.7307804635319044
1673836 1.757557700545171
1674245 1.7777202767450095
1674649 1.6167821808521403
1675063 1.7980152750354998
1675480 1.839486520316068
1675883 1.6269837322525174
1676291 1.8023985091042722
1676717 1.820650643220915
1677138 1.7850639463769835
1677535 1.6556942409645692
1677939 1.8148622251621558
1678340 1.713382021281327
1678719 1.4944016323703124
1679096 1.903442715961423
1679472 1.8844129322160992
1679846 1.6067768477859323
1680221 1.7873361877190548
1680621 1.873451368183802
1681031 1.8674112453281935
1681429 1.5928154864194055
1681834 1.860985842472623
1682249 1.8882919983748554
1682654 1.7797066425388646
1683043 1.6766732858020084
1683449 1.9064351321877575
1683846 1.902380101695227
