64076 -1.125167443122495
64415 -0.3933780914209808
64720 -0.22280085528958754
65024 -0.6275045876242387
65243 -0.19366694030841503
65464 -0.1745814360286838
65563 -0.5309761372757742
65844 -0.5316026035804564
66085 -1.269540116587627
66273 -0.42497543919298175
66612 -0.3929798228978516
66888 -0.4912457250477833
67409 -0.1980824866733304
67760 -0.04661421006811617
67962 -0.2791155453717684
68364 -2.870937548683764
69508 -0.3638573817826004
69829 -1.0676774956805135
70456 -0.7530855106536755
70847 -0.42195083078834517
71204 -0.1732592681165145
71428 -0.4603169525392241
71740 -0.23275168690317488
72179 -1.024913743799163
72345 -0.6011223974351849
72661 -0.3013902692685422
73427 -0.3582012033116643
73628 -0.11313082927671386
73865 -0.8852271527541027
74274 -0.5223033525019716
74472 -0.23038150072300212
74786 -0.19754576134288193
75056 -0.22661531386108047
75364 -0.02540613295952099
75692 -0.12865778045658294
75998 -0.07955542183506759
76364 -0.0738242997301124
76669 -0.06412459304520413
76914 -0.058584358238614964
77220 -0.05137714760614687
77568 -0.08045269521478593
77856 -0.09964179718917832
78120 -0.05849690288409348
78443 -0.16672978983028364
78701 -0.14878206184719012
79095 -1.3720139096223114
79387 -0.21069761221985495
79568 -0.19488746847796556
79938 -0.2432553107933486
80150 -0.5137155947566772
80455 -0.13740446597507927
80771 -0.07156683370096273
81091 -0.06334851406594044
81413 -0.0669891284466797
81733 -0.060788600981976915
82073 -0.06576675046475633
82406 -0.06660850371888394
82788 -0.033268007509015596
83054 -0.0759011388273706
83377 -0.060566549085498855
83703 -0.045782936953077114
84016 -0.05890625223055923
84328 -0.05464350797787998
84636 -0.05639911789234442
84934 -0.034024047187184214
85250 -0.029591929689517404
85595 -0.06925475828864591
85832 -0.05293459088034713
86138 -0.04257089491529742
86434 -0.05394450916074345
86716 -0.05254672475104549
87011 -0.058556068260675276
87361 -0.05216657665828539
87621 -0.040981277655543935
87935 -0.05012043862509319
88251 -0.027358193890985594
88648 -0.18064561559403514
88928 -0.21702352005727477
89247 -0.07874412862471569
89473 -0.08733624684284891
89830 -0.36037010718574547
90164 -0.1331820928014065
90336 -0.19953392177243456
90610 -0.037898891651755806
90947 -0.0632635987899241
91233 -0.5972033659941822
91624 -0.6932604991971933
91974 -0.06676146383493298
92205 -0.06004617843519844
92504 -0.08964854614460716
92815 -0.22478749894314926
93010 -0.903989677180769
93138 -0.3278169204990755
93565 -1.559213816350945
93862 -0.4564128065133821
