5794577 -0.025059105915215096
5794902 -0.030528168129489774
5795247 -0.03617665236339718
5795571 -0.04837405036826148
5795890 -0.030881204822950425
5796212 -0.05870436377593913
5796642 -0.036300114674123085
5796959 -0.04763353532387027
5797158 -0.095434989620231
5797515 -0.09153161686699063
5797814 -0.10843655462264157
5798041 -0.16811484143739774
5798326 -0.04118765789981804
5798679 -0.092230797234238
5798977 -0.06681741514394335
5799313 -0.058182287548961265
5799608 -0.03719195695380695
5799796 -0.02287823596291849
5800072 -0.03831821692342274
5800415 -0.08129187189642251
5800690 -0.11063971762814939
5800973 -0.14866794259015692
5801202 -0.0761445706564311
5801507 -0.0795653037196965
5801864 -0.10357224915675323
5802184 -0.04765099017620855
5802423 -0.1300563763324224
5802811 -0.04533890398124457
5803117 -0.06007629237192971
5803375 -0.3551597968393009
5803757 -0.0886216040679184
5804106 -0.14330793685802745
5804381 -0.206489054262243
5804721 -0.1004872079115289
5804946 -0.06519362161463299
5805242 -0.08841334261985523
5805532 -0.07754310662129497
5805959 -0.2630532929857021
5806137 -0.09855880824639562
5806439 -0.1783553539748184
5806769 -0.11484244040161307
5807257 -0.025902971061032787
5807631 -0.0518865850497654
5807900 -0.06098077414421388
5808396 -0.847565243848168
5808703 -0.1773888145586061
5809178 -0.062462901927997055
5809497 -0.1983413778225407
5809866 -0.11886489006523623
5810262 -0.3758635392834799
5810573 -0.09375107289818752
5811017 -0.06759233884342297
5811237 -0.08589988746407295
5811552 -0.06088856431000478
5811846 -0.04226194467371491
5812138 -0.05479080665023628
5812523 -0.07070131772113708
5812856 -0.10806058605267754
5813054 -0.06363670465598714
5813366 -0.04777374971390369
5813777 -0.06748606122025969
5814061 -0.03693055344504925
5814314 -0.07810299897131401
5814682 -0.14724749520121594
5814925 -0.42079567409585966
5815346 -0.04983063766061635
5815575 -0.04790085759708168
5815886 -0.03966921937868356
5816183 -0.0915380744374672
5816490 -0.038846984192699885
5816815 -0.03260452951772985
5817132 -0.06870927051964443
5817449 -0.055214170958577946
5817763 -0.03357401652094208
5818085 -0.03492751814618633
5818426 -0.17071391861552848
5818815 -0.2733904140188529
5819122 -0.09759220569947881
5819433 -0.15792253866556882
5819640 -0.1870137585294943
5819930 -0.335824067324719
5820251 -0.22684186713454366
5820558 -0.16041594968600537
5820971 -0.46340019906353114
5821236 -0.07909921588778701
5821489 -0.0926284242915294
5821831 -0.09811124795551218
5822117 -0.3989310557207724
5822447 -0.15568530160933336
5822789 -0.054442279724607356
5823176 -0.021730419942388446
5823404 -0.05985870413362837
5823796 -0.107249588788347
5824122 -0.060788958189681774
