124245 0.6521070629243153
124738 0.6360952630339967
125257 0.6986853005279634
125780 0.7189264779435515
126274 0.6337307524948628
126755 0.6652234523576331
127254 0.7136780486005861
127728 0.6387620720799411
128175 0.6465566000906392
128615 0.6997508516609434
129033 0.6154940891331496
129417 0.49437363098956116
129794 0.49565656373155065
130185 0.5727331338187736
130599 0.6178310440588692
131009 0.48424410125288925
131402 0.46265524924672097
131798 0.559221432437178
132219 0.6351457636653665
132646 0.5075698674156899
133051 0.5246097871446036
133643 0.6423036452260539
134158 0.5380788126630218
134663 0.5882308204668545
135196 0.6499923920788888
135723 0.5874024497650722
136199 0.5770743761541072
136726 0.6622543285392858
137246 0.5981991352776372
137735 0.6183775348655904
138246 0.6692969599183225
138736 0.6855382191929749
139238 0.6456605358425462
139756 0.659869923556379
140277 0.6947024071597117
140781 0.6137575309106104
141285 0.6590013660454548
141791 0.7042637185812664
142295 0.6572009682226405
142786 0.6017609931253236
143288 0.6657633589744777
143809 0.7055058439690036
144321 0.7176687265482868
144826 0.7066980861098655
145302 0.6751585577117418
145750 0.6247970469810127
146214 0.6869123890009966
146704 0.7139008667591167
147187 0.6399872176418373
147678 0.6411412940382661
148159 0.6306197074912074
148608 0.4987204322450727
149045 0.5411893626272859
149497 0.6796433511661739
149945 0.5342408398897501
150379 0.40828154547581824
150807 0.4426395384045675
151211 0.5225319465905459
151637 0.6229112894703935
152057 0.5768144898581067
152450 0.46606397275188016
152839 0.5800365213846912
153259 0.6773085470290784
153825 0.5607243316706114
