4204451 -0.10406073472934185
4204769 -0.5564666070405759
4205228 -0.9441724946967793
4205763 -0.11935325788722151
4206025 -0.11609906354817356
4206669 -0.10733933920370653
4207155 -0.06768875479264919
4207416 -0.09352108295355553
4207778 -0.03615860464681292
4208089 -0.04546571229334617
4208485 -0.07256285181875288
4208614 -2.0219892101467556
4208921 -1.5650743539649203
4209148 -0.0872796683209831
4209491 -0.12512941416408108
4209939 -0.8303686439207808
4210079 0.00994102030128996
4210140 -0.008100730117323152
4210607 -0.13442127497477646
4210744 0.10325303534562291
4210799 0.0
4211169 -0.010302472350646186
4211580 -0.03938007252736608
4211814 -0.3790515517186752
4212082 -0.03947814446065165
4212417 -0.02789078398603073
4212737 -0.025314305564727357
4213051 -0.03966838895444491
4213377 -0.05655150826576327
4213796 -0.02832661719133367
4213991 -0.035460797686923895
4214431 -0.05619313540700288
4214729 -0.039921162005789324
4215041 0.0
4215293 -0.09120422639384573
4215387 -1.8398091535886265
4215543 -0.8072866657734368
4215902 -0.13659569945662375
4216153 -0.18887616047069522
4216600 -0.10750516796886145
4216775 -0.08514102167589122
4217094 -0.19378226470672422
4217423 -0.035258032269310347
4217765 -0.10243151416204221
4218106 -0.026185058252248483
4218472 -0.05600482356552772
4218914 -0.11051157510565801
4219152 -0.1098487611551755
4219464 -0.03087399160027937
4219808 -0.15231909890296147
4220276 -0.0984814355210144
4220611 -0.05261965615427888
4220817 -0.1312979569758208
4221146 -0.09438171564516029
4221522 -0.05632744678641677
4221725 -0.9892176919155693
4222273 -0.2894806249013602
4222802 -0.032728073574042504
4223121 -0.04109429188170122
4223465 -0.14412139338411034
4223802 -0.017546198286225806
4224145 -1.0285550007338298
4224476 -0.032288837183346075
4224841 -0.029731505524019042
4225194 -0.04870560298772475
4225551 -0.04841421582173311
4225911 -0.10708702093283318
4226221 -0.12479157393104479
4226362 -1.1347702629775878
4227246 -0.4873845228803322
4227603 -0.0697485857440634
4228038 -0.1835980193010489
4228230 -0.08985397599305567
4228357 -3.9241289415389
4228657 -4.641461847287064
4228943 -3.7727391073960153
4229410 -5.718480555599863
4229580 -0.10280843577792842
4229685 -0.24151269212173943
4229797 -0.39375523267753954
4230233 -0.04366889170537047
4230491 -0.9908265244083461
4230844 -15.420361761881422
4231460 -0.07881942577428691
4231739 -0.2630501531300278
4232101 0.7301125247760938
4232224 -2.8894020336410184
4232576 -0.25634856263430805
4232784 -0.16275383583569702
4233117 -0.2853841776583961
4233584 -0.7507403046316634
4234121 -0.3295326415619728
