184282 -0.1387083586054652
184800 -0.09898110673996591
185287 -0.23518059076861636
185756 -0.24664652969366907
186227 -0.12042958280347932
186713 -0.20007070720572256
187164 -0.25682367314737176
187607 -0.1797081908606354
188072 -0.09980191989271081
188535 -0.19881612355721473
188976 -0.26531891881266695
189415 -0.16435785644484885
189876 -0.08900040723066316
190342 -0.20139548638716215
190784 -0.2612478125758054
191214 -0.1686397423589711
191669 -0.10281855913423799
192122 -0.21957237733696605
192561 -0.25225905124168996
192979 -0.13087349716373908
193421 -0.0790040455421751
193925 -0.2073922750679968
194353 -0.24571250071351408
194804 -0.11861431880781192
195282 -0.08172089875265809
195735 -0.20404710055401737
196161 -0.24631408333307597
196625 -0.1174641152907312
197125 -0.09202105971072883
197657 -0.19123566916463253
198100 -0.2609509363202791
198554 -0.1344019326123257
199043 -0.09500825507358757
199517 -0.1991790501875722
199950 -0.2656970801978219
200381 -0.14343093926396883
200855 -0.09868296996096954
201359 -0.16840567871641604
201790 -0.2435121419886604
202239 -0.16024562399396552
202704 -0.10473675545580963
203181 -0.17920783383035016
203637 -0.2332046096110416
204120 -0.12680943259979932
204715 -0.18575759479655907
205205 -0.2377702457289258
205709 -0.13004789208718848
206212 -0.1838627674155245
206679 -0.23511254229213113
207207 -0.11723385788741364
207729 -0.21696938476149896
208200 -0.2606975497523852
208682 -0.15237969395479467
209198 -0.12061015912751727
209677 -0.2606521118381247
210134 -0.27444756669653575
210618 -0.11989475071332473
211125 -0.1990843512392138
211604 -0.2592624111101851
212065 -0.24049080563860192
212544 -0.1304688758102749
213055 -0.20171669904341222
213513 -0.27589344525038534
213984 -0.15152130912043899
