5614430 -0.043981006803739786
5614776 -0.0074127617321291805
5614995 -0.029130841757697423
5615360 -0.020215141248126733
5615690 -0.015153036094353423
5616150 -0.014663092334896488
5616370 -0.021295148736499347
5616714 -0.01785987780289877
5617045 -0.015522129692599806
5617387 -0.035124779390758476
5617715 -0.03956829017156149
5618050 -0.040781117833292746
5618364 -0.032796460930083315
5618789 -0.01038058186995644
5619110 -0.014404079169690054
5619419 -0.021599100173666286
5619631 -0.020453407398928924
5619946 -0.033785145754527124
5620393 -0.02303834204771965
5620727 -0.019390461479589005
5621059 -0.009810665955809483
5621385 -0.030110689470239704
5621714 -0.0102134994373127
5621946 -0.026790242819588528
5622402 -0.0272962074697482
5622615 -0.019176648268857344
5623067 -0.0166801085699399
5623295 -0.024503391994417367
5623616 -0.03506810091859375
5624059 -0.01754920128390214
5624263 -0.004773515304278775
5624592 -0.019852635468534108
5624909 -0.014432278666662968
5625233 -0.007753505129044547
5625670 -0.008938742169613823
5625993 -0.01863723874178186
5626201 -0.022574062814897933
5626529 -0.0265139683623577
5626863 -0.029965299872439233
5627322 -0.05489156424300479
5627548 -0.07575174917525285
5627694 -1.2843491820749837
5628617 -0.6223926649882614
5628901 -0.24070757315421165
5629202 -0.41398630639450973
5629349 -0.23030424869209742
5629457 -0.12021017002980727
5630267 0.4265929452604382
5630439 -1.2925978030783951
5630750 -0.03532239352106181
5630973 -0.6057657090678394
5631617 -0.7471735847029999
5631893 -0.3419893534359728
5632236 -0.17828659792087842
5632498 -0.12336116479111414
5632903 -0.11583440982980764
5633079 -0.0895309839987779
5633385 -0.2871858455006584
5633769 -0.4736486151844783
5634101 -0.304990173904476
5634273 -0.4474344735202789
5634580 -0.1255685650706262
5634940 -0.023646744990581503
5635271 -0.04618403907508828
5635485 -0.2258346572538832
5635827 -1.7416860619013577
5636530 -0.22278744832415254
5637044 -0.21956119984735772
5637453 -0.04960674841749335
5637812 -0.32527996732705655
5638130 -0.12530205468608813
5638345 -0.05261217592688672
5638765 0.0
5639088 -0.09126694845135386
5639340 -0.029652318681160583
5639698 -0.03426999974576672
5640015 -0.7431114007617952
5640456 -0.13948340503468293
5640768 -0.4628491598055102
5640995 -0.11000495241299779
5641347 -0.07533394298611162
5641684 -0.49992811236803225
5642015 -0.11595413686263695
5642406 -0.5437869092719967
5642660 -0.1286615373008354
5643099 -0.4079305316434592
5643417 -0.0009563944958634885
5643685 -0.07403089442766464
5643825 -1.5427359107538667
5643983 -0.12601863322592055
5644328 -0.09782463920937756
