724304 -0.30267882251033607
724830 -0.19981423159169492
725371 -0.19112406401682241
725891 -0.296238550203548
726378 -0.27730534771599535
726885 -0.2002795827294453
727397 -0.19874272147219119
727908 -0.2632752683118198
728379 -0.33502921252073314
728855 -0.2280898138040534
729352 -0.18986726016018562
729860 -0.25367753539763693
730329 -0.3104490135472863
730823 -0.21425934876008995
731328 -0.1900636581179973
731831 -0.2854986828219324
732300 -0.3106475142821048
732790 -0.2163448683238402
733308 -0.19183568938325468
733808 -0.2896483986196571
734275 -0.3157763350696953
734783 -0.21062869107071053
735317 -0.19154117418461597
735851 -0.2554551377272655
736328 -0.3186404255910359
736815 -0.22687023984111476
737308 -0.19209228405733625
737792 -0.2687516234353676
738262 -0.30614566336141624
738755 -0.2181300791514753
739272 -0.18774280235469493
739792 -0.27516221361330795
740282 -0.3185249980860592
740801 -0.20957461424547386
741335 -0.19570046364224108
741864 -0.2773674151347285
742352 -0.30961319813250326
742857 -0.20819505309645492
743373 -0.18809762707328348
743884 -0.2875639845382401
744351 -0.32204430908741016
744850 -0.209228073150598
745374 -0.18679871290609046
745894 -0.27893205550430267
746375 -0.3215238358996219
746864 -0.21975684111903032
747381 -0.18753712276217227
747873 -0.29081892068098114
748346 -0.3097174618856046
748850 -0.20444632186236633
749376 -0.1887800127681884
749884 -0.29297908815649204
750351 -0.30025717930047807
750843 -0.21074320485619152
751360 -0.19740947127270725
751868 -0.300296997660732
752351 -0.31820582515350715
752852 -0.2024163838736423
753366 -0.2089362229732329
753842 -0.31410838342260494
