2254325 -0.05393627521751765
2254826 -0.06059135859889664
2255059 -0.17553178961005544
2255418 -0.1576898700241176
2255785 -0.04915131244454507
2256205 -0.0647075010409528
2256657 -0.12674142337699257
2256884 -0.11677773521144785
2257238 -0.09177893869247455
2257600 -0.05319459078164113
2257962 -0.05716423268700943
2258317 -0.14235047001205103
2258666 -0.11277816911549321
2259157 -0.04690180831304769
2259384 -0.07718925549060907
2259740 -0.14603477337041304
2260085 -0.09650600978450563
2260579 -0.0822443278441316
2260804 -0.06782225094466399
2261272 -0.1477639561227031
2261502 -0.10782001290559817
2261860 -0.08850524009073468
2262354 -0.05771943136424995
2262595 -0.12113631175101136
2262955 -0.10725979678059439
2263322 -0.06347680637192155
2263826 -0.10879917415292062
2264071 -0.07684742038396641
2264554 -2.112391220868738
2264686 -1.9117556129110176
2265110 -0.1512272000346343
2265436 -0.22571470105242675
2265891 -0.13331291845876314
2266091 -0.07171032458702054
2266422 -0.1813019211146718
2266903 -0.062434500705160545
2267131 -0.07782575270529657
2267617 -0.10105453331529035
2267849 -0.04084019317294163
2268355 -0.05785465490876729
2268586 -0.05251372552476585
2268941 -0.11095679461396069
2269301 -0.02210404322709847
2269795 -0.06247149919346007
2270020 -0.06610441064986405
2270365 -0.13569402665113972
2270850 -0.08198093039688659
2271168 0.0
2271386 -0.09006911985797017
2271708 -0.1540711947686968
2272029 -0.04940412788235493
2272386 -0.0741136539750955
2272826 -0.01964015429674948
2273024 -0.11993775365581771
2273366 -0.04346707606663891
2273849 -0.03930525290463538
2274057 -0.032463924980556946
2274400 -0.13600783209143863
2274741 -0.04561597235614179
2275225 -0.04852321309586505
2275581 -0.03985535163324161
2275789 -0.13972991671000545
2276271 -0.05582499167313837
2276616 -0.050423529516469
2276831 -0.04063429335347979
2277181 -0.09341500931466351
2277528 -0.07243857288475963
2278015 -0.03163502936594398
2278371 -0.05871565967666159
2278582 -0.05065057779304816
2278922 -0.14292571158058065
2279269 -0.06177869725942098
2279758 -0.10458927613508973
2280116 -0.6090489971268849
2280321 -0.06924953062689765
2280779 -0.14188720931898458
2280992 -0.04868884233868587
2281343 -2.5692489680051818
2281702 -0.08684978064034166
2282508 0.0
2282840 -0.20392981611051142
2283040 -0.7447597055786359
2283416 -0.21559476418726575
2283851 -0.11316753339634555
