845084 -0.1907069479646053
845293 -0.7347723810035561
845706 -0.43886150456071304
846721 -0.9857566399519146
847065 -0.3846541046586933
847368 -0.5451404082829332
847671 -0.26266135333445484
848687 -2.6789844493978694
849802 -0.46299182879415834
851133 -10.155983056557861
856633 -3.440803605098212
857410 -0.8775673560037793
858126 -5.414846206017362
858862 -0.10822436291944859
859003 -2.578508663884711
859159 -0.17236931471939942
859791 -0.35615842528046215
863078 -0.025101317541768253
863482 -0.03855698778440342
865907 -0.02388310517771508
866107 -0.01806403570786763
866401 -0.010054394276584944
866696 -0.06556795972591445
867366 -0.01737905332161116
867646 -0.02458507252114739
867977 -0.018685170263798234
868270 -0.7599929989002217
868682 -0.05090783252791553
868982 -0.07269032438658396
869236 -0.13162419164385764
872223 -0.15471365284310412
872900 -1.2200474355599766
873722 -4.71787786665285
