4924253 0.5880795434073384
4925041 0.5284085746764571
4925418 0.8365876433692175
4925800 0.5969137692910308
4926159 0.5189151092767645
4926531 0.5790462697781174
4926911 0.8033492381097752
4927277 0.5551884603652479
4927660 0.6436815527324642
4928057 0.6541303226234252
4928447 0.5438467183600219
4928831 0.6500295427245983
4929228 1.6047630727793134
4929325 -0.5049909841303928
4929617 0.46050483139387477
4929997 0.5790715980591089
4930393 0.3364397922191351
4930784 0.5811506041598998
4931159 0.5334458974864678
4931534 0.5167312292952001
4932006 2.3330256651594445
4933326 0.3204070622710027
4934030 0.5233484457214304
4934382 0.48931436247398086
4934733 0.5773434861624032
4935081 0.5317780442815316
4935429 0.5294548815948397
4935775 0.5413035623440345
4936126 0.7009487086355686
4936489 0.6189625420708958
4936848 0.5468096263637503
4937202 0.5628211891005548
4937562 0.6362526537340842
4937930 0.6220922192328305
4938301 0.584130589283398
4938670 0.5996421428431319
4939046 0.6805526427970121
4939420 0.48470081544207877
4939777 0.4715406372202555
4940137 0.5405225849171189
4940513 1.0476344469624552
4940619 -1.799541510380211
4940893 0.577981843308855
4941255 0.5205599583823748
4941628 0.5166851448955996
4942020 0.6150708477395488
4942416 0.5446221819723368
4942807 0.5227103163528576
4943248 0.6189098896045825
4944091 0.6070612419381263
4944507 0.5157707587963198
4944926 0.7055070798733063
4945195 -1.254184144700846
4945308 0.7606153172558623
4945725 0.5852568173075638
4946120 0.5558249711012682
4946506 -0.48176851880759863
4946909 0.5376591240242371
4947304 0.6282331381844165
4947712 0.6433260220727288
4948135 0.5596996497688647
4948539 0.5783343585813738
4948971 0.6615451137163001
4949411 0.6905898210405135
4949843 0.5589551177276488
4950276 0.6693830511813994
4950716 0.6761536255332683
4951127 0.5477087598608736
4951543 0.6477081861730377
4951960 0.6667387456647353
4952400 0.6079805809456194
4952818 0.6286040856658338
4953258 0.5967511771260928
4953699 0.6500094892106038
