5944375 0.8082879688575846
5944675 0.7595075420735355
5944980 0.818036267473794
5945284 0.7828351260264474
5945592 0.985618740074078
5945896 0.7752450552291452
5946200 0.7955667505786632
5946502 0.7951883527186507
5946806 0.7508107771083239
5947105 0.865094757014158
5947398 0.732570405131285
5947691 0.9249701642839451
5947980 0.7778371081267248
5948268 0.8632974978465121
5948555 0.9392660789094208
5948838 0.7893188120162847
5949119 0.7826269649579233
5949400 0.8116864027115758
5949685 0.8534523754478012
5949970 1.0137536720885836
5950259 0.8482711703653256
5950554 0.88129321331814
5950855 0.9032230767524458
5951153 0.8563708222510336
5951455 0.9285203249209262
5951757 0.8040320324558612
5952062 0.9522797652486716
5952373 0.8779481342386601
5952669 0.8098865296562301
5952964 0.98465800161991
5953256 1.3682654922043433
5953543 1.6394623163542739
5953827 1.4913988840667058
5954105 1.6256875381876514
5954380 1.2658625277669842
5954651 1.61956058857903
5954917 1.0961259229065465
5955182 1.5057989765882354
5955445 1.3219764246164467
5955708 1.713415244922564
5955968 1.0945978393450593
5956227 1.3045515182459546
5956482 0.8026073920876906
5956735 1.295481063164745
5956987 0.8952144434139432
5957237 0.9495281874792991
5957488 1.0786410082385478
5957739 0.9822328963167963
5957993 1.3996136952999154
5958247 1.353298853686878
5958504 0.963100938991023
5958763 1.212242916057886
5959024 1.5801665002005687
5959286 1.1793148493840762
5959547 1.5774520989558969
5959812 1.89443517581152
5960076 1.3896166687321738
5960339 1.6046603381826974
5960602 1.531200494022873
5960867 1.383514059425777
5961128 1.2721924253848247
5961388 1.5881127802820652
5961652 1.8303752785871417
5961918 1.0527842791371698
5962181 1.6418631426200399
5962449 1.401388846723739
5962719 1.6803184434228569
5962987 1.329737709690721
5963258 1.3618402883774898
5963530 1.172405300219509
5963803 1.4135880980709552
5964079 1.1323443732629823
5964355 1.2148922516839549
5964630 1.2463557531806715
5964907 1.0436738045234377
5965184 1.356630238874292
5965460 1.4625379797701084
5965735 1.1657595140435935
5966009 1.1071164648497638
5966281 1.4286394059461847
5966552 1.0799663889498976
5966822 1.1849622307697096
5967091 1.3713239151774508
5967363 1.2255665998294931
5967633 1.169994808535948
5967904 1.436027265245637
5968176 1.2965222878191724
5968444 1.1044400753544428
5968712 1.423593285814535
5968981 1.1620358534388526
5969249 0.9646266817639007
5969522 1.0096835370254675
5969796 1.3529028356659825
5970068 1.0346627079100186
5970339 1.3118646917840873
5970612 1.2963935804086453
5970887 1.1551292171502423
5971160 1.253277381009334
5971433 1.4093202240647114
5971706 0.9577313695758249
5971976 1.2460927999865818
5972245 1.013004467428468
5972511 0.8115624834158657
5972776 0.9228504804383537
5973041 0.8914127972343291
5973311 1.1299437249125461
5973588 0.9021658050214906
5973868 0.7181486180855368
5974161 0.8774609680482555
