2734185 0.4517958901511407
2734476 0.641216360992198
2734846 0.7352683523388905
2735056 0.9169762794280167
2735353 0.5743229131153005
2735662 0.6626812610208044
2735989 0.7099655060072263
2736310 0.5272666124925584
2736641 0.5840161476834085
2736953 0.4314852066888474
2737261 0.5849601166708711
2737579 0.5967712743817613
2737884 0.536484921126579
2738188 0.6077583465532629
2738505 0.6821304366764545
2738811 0.7505239921112954
2739131 0.8327340351859263
2739461 0.6139552044723335
2739795 0.5132440975192784
2740114 0.44055305423973123
2740428 0.4846605972166652
2740735 0.3250294946628478
2741040 0.502989495845215
2741351 0.6178900137002833
2741456 0.0980233231442305
2741655 0.697145977397995
2741965 0.5916036039620565
2742600 0.6082471504083753
2742908 0.5006203784921388
2743212 0.6551544741364779
2743516 0.5984414671479942
2743820 0.6785635342281272
2744248 0.2126044872503776
2744427 1.2803832023040382
2744736 1.0132613126600005
2745049 0.8880900208586675
2745368 0.6193875741068526
2745678 0.8556244159315283
2745986 0.9575550259804014
2746298 1.0280261027901563
2746614 1.0978300639467597
2746932 1.136058684035662
2747245 1.1900890708300946
2747557 0.8696162321602534
2747871 0.5000335769068118
2748186 0.7714320167355405
2748506 0.7768774978104644
2748819 0.6922294826838219
2749129 0.8270298482309606
2749443 0.8369315262461434
2749762 0.6656720508464158
2750079 0.8058482831800131
2750405 0.6396054254416377
2750724 0.641667529927882
2751044 0.8218733272165579
2751368 0.8349417498165784
2751702 0.7723480775489916
2752043 0.4210228560857781
2752380 0.7842709839833161
2752705 0.531740482982018
2753029 1.206475953489337
2753343 0.7817822936335486
2753655 1.0570924413396459
2753964 1.1041981056842542
2754267 0.6366706130173648
2754563 0.8848012151561017
2754863 0.7599310573793956
2755162 0.7056858893079603
2755462 0.6916141833070029
2755870 1.790449962779832
2755952 1.136304271279677
2756080 0.31657730208856194
2756372 0.23588207474047068
2756669 0.5363136816573459
2757245 0.9818117178988385
2757528 0.8616121566132827
2757807 0.8771401058854981
2758119 1.0364823426587741
2758417 0.9631035310887817
2758710 0.8897431277671639
2759008 0.991996062881118
2759301 0.6614013939627701
2759600 0.8030782373486636
2759910 0.8924369865912358
2760239 0.8439373481047443
2760591 0.7681402669433205
2760927 0.7837829559215892
2761260 0.7024728285810513
2761584 0.7613180791982449
2761907 0.9105855193829555
2762230 0.9150903235750474
2762568 1.0500669622146779
2762909 0.8799293657271917
2763238 0.9535731313832019
2763571 0.9468673726232065
2763918 1.074404473678527
