1444169 -0.047606877288906
1444445 -0.04011965681065677
1444700 -0.03840168404599398
1444970 -0.03922957390131554
1445248 -0.035707093512815646
1445531 -0.041936581673196915
1445805 -0.03991458520099389
1446071 -0.04393844228106358
1446458 -0.03296100447615169
1446689 -0.019322305003305562
1446901 -0.03942428525520736
1447188 -0.045317174519238446
1447451 -0.03986887541938655
1447747 -0.04293314486226496
1448015 -0.02210414077135292
1448286 -0.04362351437790313
1448659 -0.0768187524766546
1448870 -0.046001532055444105
1449162 -0.03893942756856594
1449525 -0.043039220594874195
1449757 -0.04340566017169101
1450027 -0.045908241746011935
1450435 -0.04178866354181565
1450632 -0.050570034470920566
1450913 -0.053359618331847436
1451272 -0.023220409429001387
1451608 -0.053423652995213455
1451796 -0.04494341979592931
1452056 -0.03702714240220284
1452481 -0.0284063450209171
1452673 -0.06429973034720238
1453063 -0.09443790480802194
1453256 -0.04571118219005532
1453542 -0.030500815852622987
1453812 -0.047829171972083806
1454223 -0.021802366520056182
1454539 -0.03752717588589749
1454828 -0.03895213373931816
1455040 -0.02426460117822038
1455312 -0.03939827166898602
1455584 -0.04612213560756828
1455898 -0.046366903267438975
1456298 -0.02992806723439423
1456486 -0.050631489855828216
1456904 -0.014516214829500385
1457097 -0.02699193170706149
1457358 -0.03908567722690459
1457784 -0.04236334261528141
1457985 -0.05567388653627714
1458374 -0.022846256425471
1458661 -0.04042870696992518
1458847 -0.06408944796458305
1459130 -0.014604283099628912
1459444 -0.026377981816522844
1459736 -0.04109600440104244
1460135 -0.041977531271435886
1460440 -0.038756025950697826
1460622 -0.05772554600197699
1460911 -0.06527440083581304
1461301 -0.0428837282237009
1461478 -0.05407678795635085
1461772 -0.07215892668307777
1462168 -0.03712917086490575
1462365 -0.055845770710049036
1462651 -0.01846707584501961
1462968 -0.025753728469039006
1463240 -0.04174404712313051
1463670 -0.028906771924558372
1463868 -0.04667312735293816
1464293 -0.060418861975559235
1464478 -0.04582802253055074
1464779 -0.04112842712967768
1465097 -0.03774392068124133
1465389 -0.047878609912724635
1465676 -0.04189385109031396
1465974 -0.05639459331109187
1466287 -0.06791009329779296
1466567 -0.03960329067032076
1466874 -0.0475738716509706
1467155 -0.033923986223390656
1467438 -0.029451321432560906
1467819 -0.033345907060923885
1468048 -0.043401361478146105
1468308 -0.04781137965653337
1468715 -0.04066298722675521
1468918 -0.055185847148301326
1469179 -0.051026358831602225
1469588 -0.013260001023002621
1469809 -0.03310401843405453
1470088 -0.06437451826487384
1470410 -0.05470134527952242
1470825 -0.027284214280755226
1470985 -0.0727248837213037
1471304 -0.03898761208034407
1471711 -0.04184440558286573
1471901 -0.03542516252784189
1472310 -0.02979597911769649
1472604 -0.03943850833003881
1472774 -0.04866430861227555
1473084 -0.029563148233368253
1473359 -0.05835419943164388
1473661 -0.044008676704292204
1474048 -0.06764924675376105
