5584726 0.28601114139729245
5585198 0.2714710122724747
5585661 0.2689165507209205
5586163 0.2832398561967979
5586667 0.2920107934718408
5587146 0.2826368563346571
5587624 0.2841557401695543
5588109 0.28882311071108685
5588576 0.2881852579630316
5589046 0.27834072814622285
5589512 0.27986670089730303
5589963 0.28532137630104604
5590415 0.2907657282669561
5590862 0.2842603653571257
5591316 0.2797545687693694
5591755 0.2725681163630444
5592193 0.27878603687439585
5592635 0.2808060392692867
5593069 0.27778818480814627
5593505 0.2766686085377925
5593944 0.2714459416394558
5594384 0.28032540986077814
5594821 0.2737663037036342
5595260 0.26985310043410243
5595691 0.26495766513220864
5596120 0.26741228566504094
5596552 0.2744164176869854
5596977 0.270891550332802
5597395 0.2592498989115877
5597821 0.28029931680691633
5598244 0.27832422344883756
5598675 0.27835875385834286
5599101 0.28286553290868854
5599532 0.2733470848783085
5599975 0.27959365900050737
5600421 0.2818930907055962
5600871 0.2812317291159148
5601319 0.2664281683983831
5601766 0.27005302229950023
5602212 0.2761899062437368
5602651 0.2740542617702908
5603084 0.2751429264139862
5603513 0.273065592599691
5603937 0.280001861633856
5604356 0.27511083028884037
5604769 0.27932691304461055
5605178 0.26773896106346395
5605585 0.2783848472717517
5605980 0.2701889330061702
5606373 0.2819678292894111
5606762 0.27390359443834855
5607148 0.2692717437127076
5607533 0.23082690198915268
5607915 0.2820927577433061
5608290 0.27999429217805316
5608662 0.29286375344730164
5609035 0.36576463465282094
5609409 0.2876722392674109
5609789 0.2802676803009114
5610166 0.2799275296351982
5610581 0.2745459541196723
5611039 0.28324770856128356
5611522 0.27861668845821885
5611984 0.28289259165813196
5612447 0.27368108953999754
5612936 0.27936817362113153
5613411 0.27992138690490026
5613869 0.28878063300979173
