2854202 0.7100056986193028
2854711 0.7839206021642114
2855241 0.7605179544165805
2855741 0.7138396944702075
2856266 0.778499145101242
2856813 0.7496447201531312
2857313 0.7020644469708859
2857835 0.764427453725286
2858359 0.751988496880954
2858848 0.702066729448998
2859368 0.7739747483844853
2859886 0.7595633386322478
2860370 0.743465097588103
2860883 0.7957525990061692
2861385 0.7397051877769603
2861851 0.7308177385329317
2862376 0.7812291178978681
2862897 0.7519291472789394
2863375 0.688444144581189
2863855 0.7635537762817268
2864374 0.7879580923760917
2864853 0.7071234641729417
2865361 0.7689330675313424
2865882 0.7744346856780799
2866379 0.7002362723450488
2866893 0.7505514333103686
2867424 0.7676548518577817
2867926 0.6930565124157049
2868438 0.7656189337699535
2868952 0.7776378095576431
2869434 0.708411771570485
2869931 0.7721612402746634
2870428 0.7762541489756037
2870901 0.698583944659374
2871392 0.7731560005171353
2871889 0.7927852105236863
2872371 0.7057859005273721
2872856 0.7612537967178115
2873379 0.7804133933956806
2873859 0.7138058214845122
2874343 0.7040008664612285
2874859 0.7717948973954548
2875385 0.7482090354452222
2875857 0.7050605869617956
2876374 0.7719943924774593
2876903 0.7579185056324843
2877398 0.6877444091957858
2877913 0.7560425268445523
2878460 0.7623101298776084
2878967 0.7047959804115643
2879480 0.7572221267033783
2879997 0.7767982881460626
2880485 0.7048504408194153
2880966 0.7507632055336786
2881467 0.7937234348282955
2881980 0.750804296192216
2882452 0.7000298318462211
2882959 0.7740738866475365
2883461 0.7804889670774546
2883921 0.6994318312484247
