1534371 -0.15022543925199972
1534701 -0.0723561116108109
1535035 -0.1245601297048573
1535387 -0.09829082175836934
1535720 -0.16314752044317538
1536054 -0.14000906938646085
1536386 -0.15686148729595928
1536715 -0.07046373375342663
1537099 -0.1767427714109846
1537326 -0.29459147281813913
1537635 -0.2585291286897571
1537959 -0.09932365218657169
1538280 -0.14333694922906215
1538605 -0.11474699017088263
1538942 -0.14022270917942636
1539336 -2.0514194816277866
1539538 -0.08047460037340892
1539729 -0.02835844422741407
1540506 0.0
1540651 -0.05941445258792938
1541129 -0.0822076788291104
1541364 -0.06675342661290651
1541729 -0.054723394416281934
1542178 -0.02281778475615681
1542399 -0.032057516730712
1542777 -0.06050077600935988
1543130 -0.05293227552910662
1543484 -0.034706911927671724
1543841 -0.03308587116603867
1544290 -0.05516523255722605
1544523 -0.30014105043935624
1544986 -0.03550313908187519
1545277 -0.5026656196154635
1545646 -0.1145152074208644
1545954 -0.08954870171464635
1546244 0.0
1546461 -0.20490601433728584
1546761 -0.3200334401847539
1547060 -0.06269579601497655
1547377 -0.13904901736290642
1547709 -0.24637169047348983
1548053 -0.09752578023871594
1548442 -0.12389099657194191
1548817 -0.10576149501886478
1549205 -0.10127881173400466
1549579 -0.11048000552850001
1549942 -0.0673728102642801
1550312 -0.11478940064845022
1550640 -0.06340993133648376
1551021 -0.06826585287858467
1551373 -0.13073693077647586
1551729 -0.12004272461044518
1552082 -0.05856779262221967
1552433 -0.08629688065976193
1552781 -0.11126656079206731
1553107 -0.300852739160276
1553450 -0.10559668511531228
1553910 -0.03356624250123774
1554131 -0.009249520044436799
1554485 -0.08610040330829638
1554829 -0.1645104532186228
1555219 -0.3704666949051174
1555557 -0.0301002927233891
1555929 -1.62864818802107
1556603 -9.768411614554365
1556989 -0.15274222372847923
1557106 -2.03460905277523
1557238 0.0
1557857 -0.13916461054924767
1559047 -1.0598411121560416
1559324 -1.0681233948900912
1562318 -9.025530220534709
