4474623 -0.06700713739225839
4474954 -0.12270374868005922
4475261 -0.04208495230821602
4475597 -0.07525154040901638
4475858 -0.010065289232881192
4476197 -0.028272748536322112
4476617 -0.04471329469354479
4476980 -0.036992003343696955
4477339 -0.02970836574404223
4477680 -0.05701997249057429
4478029 -0.047061900770017276
4478304 -0.02786176050088409
4478692 -0.32561258714894326
4478950 -0.2831270073001497
4479368 -0.014235227073287948
4479668 -0.13642284850496833
4480022 -0.16065457024145322
4480354 -0.13768929422092582
4480583 -0.0540784477077636
4481056 -0.09244293239210927
4481303 -0.08947301634776439
4481646 -0.0933264185109236
4482005 -0.07230349674299115
4482481 -0.10155592058480989
4483067 -0.12690462690702986
4483388 -0.167127926147502
4483734 -0.00574519634076287
4484075 -0.7030746189949499
4484481 -0.08544010096978605
4484675 -0.27766081615390337
4485066 -0.15363938664254073
4485301 -0.0675400864226825
4485619 -0.03833309452546185
4485955 -0.005271928689135119
4486193 -0.37073282890704967
4486590 -0.2606774246899124
4486948 -0.12410392916807345
4487277 -1.4546474243760574
4487481 -0.2585010110475907
4487863 -0.5531404919397778
4488161 -0.17120934879640393
4488587 -0.26621382777043734
4488828 -0.04996979287162939
4489153 -0.03404549471782847
4489559 -0.03201675502200585
4489827 -0.045594191141812734
4490184 -0.03020006502193512
4490602 -0.08726543542934023
4490956 -0.062161829262224355
4491302 -0.04889837507468481
4491659 -0.04238003677074298
4492044 -0.08098924462187673
4492349 -0.059971567268798376
4492726 -0.02367512787056325
4492959 -0.23206452804102545
4493337 -0.0455305335975843
4493621 -0.03410522329835375
4493952 -0.02974355725307931
4494377 -0.09598284030351012
4494662 -0.4159100345676692
4495132 -0.005475130818411167
4495359 -0.0553918173807576
4495794 -0.14879014174588984
4496104 -0.141649927706135
4496425 -0.1782750002367255
4496742 -0.09754842668786412
4496929 -0.04957267920011321
4497253 -0.03357194370125338
4497584 -0.03876667143130885
4498038 -0.2610200086209806
4498293 -0.022795467158228888
4498693 -0.13791607811846762
4499043 -0.020788308500192976
4499374 -0.1149669553548689
4499726 -0.04200465483592897
4500146 -0.037690647704007985
4500419 -0.045255676712014026
4500867 -0.02372061013468918
4501081 -0.029053050577904527
4501407 -0.22513626593819436
4501842 -0.022728044198950248
4502110 -0.019364289298610893
4502452 -0.036770003030842435
4502869 -0.18748022952011745
4503147 -0.03278310853113686
4503502 -0.032626404749830584
4503903 -0.03613747308657378
4504245 -0.05058379389901557
