514328 -0.0002573784595916173
514580 -0.009953830511030937
515062 -0.004887723687685641
515436 -0.053456757798928445
515697 -0.0355646240274754
516063 -0.01143827026520361
516548 -0.008753572465052484
516922 -0.005637493293876528
517314 -0.0067117369271745275
517702 -0.03617815714597028
518089 -0.018386890440131642
518376 -0.007626365498041077
518886 -0.012358010078277193
519166 -0.038077386543919234
519552 -0.008694386441399637
519929 -0.011432353345271373
520297 -0.00678050591692958
520775 -0.013451124774132461
521034 -0.06138912391031193
521396 -0.035168410553592655
521759 -0.0034419303269865864
522142 -0.0162034819093273
522501 -0.016814585165445983
522874 -0.010610128346346781
523367 -0.021121935184834628
523743 -0.02983636870678802
524126 -0.14586115988559345
524391 -0.2248089920443988
524760 -0.07618434843375388
525121 -0.02186221576011471
525523 -0.02367989101762591
525854 -0.030053737453851315
526223 -0.023983283451682658
526586 -0.014717509659583294
526964 -0.02214538889202186
527350 -0.03176542737600843
527716 -0.019282521791125218
528087 -0.030072579828377202
528476 -0.032181194033857136
528848 -0.006208790263289743
529215 -0.01293712410557929
529593 -0.027663558852055847
530078 -0.01028989332035185
530444 -0.0022755568031823104
530717 -0.015767998107062087
531086 -0.0314652670912684
531456 -0.028017702289834245
531847 -0.06763071829796358
532238 -0.06750899034307875
532629 -0.051094360976623815
533007 -0.010867040465431521
533403 -0.01629478109791671
533778 -0.06725530257018386
534171 -0.03565403560570768
534556 -0.02133167361542143
534944 -0.03172288629139186
535330 -0.031095840282110654
535709 -0.028839164673441275
536096 -0.032999048914689466
536503 -0.19538699161456002
536825 -0.08734662432865736
537225 -0.1401961191329617
537593 -0.05876125069008942
538038 -0.054862854383578845
538285 -0.07704242720708143
538638 -0.04678941051237742
538982 -0.0769691374096319
539354 -0.021160529669752043
539721 -0.020078378060103208
540070 -0.02177251835194971
540420 -0.02867293133094939
540760 -0.028130528813598343
541110 -0.020735270945623996
541485 -0.024174424261557914
541880 -0.02169483146134432
542290 -0.018842909588867363
542705 -0.0234704140920603
543216 -0.027417901380921705
543609 -0.008812757267973925
543910 -0.01686447973208538
