3664391 -0.0058559014865318115
3664827 -0.0019568315178590256
3665263 -0.0030954531444881694
3665682 -0.0016553987568928008
3666090 -0.0017495845689445289
3666501 -0.00024300884587891147
3666901 -0.002362048299115349
3667296 -0.0011073763475167864
3667690 -0.0011770474967706113
3668103 -0.0016973871129102314
3668510 -0.004271539195553176
3668936 -0.004017599862262411
3669355 -0.0010063398617469188
3669796 -0.001982455982116993
3670258 -0.0031204868748030967
3670678 -0.00042522137346662214
3671047 -0.027489888220016356
3671450 -0.010810785589222549
3671837 -0.0019153259966507297
3672201 -0.0021139817249962167
3672532 -0.05624989008155373
3672888 -0.06135283631915878
3673278 -0.0013006032184056937
3673661 -0.0002782914556639371
3674064 -0.0008221662002861896
3674439 -0.018235938764258885
3674906 -0.0014213051805022081
3675383 -0.0012549710893760002
3675908 -0.0021804440026355065
3676341 -0.0022526916935546315
3676913 -0.001958870774745325
3677415 -0.002852348539202576
3677883 -0.00232713825449804
3678396 -0.00507044460850592
3678899 -0.0032846720784460715
3679377 -0.0030317719087631367
3679887 -0.0035484201781792457
3680413 -0.0011765270214729173
3680908 -0.00251494657052842
3681451 -0.0019348748026186136
3681936 -0.0026824048219384333
3682418 -0.0010842718431349763
3682953 -0.006367661304261085
3683477 -0.005554189346632377
3683992 -0.0025930169619060583
3684526 -0.0033645271371878227
3685045 -0.0027362739577837525
3685546 -0.004347866969090675
3686021 -0.0048718394179188
3686490 -0.0020839233729125217
3686898 -0.007369653876009685
3687350 -0.0018835682559139033
3687786 -0.0017525735030059497
3688172 -0.0269955109679183
3688578 -0.05573997809487008
3689011 -0.0011609107463951829
3689408 -0.0039622962452383614
3689819 -0.0028804722677497896
3690229 -0.00215179791998088
3690637 -0.0035591528996927746
3691095 -0.0040961861250145
3691635 -0.004315029814850935
3692164 -0.0035972314558890828
3692717 -0.0011573560778958547
3693227 -0.0035365724896170847
3693738 -0.007892228545682778
