3064422 0.9117760340458266
3064735 1.2368514358577918
3065056 1.154403312091509
3065373 1.0559506424130891
3065705 1.3869693564244323
3066052 1.2458085321830714
3066396 1.0747347233624294
3066761 1.3866135764979353
3067130 1.3977771844713576
3067491 1.066839109487788
3067848 1.4157023655112977
3068201 1.3133657431121402
3068542 1.1001483351728756
3068882 1.4536417160034512
3069229 1.4374526976817608
3069565 0.9820032595805805
3069894 1.0317147707635541
3070226 1.3285030889588796
3070588 0.9786669738401006
3070946 1.1809095306522979
3071332 1.190490800867062
3071701 0.8675366159616749
3072063 0.8722854524402035
3072437 1.3020696504038685
3072822 0.9414520273584988
3073177 0.7458463942297036
3073533 1.0321942245521953
3073898 0.9454698535666579
3074244 0.7921994001414056
3074591 1.0133303526027229
3074950 1.1027251833817187
3075303 0.8325970171783219
3075655 0.7725792643839793
3076021 0.9943183276086325
3076383 0.8560906907844279
3076732 0.7472661346803684
3077084 0.9559675166901076
3077439 1.213558521284249
3077773 1.1520335891348037
3078107 1.5683279014712346
3078432 0.8685903358200093
3078750 0.7942147486978999
3079066 1.0420322027507907
3079372 1.421861915069222
3079672 0.9943597696987259
3079971 1.4422650426939605
3080268 1.3421209635866869
3080561 1.1456778863718202
3080851 1.3476230065766786
3081037 0.8691852013292217
3081149 1.363607017839438
3081446 0.785320580589513
3081745 1.0648820334364206
3082044 0.9696334609102466
3082345 0.7918477223548894
3082650 1.1034264762094361
3082962 1.3024441623038694
3083276 1.1632607290134005
3083590 1.3116983778469349
3083904 1.3056098119863484
3084212 1.0607092200983355
3084514 1.289342253034001
3084822 1.7443227714316616
3085125 1.2507040698151461
3085731 1.2821180773828695
3086035 1.3408758175842888
3086333 0.9864769163405944
3086638 1.4169791231647595
3086959 1.554607019464294
3087280 2.088143868502255
3087586 1.438255973995002
3087896 1.6089866800392914
3088202 1.558024049084857
3088495 1.5774915224933985
3088785 1.3940885488779973
3089078 1.6581772216342792
3089386 1.7967845354040466
3089706 1.4768943038458402
3090016 1.3518482982971634
3090332 1.6788006383938936
3090663 1.8199177852788515
3090996 1.5133844876611424
3091307 1.3284856097086228
3091616 1.711334402996549
3091930 1.8442998978367215
3092242 1.5044588587278622
3092541 1.3507440585930888
3092842 1.6441649884084217
3093151 1.791049723768835
3093464 1.5519847389723616
3093769 1.3312865134652785
3094072 1.5166679541465937
