1114286 1.0129653810486423
1114658 0.8857090379794836
1115038 0.8690514094094554
1115411 0.9524967629572015
1115778 0.7510140476035951
1116140 0.9638136892675608
1116517 0.9606933605462866
1116899 0.7745159576026275
1117274 0.8976468371398958
1117665 0.9431029732260676
1118047 0.9071864429704759
1118416 0.7794659200636926
1118790 0.9142685397971696
1119159 0.9437211200138304
1119520 0.8124113051832453
1119885 0.8912260089574455
1120250 0.9670130587372123
1120609 0.8292898195774455
1120969 0.8128762158574468
1121342 0.9997755381488587
1121708 0.8971159102101124
1122075 0.8669340806836974
1122457 0.8402494408503314
1122825 0.9848048366444816
1123180 0.7799661728212914
1123523 0.9010334583369566
1123850 0.9183147985168414
1124194 1.0086098325009418
1124546 0.8361969302130425
1124901 0.6157679762813858
1125283 0.919050084154105
1125656 0.8325069300868583
1126022 0.8731288691830668
1126405 0.936036651141209
1126789 0.924185248253508
1127161 0.7613995310777609
1127529 0.9399599640343029
1127902 1.0129442314313188
1128261 0.7676697550363759
1128614 0.8825730991527168
1128989 0.9557017053992114
1129365 0.8572017943284843
1129742 0.817264956691016
1130144 0.9421209765378862
1130545 0.8889939481445353
1130930 0.796011817003637
1131311 0.866124260181119
1131686 0.89361313923767
1132049 0.7296488146417757
1132417 0.8021507706467729
1132787 0.9225434986762604
1133155 0.7979340003641076
1133534 0.9312042013622848
1133920 0.9375339125416569
1134283 0.7868012326636098
1134648 0.9133957798621374
1135026 0.9473776388538533
1135397 0.8043884146638176
1135784 0.8811396490679833
1136179 0.9627112697674276
1136561 0.8127338975164667
1136937 0.8344553186876114
1137336 0.921710509036131
1137731 0.9111007697429131
1138110 0.7455157975779356
1138488 0.9498323800230148
1138867 0.9087676012236532
1139227 0.7638965031123571
1139584 0.9037656196001083
1139944 0.9830438800067076
1140301 0.8184349999795648
1140662 0.8076371063263836
1140947 0.03224919429042006
1141393 0.9157174597015231
1141747 0.7781878856695548
1142101 0.913365868951894
1142452 0.9651678558007653
1142805 0.7778592402479612
1143154 0.8419942308849029
1143511 0.9253704320663823
1143863 0.8961133543556976
