6844405 -0.11519926340806474
6844689 -0.05217860286804715
6845082 -0.1197479261047496
6845265 -0.03998721998413102
6845623 -0.012169739516961375
6845974 -0.05453324113568425
6846234 -0.06084869093283718
6846472 -0.05425292055957398
6846779 -0.007727268822281197
6847181 -0.0801153070045979
6847475 -0.39154720333533977
6847870 -0.22778640199929048
6848084 -0.3846189132539868
6848381 -0.05959659226390768
6848773 -0.2418740477459358
6848976 -0.07727693495371685
6849402 -0.05736470720521408
6849654 -0.06924387236843937
6849881 -0.2584650773039827
6850185 -0.06625548944287007
6850591 -0.3012936416790686
6850820 -0.41150072029426354
6851136 -0.35859888735040557
6851364 -0.23317394268729386
6851792 -0.3342555411488357
6851993 -0.2243794801163721
6852314 -0.18631367130378518
6852713 -0.4805102558913168
6852970 -0.10084784920074297
6853331 -0.409090419432667
6853555 -0.04373313969965564
6853858 -0.14815085536083492
6854264 -0.07888826284789685
6854487 -0.07666262347288066
6854793 -0.08847787435051413
6855209 -0.011861301814416803
6855494 -0.24879910879994865
6855715 -0.3617377529497861
6856105 -0.04850595743440578
6856307 -0.3509754216141887
6856612 -0.03927883397656784
6856997 -0.2567790348938671
6857194 -0.3812112746602846
6857620 -0.12642646197743868
6857803 -0.06906273339389835
6858159 -0.42592706953713044
6858375 -0.14596038974374193
6858646 -0.03239188983023322
6859055 -0.1936831020454144
6859224 -0.05854205648103683
6859506 -0.13971494816201857
6859793 -0.08418225123671774
6860091 -0.08969539070586607
6860409 -0.08168453924579344
6860657 -0.06681344773054848
6860925 -0.14327596328207937
6861330 -0.15098018722583362
6861622 -0.00344007150609571
6861835 -0.11658739290960907
6862102 -0.18282614923287377
6862388 -0.1355595742095127
6862726 -0.20678710949955562
6863001 -0.5691625747601208
6863313 -0.1958336259598802
6863639 -0.188701617581856
6864054 -0.27439750823785036
6864288 -0.30160559088535044
6864634 -0.07971826101805668
6864982 -0.5402424493920226
6865359 -0.4307436396940061
6865640 -0.2374538199263463
6865966 -0.17375532676401795
6866268 -0.09966924513511638
6866706 -0.14250613657509004
6867010 0.0
6867268 -0.3699104653821901
6867526 -0.0954454217384737
6867902 -0.5131845455920255
6868224 -0.05932160903099959
6868401 -0.1357802420380917
6868670 -0.1292541416058518
6868950 -0.36855198364336794
6869292 -0.5616626227756553
6869539 -0.1105750051384393
6869769 -0.026393753256215735
6870042 -0.721641101137949
6870331 -0.12353088593473216
6870696 -0.38861374367190415
6870947 -0.4817911473567362
6871196 -0.09133897542403957
6871509 -0.08597861965474218
6871745 -0.23325689109591985
6872032 -0.476956006283611
6872292 -0.17193215676798823
6872497 -0.11204777295958762
6872890 -0.08646946492672347
6873043 -0.07653411031944235
6873396 -0.08334458847262774
6873679 -0.13857018734083743
6874012 -0.12891796699858965
