364489 -0.002506941665053386
364894 -0.026736423430326173
365198 -0.02280004471996555
365626 -0.029332363276328155
366110 -0.026230354147124102
366386 -0.029134161806483427
366777 -0.023727371017579157
367177 -0.012865123823740998
367676 -0.005072271744189283
368050 -0.008617885987283469
368330 -0.023509956873122462
368726 -0.026845417258266946
369110 -0.017747370099995385
369488 -0.017902545315413854
369878 -0.022000574942250828
370281 -0.03740310584205092
370775 -0.02177871983132762
371058 -0.055309953901379216
371437 -0.030518353109018848
371913 -0.022097851133935864
372203 -0.014362605006736306
372670 -0.012675868224917897
372945 -0.015789748109844848
373323 -0.023272687790377666
373709 -0.016118974538608888
374169 -0.031377118484954225
374442 -0.018719714719674707
374836 -0.02905156918534696
375218 -0.03731925422654503
375605 -0.01913953744132857
375998 -0.017834427605591063
376390 -0.020704718293853397
376789 -0.02373706894276023
377261 -0.009802163193051605
377636 -0.016195283355083356
377869 -0.006723849160457207
378224 -0.08937805787994679
378714 -0.018985964325479388
379057 -0.24302766824988387
379328 -0.039811868445775445
379695 -0.04011638719980015
380172 -0.03127038435352403
380437 -0.09426783155201712
380810 -0.10861767862468352
381184 -0.07776727640954756
381677 -0.030278386295087945
382051 -0.020002352685853264
382431 -0.010278336297183777
382693 -0.033496817852252114
383128 -0.05272481740264434
383470 -0.03205940960504372
383815 -0.06354438654166461
384156 -0.05550182487274041
384534 -0.03910964269341616
384919 -0.03990258541633318
385311 -0.052176295589989985
385583 -0.030747951575398058
385980 -0.08146526906125115
386455 -0.026882230245425492
386721 -0.011623706752618507
387216 -0.03783926376689045
387506 -0.03324994894404554
387872 -0.053515692512134505
388255 -0.06197299477584614
388626 -0.027514194752528753
389028 -0.05011860452065525
389383 -0.18346164535582699
389874 -0.1454422854751508
390265 -0.05457368625333181
390557 -0.13949633006348816
390940 -0.16846390619905904
391422 -0.20536349885623906
391783 -0.08684366300476032
392085 -0.11871013841266587
392445 -0.10058830202350022
392832 -0.04388741449465677
393208 -0.0296731542542249
393701 -0.03815097625782571
394013 -0.04152749951045975
