3394377 0.8120788704670038
3394730 0.7901811577855681
3395080 0.7279148102961002
3395438 0.6006192686497365
3395799 0.6890664423263241
3396149 0.4873740896659019
3396493 0.7367827248502765
3396846 0.7212733147632131
3397196 0.7277883141704737
3397549 0.6369962672624313
3397894 0.6559941984362863
3398246 0.7213834389209062
3398599 0.7527410739449403
3398965 0.7668130790770962
3399315 0.6488713251782757
3399657 0.6786240261023855
3400005 0.7554200308728545
3400356 0.7899311652839647
3400709 0.7710641283295947
3401052 0.6940658722804801
3401386 0.6805343865436256
3401717 0.7185018916078556
3402042 0.750039871239483
3402357 0.6712221013752009
3402664 0.5739903186750595
3402966 0.46579125803390886
3403153 -0.6905381786740803
3404583 0.38350870086366395
3404898 0.6142852282854196
3405205 0.6645235874221167
3405508 0.7718480525773515
3405811 0.776217915938059
3406119 0.6462087028756603
3406430 0.8218176800137216
3406747 0.8373852727878279
3407071 0.7856765093477289
3407392 0.7145658923537521
3407715 0.753545196054232
3408043 0.8190595160198314
3408375 0.7405658973492082
3408702 0.6264705871902272
3409033 0.759832481756002
3409387 0.8232628898550765
3409742 0.7718229335553748
3410054 2.5039592508786344
3410831 0.8299987031223828
3411114 0.7686044549035316
3411465 0.3835989920564453
3411827 0.7553666792433331
3412206 0.7714971156787193
3412570 0.6729315259507271
3412955 0.7806230197042078
3413351 0.7792021606562803
3413736 0.7003961874394843
3414111 0.7730468359502533
3414516 0.8378827786064614
3414895 0.8123901402773106
3415261 0.7309135377877192
3415620 0.7841547895819675
3415977 0.8776544540050628
3416330 0.8182919913844515
3416672 0.7429679631142949
3417015 0.8435944199728784
3417370 0.822470754800028
3417725 0.43055706473855815
3418063 0.6101526095098564
3418408 0.7511162721696776
3418766 0.7967334331200231
3419140 0.6993223611700149
3419521 0.7197937300500226
3419883 0.7390441287199698
3420270 0.918290791002796
3420652 0.8321530125501102
3421044 0.6335936105088726
3421426 0.878655037419549
3421803 0.8396670672421256
3422185 0.7929197384625968
3422568 0.7227110610941556
3422945 0.6969733996143437
3423316 0.9761692892634148
3423692 0.9573334775085852
3424073 0.6302182403733562
