184094 1.3457833526237608
184434 1.3989349459311224
184763 1.3008294264758173
185097 1.255328565661277
185436 1.3121696958219078
185785 1.2265870148913405
186135 1.287429080283429
186492 1.3438316409530602
186836 1.2664169693265923
187170 1.3700646567055215
187504 1.3383308032319712
187833 1.2885345631626355
188154 1.1996550669075123
188482 1.3399659507038377
188814 1.361586040777089
189147 1.1965214266281947
189474 1.3454769178459682
189809 1.3520552894291682
190140 1.3207019408378402
190468 1.2424317511307927
190809 1.3707856987600229
191159 1.3677689138908642
191503 1.1661789111134326
191845 1.2314969123978796
192193 1.2717877673827491
192533 1.2457516081483238
192867 1.156668087658272
193200 1.4185639631933542
193528 1.3295029282583106
193859 1.304170204603996
194199 1.4210286704413386
194561 1.3863633683483456
194913 1.2289644209066632
195264 1.3127418895644247
195607 1.4192581492422305
195938 1.2976101339755148
196271 1.254054124119454
196601 1.2943160975263281
196919 1.237489381429699
197239 1.4112495049389642
197557 1.4287809294209393
197873 1.3155342438839124
198192 1.4231624833708234
198519 1.384040416801127
198844 1.152669871960156
199164 1.2272209739350184
199492 1.217021215361353
199813 1.1384018449963844
200136 1.2606205335919944
200463 1.253163074151419
200784 1.1580189995989978
201110 1.3259702287549633
201437 1.2373438349421795
201765 1.2515438916966928
202108 1.3111556699089297
202449 1.263170753014649
202783 1.1707610310496561
203114 1.2855026043963154
203448 1.259938216214319
203768 0.7888782016728388
204083 1.3538286991319308
204401 1.4127681676448423
204712 1.2626432716382592
205035 1.3951568942688692
205361 1.3336450441189107
205681 1.2713175580232574
206002 1.398214622108116
206332 1.3678530378785663
206658 1.2570116707668844
206981 1.3495236738135201
207302 1.3340227982736463
207617 1.213686086269389
207935 1.3619792718435795
208260 1.3115473691836432
208582 1.2532390609093493
208906 1.3285716572790478
209237 1.3463959787061017
209562 1.2588136268183183
209886 1.3385083940166032
210214 1.3185529282312243
210536 1.2051959307903348
210859 1.323151664752815
211182 1.3695116282652187
211500 1.2222150299052836
211816 1.3393238837111345
212135 1.3508508846624334
212452 1.3046228431037772
212765 1.4191320462090125
213085 1.5172150729076712
213401 1.4328360865473433
213711 1.4160857230098753
