4054339 1.7289127596792135
4054632 2.0153044257688473
4054930 1.9208850915598303
4055226 1.6790846562552664
4055524 1.9305935857634
4055830 1.9816367333555784
4056137 1.6813490810408007
4056440 1.8371465978937371
4056755 1.9126224890018615
4057073 1.727800368951877
4057387 1.8050374760648742
4057700 1.7773440955993334
4058014 1.5043274632535053
4058325 1.6673812917863442
4058653 1.8517171942225545
4058987 1.769076708853225
4059324 1.7511080812568454
4059656 1.8232164708719418
4059982 1.302223333408623
4060301 1.8428585621623286
4060616 1.5403455876251526
4060924 3.3984449522714337
4061233 1.9061250153900053
4061544 1.7125637386108867
4061857 1.7331428111419809
4062175 2.0139564137466492
4062494 1.954362323102079
4062815 1.9663871625988236
4063133 1.854044850436644
4063456 1.9533062126292386
4063769 1.7379485895966333
4064078 1.7518973624536385
4064379 1.8092549889403648
4064676 1.986004621362527
4064969 1.9900771883239872
4065263 1.8588863996156157
4065557 2.046473307270307
4065860 2.0414734282945872
4066165 1.844911494602062
4066468 1.9797038674179064
4066775 1.8398721468079637
4067084 1.9894287325615112
4067407 1.9152138482422847
4067727 1.3558991300423653
4068041 1.5023254671443036
4068353 1.5186444059742414
4068668 1.56733538938227
4068995 1.7057678958485833
4069322 1.634691876511396
4069664 1.9114916208680228
4070008 1.690815541843119
4070350 1.81248828280434
4070697 1.984218261637436
4071037 1.8211198427454485
4071371 1.7083041471457576
4071706 1.5632118648942193
4072033 1.6213998396035225
4072366 1.5405283437549548
4072699 1.738906848170616
4073035 1.5130005018618076
4073362 1.7790660952030137
4073691 1.8046695495332408
4074014 1.4057249368973492
4074325 1.549351855821452
4074649 1.6787222627627125
4074974 1.4187191010898021
4075308 1.6800128326824166
4075637 1.614073996466129
4075964 1.741141357721207
4076298 1.6255296261760308
4076629 1.7175806642682412
4076962 1.791335769285006
4077294 1.9427018736244699
4077634 1.9456940061441128
4077980 1.7885409130388543
4078309 1.3237868909785935
4078633 1.4135451443696652
4078953 1.3732228310273107
4079267 1.6782422553072136
4079577 1.4454251739888022
4079887 1.21300583656131
4080199 1.390660002687358
4080516 1.3682147863771894
4080832 1.5435063463965102
4081157 1.5585009073142104
4081488 1.531253456970011
4081830 1.7612838484104945
4082176 1.6592327101287911
4082512 1.6182491690684948
4082856 1.832201497094776
4083199 1.7859315432837837
4083535 1.6040181376287659
4083869 1.8365117310110854
4084202 1.854327160310747
