2074410 -0.0013829496678962605
2074915 -0.0009689136842102597
2075423 -0.0009020046407943183
2075898 -0.0014243259126460739
2076371 -0.0010319975696574946
2076859 -0.0013835026182054122
2077353 -0.0021025304104689835
2077843 -0.0008919763588508545
2078311 -0.0006777749831363145
2078790 -0.0031491577629803036
2079302 -0.002023602665751967
2079806 -0.0019549351428685413
2080282 -0.002898054103459613
2080753 -0.0015176799052537548
2081256 -0.0013429344589865333
2081766 -0.003607615460408997
2082258 -0.0013758257597972778
2082727 -0.0021957149256428
2083228 -0.003277538024408999
2083745 -0.001017007992822505
2084254 -0.0026113787766680052
2084731 -0.001273978963057587
2085235 -0.0011517113263875278
2085760 -0.0011200714296534797
2086275 -0.0015725553057171493
2086766 -0.0019289972433158553
2087278 -0.0019513825367646898
2087794 -0.0007209101351444702
2088295 -0.0017376915749529043
2088763 -0.0023209879315734816
2089249 -0.0002401714794645904
2089724 -0.0021608535364306403
2090190 -0.002032100422747596
2090636 -0.0013098482014756718
2091096 -0.0048400387240222775
2091579 -0.003344099079973295
2092062 -0.001437117713753766
2092534 -0.0021412908199149316
2093049 -0.0008514791130445065
2093564 -0.0026468815682230695
2094074 -0.0010225008475933661
2094559 -0.0033710074649294652
2095072 -0.0009904625890269636
2095587 -0.004315227617865125
2096097 -0.0034383529209954244
2096593 -0.0005533321632635313
2097092 -0.0014045224142836266
2097593 -0.004262278545516807
2098109 -0.0011302497640132136
2098577 -0.0011017460819562341
2099047 -0.0014547519614731552
2099540 -0.0027196795028474052
2100058 -0.0006662628239141877
2100563 -0.0023443329729245233
2101039 -0.001238626856709335
2101530 -0.0012408949707398143
2102027 -0.002804552124279047
2102537 -0.0018752429201493448
2103020 -0.0032151727467770175
2103505 -0.0031245464705454973
2104026 -0.0032550834468327294
