39150
45217
45217
45217
51551
56423
57184
57184
57184
57184
56423
48296
45217
45217
48296
43588
43588
48296
59320
48296
48296
48296
48296
48296
59320
59600
60872
62366
64553
69969
83579
107087
107087
107087
107087
90156
90156
90156
84832
69969
68628
68628
67639
63614
58836
53449
47960
44826
33396
32872
32762
29253
29253
27313
26388
25054
25054
25000
23949
25000
25000
25000
25000
25054
29253
29348
191038
210715
217718
217718
217718
217718
217718
217718
217718
210715
208897
96626
60568
59715
39557
39557
39557
39557
36449
29083
28444
26600
28444
28444
29083
29171
31564
31564
31564
29171
29083
27679
27679
26939
27486
27679
29171
29171
33243
46158
46158
46158
54630
96796
109518
148950
149118
149118
149118
149118
149118
149118
149118
148950
139975
139975
148950
148950
148950
148950
156231
156231
156231
156231
156231
156231
156231
120431
109325
198519
198519
174444
140788
129303
109325
59534
58435
54273
54273
59534
59534
59534
59534
59534
59534
48878
47877
42162
42162
41190
41190
41190
34971
28795
26569
25006
24103
23958
23197
23197
23197
23958
23958
23197
21756
21756
21756
21756
20975
20975
20975
20975
20975
21756
21756
21756
21320
20975
20975
20975
20975
20975
20988
21320
21320
21320
21320
21320
20988
20988
20988
21553
26514
30057
39259
53315
62324
220166
220166
220166
220166
220166
220166
220166
220166
216185
66241
46011
35056
29817
26639
26187
24104
22235
22235
22235
22235
22902
22902
23441
24104
24391
24391
26187
26257
26257
26257
26257
26257
28184
28184
28375
30373
30373
30373
46353
50814
79532
109237
126811
138210
149990
149990
152256
164791
214868
215756
219780
214868
220487
235342
276107
312728
320017
320017
320017
320017
320017
312728
302470
276107
257864
233234
233234
198668
157279
116299
93966
93747
56919
56919
36838
22960
22815
22815
22559
22446
21356
21356
21356
22559
22559
22559
22808
22815
22815
22808
22808
22808
21569
21569
21569
22808
23915
24679
24679
24679
24679
31388
34803
34803
36995
39934
45371
45384
47617
47617
47617
49460
47617
45384
45371
45371
45384
45371
45123
45371
45371
47617
47617
77942
86991
163154
169007
179671
196806
196806
196806
196806
208308
238952
243313
253548
253548
287534
287534
238952
238952
238952
238952
237603
237603
237603
223043
197648
154896
145531
131708
122406
122406
114466
114466
114466
122406
131708
131708
142691
197648
300884
300884
300884
300884
300884
300884
300884
300884
277186
266276
221474
221188
221188
221188
212240
212240
212240
212240
212240
212240
212240
212240
212240
212240
212240
212240
212240
212240
212240
248842
248842
248842
248842
307109
307109
307109
307109
307109
307109
322224
322224
322224
277341
262373
226537
215760
210623
210623
210623
210623
215760
258894
262373
262677
262677
262677
272625
272625
272625
272625
272625
272625
280550
280550
299348
280550
272625
271870
260944
223021
212693
186806
172194
172194
172194
169119
146237
146237
146237
146237
146237
169119
182388
186806
217182
228257
256021
256021
273061
273061
273061
273061
273061
256021
236749
236749
236749
236749
273061
236749
236749
231844
231844
217179
217179
217017
205376
171590
154978
146284
133500
117460
99898
97090
97090
97090
97090
97090
110147
133500
133686
133686
133686
231161
232381
237537
238312
238312
239259
239259
239259
239259
237537
237537
231161
186545
145670
145670
145670
145670
145670
115092
107699
107699
107699
115092
127894
145670
147901
147901
147901
147901
127894
127894
127894
127894
137439
137439
137439
137439
123141
123141
114505
90084
57253
88474
88474
86831
57253
57253
57253
57253
62252
62252
63836
63836
62252
57103
62252
63836
63836
63836
75422
75841
84029
90782
91764
96485
99052
127368
143862
166019
166019
166019
166019
166019
127368
127368
106487
106487
67507
38036
35917
31551
31544
31544
31544
31544
31544
31551
34630
31544
31544
31544
31481
34460
34460
34460
34630
35652
35652
34630
34460
30906
30906
30906
34460
34460
34460
34460
30442
30442
28321
28098
26863
26863
28098
28098
28098
28098
28098
28098
26863
26863
26863
23600
23467
22485
23467
23600
23600
23600
26029
38154
38154
38154
38154
42438
42438
42438
46035
47816
50299
50299
47816
47816
50299
47816
47816
42438
39651
37974
36328
32582
29132
27898
27898
24804
22692
22670
22501
22308
22308
21090
21090
21090
21090
21073
20879
20498
20498
20498
20498
20498
20498
20498
20879
21879
21879
21879
21440
21440
21440
21440
21440
20253
20122
20122
20122
20253
20770
20770
20770
20770
20770
20770
20253
20253
20770
20770
20813
21002
21002
21002
21028
21197
21197
21197
21197
21803
22497
22900
22913
23079
23079
23079
23079
23079
22913
22900
22900
22367
22192
22139
22139
22139
22139
22139
22139
22139
22139
22139
22219
22219
22321
22321
22307
22307
22307
22291
22219
22219
22156
22026
22026
22026
22016
21952
21952
21932
21932
21824
21253
21126
20997
20877
20820
20820
20704
20591
20569
20569
20569
20243
20239
20177
20239
20449
20449
20569
20569
20591
20591
20633
20633
21045
21321
21891
22166
22166
22944
23083
23832
22944
22944
22944
23832
23832
23832
23832
23528
23528
23528
23832
24871
24871
25495
25495
25495
24870
24870
23528
23025
23025
23025
18531
17989
17989
17049
17036
17036
17036
17036
17036
17036
17704
17989
19372
19888
20353
20426
20703
20741
20779
21038
21674
21674
21674
21674
21896
22309
22995
23325
23642
24093
24479
24584
25154
27422
27422
27487
29004
29004
29131
29438
30578
30578
30672
30836
30836
31173
30836
30578
29438
30578
30578
29438
29438
29378
29090
25944
24942
18761
17013
16049
16049
15346
15346
15283
15166
14469
14469
14469
15166
15283
15346
15953
16093
17772
25561
25740
25848
25848
25848
26082
26082
26082
26048
25848
25848
26038
26038
25848
25791
24977
24931
23529
24401
24401
23713
23713
23713
23713
24401
23713
23531
23529
23529
23531
23672
23713
23922
23922
24480
25131
25131
25131
24480
24480
24589
25131
25304
25508
25304
25304
25304
25304
25131
24589
23745
18285
16541
16541
16541
16541
16532
16175
16175
16175
16177
16175
16177
16285
16532
16541
16734
16970
17156
17156
18672
19973
19996
20213
21954
22659
22892
23613
24355
24355
24355
23613
24355
24355
24355
24355
24355
22892
21078
20698
20074
18962
18306
18194
18194
18194
18306
18306
18685
18807
18685
18175
18685
18685
18807
18942
19546
19653
19653
19653
19653
19546
19546
17704
17175
17175
16608
16603
16064
16061
16043
15705
15463
15463
15329
15002
15002
14921
14907
14788
14788
14241
14160
14038
12156
12156
12156
12058
11990
11944
11944
11944
11990
12058
12156
12483
12630
19708
19818
19818
20425
21248
21248
21251
21620
21251
21251
21251
21248
21158
19818
19695
16273
16113
16113
15825
15825
15825
15825
15825
15825
15825
15825
15825
15825
15609
15609
13091
13036
12959
12959
12959
12959
12959
12959
12959
12959
18639
18837
18837
18837
18837
18837
18837
18837
18639
15371
14657
13610
13442
13442
13442
13442
13442
13442
13442
13442
13442
13502
13610
14147
14234
15569
16108
16126
16126
16126
16108
15569
14234
14234
14234
14234
14234
14022
13231
13194
13194
13194
13174
13174
13086
13174
13194
13231
13231
13231
13526
13600
13814
13825
14902
14902
14902
14902
14926
14926
14902
13825
14031
13814
13452
13379
13243
13243
13243
13243
13243
13243
13243
13139
13139
13139
13139
13026
13026
13026
13026
13026
12929
12929
12929
12929
12929
13026
13200
13200
13407
13546
13574
13809
13809
14181
17195
18401
23646
23646
23646
23646
23646
23646
28699
28957
28699
27469
23646
23646
23493
22085
22085
22085
23493
23694
23694
23694
23694
22376
22376
22085
22085
22085
22085
22118
22118
21715
21672
21672
21630
21630
21264
21264
20797
20259
20259
20259
20259
20052
19641
19641
19494
19297
19283
18805
18365
17716
16910
16910
16910
15903
15903
15903
15903
15903
16137
16690
16690
17053
17140
17750
18462
18622
18622
18622
19462
19541
19782
20233
20233
20739
20739
21371
21371
20233
20233
19541
18690
18460
18690
18690
18690
18690
18690
21371
26571
67125
85334
85334
100266
143361
156326
224461
243494
246552
246552
246552
263087
291880
295532
600937
613503
613503
613503
642831
642831
642831
642831
642831
642831
648813
648813
642831
642831
613503
613503
648813
681802
688977
688977
697791
697791
697791
697791
688977
681802
673916
673916
666649
666649
610787
601762
519817
492705
262401
262401
254228
254228
240345
234933
214573
214573
214573
225215
225215
225215
214573
214573
225215
214573
203464
203464
182918
159110
159110
128165
91934
91934
91934
91934
91934
91934
91934
91934
116048
201936
249439
254456
254456
254456
254456
254456
254456
256619
254456
254456
244567
229971
203415
201130
182309
154418
51435
40696
39740
39740
39740
39740
39740
36051
36051
36051
36051
40339
41465
41863
41863
41863
46181
48265
48265
48265
48265
48265
61622
209292
211600
213032
213032
213032
213032
213032
217472
220157
217472
217472
215190
215190
215190
215190
204526
204526
204526
204526
204526
204526
207866
207866
207866
207866
207866
221284
236275
248794
264065
298816
298816
298816
298816
298816
300414
298816
298816
303528
313124
298816
298816
293401
291714
282779
282314
282779
282314
273937
273937
270731
270731
270731
270731
270105
270105
265969
265969
265969
259300
256777
232415
219718
206252
182679
168693
153267
151220
125919
125919
111912
66468
66468
58492
58492
57738
52108
52108
52108
52108
43654
52108
57738
59490
59490
73916
73916
109152
109623
111793
113181
159824
159824
202910
209059
209059
209059
209059
219684
219684
227399
227399
219684
209059
166454
166454
163023
142708
125859
106698
106698
106698
106698
68238
44661
38903
34322
33643
32412
32063
30789
30740
29277
26835
26835
26835
29277
30789
30789
32063
33643
56575
71285
71618
83916
93570
96862
96862
96862
103817
103817
96862
93570
89515
89515
89515
89515
88788
88288
86243
86243
86243
86243
88288
88288
88288
88288
88788
142130
150412
171132
171132
171132
171132
171132
171132
165068
165068
150869
150412
74625
42585
41501
40825
39931
39931
40825
41501
42585
147171
150869
147171
147171
147171
152578
165899
169970
169970
169970
169970
169970
169970
169970
169970
175600
201097
201097
180101
175600
169970
155678
155678
180101
192970
193174
211817
211817
211817
193174
193174
193174
203024
211817
216426
220379
220379
216426
216426
220379
228027
228027
228027
228027
228027
228027
228027
231976
233638
228027
228027
228027
228027
233638
228027
212920
212297
204899
200140
195364
163345
156825
145412
108423
41883
35235
33555
32542
32542
32431
32431
32431
32542
32542
32542
33555
38887
41006
45017
45017
45017
45017
45017
45287
45559
45287
45017
42631
42631
42628
41500
41500
40866
40526
40526
40866
40866
40526
40526
40526
40866
41500
45325
45325
48884
74840
79831
83101
94511
94511
94511
94511
94511
87508
83101
83101
83101
83101
83101
87508
94511
101117
137739
217441
217441
217441
217441
217441
217441
217441
217441
81081
50255
41929
39082
39082
39082
39082
39082
41929
41968
48538
50255
48538
48538
41968
41968
41968
41968
41968
24536
24536
24520
24520
24520
24520
22047
21928
21796
21796
21796
21928
23418
23418
24886
25622
25622
30691
229446
232407
234769
234769
234769
234769
236478
245021
245021
262741
245021
236478
236478
185517
150996
150996
150996
117789
150996
150996
150996
139881
117789
109530
88525
88525
88525
88525
109530
109530
109530
109530
118490
118490
139881
289846
306560
323831
335361
341124
392847
403414
403414
409763
425761
403414
403414
403414
403414
403414
403414
401274
401274
401274
372677
219885
215192
203891
189885
155352
143910
143910
143910
143910
143910
150940
189885
192838
203891
203891
203891
204533
219465
253895
282166
291455
291914
291914
291914
291914
291914
291914
241505
215720
208618
208618
208618
193890
179886
102301
76306
51356
51356
51356
51356
51356
51356
51356
76306
95065
172119
172119
172119
172119
172119
172119
172119
173555
173555
173555
198891
198891
198891
241145
242588
246871
246871
246871
247589
251044
251044
251044
247589
247589
247589
218040
201320
188756
184938
181734
181734
184115
181734
181734
181734
184115
184115
184115
181734
184115
184115
184115
181734
181734
184115
184115
198097
201701
223375
201701
201701
223375
236564
240631
240631
236564
236564
236564
236564
228923
228923
228923
236564
303689
303689
303689
228923
202893
199541
194099
183030
183030
183030
183030
171883
167205
167131
167131
167131
167131
167131
167205
167205
167131
167205
180264
188300
189745
189745
203074
213248
215126
221062
222028
246006
246006
260710
260710
260710
260710
275201
275201
275201
275201
260710
243701
208994
193636
193636
193412
188864
186972
186972
186972
186972
186972
186972
186972
186972
188864
193412
198324
227495
227495
227495
227495
260835
260835
262200
262200
262200
262200
260835
244610
244610
235510
235510
235510
235510
244610
260031
244610
260031
260031
260031
260031
260031
260031
260031
231108
223537
167425
140973
96812
94194
89788
72161
72161
62458
62458
62458
65543
65543
65543
63834
62458
62458
62458
60127
59022
59022
59022
59022
57634
57634
58802
58802
58802
57634
57634
58802
59862
58895
58895
58895
59862
58895
58802
58895
58895
58895
58895
56128
57226
58895
58895
57226
57226
59658
59658
59658
59658
63710
63710
63710
67016
63710
63710
63710
63710
59658
59658
59629
59629
59629
57696
59629
58292
57696
56146
55956
56146
57696
57696
57696
57696
57696
51639
51193
50751
49531
48652
40197
36750
29300
29300
29300
29300
29300
29300
40197
40197
47280
47280
47280
52644
54140
54455
54455
54455
54455
54140
52652
52652
50689
50689
52652
50689
50689
50689
47812
43583
43155
27220
27146
27065
27065
24687
24002
23637
22802
22670
22363
22238
22238
22238
22293
22363
22363
22363
22293
22238
22238
22238
21900
21853
21853
20783
20699
20386
20386
20386
20386
20386
20386
20699
20699
21506
21680
21680
21681
21796
22656
23130
23297
23423
23936
24232
46150
46150
46150
46150
46150
46150
46150
46150
42758
26595
26174
26174
26174
26174
26174
26174
26174
26204
26485
26485
26485
26959
26959
26959
26959
26959
26485
26485
26269
25225
24977
24448
24448
24448
24268
24053
23976
23866
23841
23464
23292
23292
23292
23292
23464
23480
23528
23528
23528
23528
23528
23480
23480
23480
23480
23480
21526
21027
20909
20909
20909
20909
20909
20909
20909
20774
20774
20965
21027
21163
21175
21178
21277
21909
22124
22124
22147
22201
22201
22366
22366
22366
22366
22971
22971
22971
22971
22304
22201
22028
21517
21464
21215
21215
21215
21082
20867
20867
20866
20866
20558
20558
20866
20610
20610
20867
20930
20930
20930
20930
21054
21075
21075
21075
21054
21370
21370
20930
20930
20930
20362
20076
20076
17969
17902
17865
17714
17714
17610
17610
17610
17616
17714
17714
17714
17748
17748
17809
19111
19889
20540
20645
20821
20827
21036
21513
21513
21306
21513
21513
21602
21914
21914
21914
21914
21602
21513
21306
21306
21306
21306
21081
21081
21081
21081
20921
20921
21081
21551
21551
21551
21740
21740
21740
21551
21450
21450
20728
20728
20728
20861
20861
20861
20728
20681
20681
20681
20681
20711
20711
20711
20681
20681
20642
20521
20364
20260
20135
19117
18856
18820
18820
18820
18820
18820
18820
18852
18856
19117
20031
21609
22081
22283
22361
22450
22450
22450
22472
22902
22902
23231
23843
23843
23843
25525
28929
29714
41119
41292
41924
41924
43117
43531
44210
44983
44983
46417
46491
52821
52821
73062
106869
106869
106869
106869
106869
106869
106869
78843
73062
45213
34635
28628
26118
26118
26118
23592
23538
22742
22280
22120
21435
21231
21231
17850
17850
17850
17850
17850
17850
17850
21870
24776
25845
27630
28627
28818
29261
29261
29261
29261
28818
29261
29261
29261
29261
25982
25979
25785
25654
25648
25648
25648
25634
25634
25648
25648
25648
25785
25790
25845
25899
25916
25966
26307
26309
26321
27103
27223
27344
27656
27972
28079
28499
28705
28705
28761
28988
29077
29198
29212
29212
29212
29198
30080
30080
30080
30080
30080
30080
30080
30080
29479
29031
26289
26032
26017
23167
22501
21906
21906
21906
21906
21906
21906
22501
23167
30545
30861
30885
30885
31305
33928
33928
33928
31305
31305
30885
30545
27623
24433
24362
24362
24362
24362
24362
24362
24362
24433
24815
25237
25405
27011
27859
28103
28402
28402
28508
28625
28508
28402
28402
28402
28402
27011
23930
19606
19383
19070
19070
19070
19070
19070
19070
19070
19383
20002
22265
23324
23566
24603
25017
26156
26378
26378
26378
26378
26378
26156
25073
25073
25017
24603
24248
24061
23254
22894
22894
22848
22848
22848
22848
22848
22848
22894
23471
23585
24421
24421
24421
24511
24511
24511
24511
24511
24456
24421
24456
24456
24456
24456
24456
24314
24456
24505
24456
24314
24505
24505
24505
24505
24505
24295
24280
22326
15554
15514
15514
15514
15514
15514
15422
15311
15311
15311
15311
15311
15162
12919
12919
12919
12919
12919
12919
12919
12919
13124
13308
13308
13323
13817
13932
14459
14628
14628
14628
14858
14858
14858
14628
14660
14660
14660
14724
14724
14724
14724
14660
14593
14660
14724
14724
14724
14724
14724
14724
14741
14762
14786
14887
15013
15013
15401
16159
16351
16351
16351
16384
16429
16441
16511
16511
16511
16579
17178
18473
33863
33863
33863
33863
33863
33863
33863
33863
19633
18712
18712
18712
18712
18712
18589
18469
18589
18712
18720
18720
19055
20285
25241
26164
26164
26187
26187
26298
26298
26388
26570
26570
26570
26570
26570
26388
26388
26388
26388
26570
31619
31697
31967
31967
34766
48850
51743
92190
181835
193694
204857
209019
234223
234223
234223
234223
234223
234223
234223
212490
234223
250204
286994
287410
292405
303501
303501
323080
323167
338405
347912
456148
598112
639623
662426
672249
680192
680192
680971
680971
680192
680971
680971
680971
680971
680971
680971
680192
680192
670365
666057
659085
659085
647908
631930
631930
631930
631930
628900
624169
549753
543356
543356
504807
297093
60103
60103
58316
58316
58316
58316
58316
56862
58316
60103
68205
72179
72531
73934
75460
77292
97819
239324
421288
434846
453781
464493
479343
481478
586485
590269
594831
594831
598926
603100
598926
598926
598926
594831
590269
590269
560866
511582
472549
408137
329096
310822
301319
296375
296375
296375
296375
296375
296375
296375
296375
315604
324267
420339
443215
468090
469805
469805
469805
469805
469805
468090
420339
315604
266174
266174
266174
266174
266174
266174
266174
266174
297502
298165
298165
312506
338673
338673
343408
343408
338673
338673
338673
343408
338673
334032
333954
333954
331511
331511
317137
306898
292199
275216
232352
232352
225138
225138
118621
84726
81264
63985
54356
54356
54356
52887
52887
46832
46832
44727
41117
41117
41117
41117
46832
52356
57215
57215
52356
52356
57215
52356
52356
52356
57215
79776
79776
52356
45098
41964
41482
38822
37385
