2641022 1.3968934814477625
2641417 1.260724474943758
2641799 1.2540261047411285
2642176 1.4438777273788765
2642550 1.2758884242315192
2642922 1.3556060757479358
2643293 1.332960073026012
2643661 1.1571438793820605
2644054 1.2459563091028953
2644437 1.3788435816118163
2644814 1.3237054228961014
2645185 1.2514442572014586
2645554 1.2548445147017926
2645917 1.2903837505244367
2646280 1.1402535028054148
2646626 1.0389307316907042
2646969 0.8961459038297224
2647317 0.9099031166472679
2647667 1.0520675064146023
2648013 1.3064269498447398
2648356 1.3759249119839996
2648699 1.4378113286433503
2649035 1.4540256791910124
2649367 1.4553292456341034
2649698 1.3951024940968044
2650026 1.2862387663139347
2650350 1.3169345684882723
2650671 0.9337464279270785
2650988 1.3528233724398575
2651303 1.4863311624357043
2651616 1.2262567859623452
2651925 1.1409223203588066
2652235 1.399323800635361
2652543 1.3876852230792862
2652852 1.271364990768475
2653157 1.3181564594488087
2653469 1.4083149992621173
2653781 1.3978157729559064
2654094 1.2090710257974249
2654407 1.0141639581952584
2654715 0.9864255437413394
2655027 1.059895225142078
2655348 1.3448683117794609
2655681 1.4361922400818758
2656016 1.2584893678098195
2656353 1.2501553497651428
2656700 1.374940362353719
2657062 1.593763805781889
2657419 1.528020082407303
2657773 1.2973928324807655
2658121 1.477461700928558
2658459 1.320391685324981
2658789 1.17000605198812
2659115 1.445323370270341
2659438 1.6628477015592433
2659760 1.490682321825029
2660077 1.2740535952250627
2660393 1.364972579819998
2660707 0.9198080059153003
2661017 0.515518335806651
2661330 1.6657170275337843
2661647 1.5070600583575533
2661969 1.2267827041885315
2662290 1.1266857744276026
2662616 1.4529816379090552
2662947 1.5195571251789048
2663277 1.308739560342338
2663608 1.5358913310656868
2663940 1.6376854298306949
2664271 1.3929262513657545
2664603 1.1651661831596996
2664933 1.4288261959199917
2665264 1.4221343868103271
2665594 1.2703657178034309
2665924 1.2132971704769004
2666250 1.3264390888576758
2666576 1.2200962258466599
2666900 1.2808620153742303
2667219 1.3476336593456255
2667537 1.412875218920374
2667853 1.3731366518907469
2668167 1.3036471485822638
2668481 1.0876697183454516
2668792 1.374957323920996
2669104 1.4726463343696117
2669414 1.3120282964823091
2669721 1.036634017842822
2670028 1.2663616935632038
2670337 1.3657969235101144
