4648190 -0.028265714292045385
4648535 -0.055475186550812905
4648873 -0.10826316036895878
4649211 -0.09628902061376077
4649559 -0.11576329120064854
4649913 -0.11148242923597773
4650267 -0.15061422245889244
4650628 -0.07895986505857033
4650998 -0.09219056651125146
4651370 -0.12689009497645176
4651743 -0.12726046826447085
4652123 -0.09966307593372947
4652493 -0.20772452915431638
4652866 -0.1926414289632059
4653247 -0.09508078208891896
4653625 -0.10712972808779819
4653999 -0.0899516117176753
4654415 -0.22807288935909487
4654708 -0.12610406857251677
4655049 -0.10745581909729374
4655390 -0.08049976665215575
4655735 -0.12721288203079
4656085 -0.12709345012970252
4656428 -0.17910386365235978
4656762 -0.14178039866374986
4657094 -0.1296880789104595
4657422 -0.16702548905732995
4657751 -0.10325588337270508
4658083 -0.057805949640631904
4658427 -0.07028886483198271
4658787 -0.11213351350564338
4659120 -0.19405049668959795
4659469 -0.11674303844750455
4659822 -0.04303930231469444
4660277 -0.0379697860123116
4660615 -0.09249070192957798
4660973 -0.05940385824686456
4661218 -0.10511530933866853
4661553 -0.07842167178438464
4661882 -0.05543736391679621
4662287 -0.10009737182969958
4662539 -0.04226009249414492
4662865 -0.20028702403150878
4663191 -0.05822333225309917
4663575 -0.10913555997942082
4663845 -0.15532248465319848
4664179 -0.11107284114246146
4664521 -0.05289284939433514
4664875 -0.30530689330225447
4665224 -0.20468614282062858
4665461 -0.3424469401630399
4665567 -0.3020178930849029
4666036 -0.19456073340377444
4666226 -0.09796899248181723
4666565 -0.13558957867109955
4666921 -0.1506369682631845
4667297 -0.11525533629684126
4667653 -0.17160794365419618
4668012 -0.2761039155718741
4668370 -0.10087564238977575
4668729 -0.061558889668350325
4669075 -0.07867451479395737
4669419 -0.16121723000241084
4669758 -0.1877215515396311
4670089 -0.11269000196900425
4670429 -0.11068874919722815
4670781 -0.16963202118695953
4671132 -0.19349633052095982
4671485 -0.10707636155436687
4671829 -0.31863939286329435
4672167 -0.169798971744728
4672511 -0.1589804534791792
4672931 -0.17014476612760998
4673316 -0.14487897276434442
4673632 -0.13280526293041348
4674006 -0.056550782154368845
4674371 -0.049817587971541843
4674728 -0.131904646259136
4675079 -0.10670746814773902
4675435 -0.058275737229049995
4675791 -0.05053285822344328
4676146 -0.12495056129714571
4676500 -0.089268590766306
4676975 -0.07467952184282078
4677277 -0.18484346282875636
4677520 -0.14162110248273652
4677720 -0.13314274176042606
4677857 -0.14433522650781683
