1891941 -0.04634671975074267
1892278 -0.06241160322295641
1892615 -0.06884356948548043
1892951 -0.09104946483937493
1893285 -0.07307332990208137
1893619 -0.06657966044712399
1893953 -0.06788292112160194
1894284 -0.07419011966821026
1894614 -0.09823055207031478
1894945 -0.08991756877435386
1895275 -0.06300923095158217
1895606 -0.061905109702068695
1895939 -0.06678714011869424
1896273 -0.056153164030090186
1896604 -0.08518223224340699
1896935 -0.09108658836749339
1897269 -0.07529814701478577
1897604 -0.06196977055790159
1897938 -0.06529281361987238
1898273 -0.08906309348775476
1898607 -0.10232962379447214
1898942 -0.0721644663911506
1899278 -0.064745172196856
1899614 -0.06563849799092814
1899950 -0.07643432512991377
1900286 -0.10580604363662666
1900624 -0.08629185385978005
1900964 -0.04457677952661998
1901305 -0.05903126506875517
1901642 -0.08149087510561259
1901978 -0.08907651133719802
1902312 -0.06889476617857931
1902646 -0.06526471897958269
1902980 -0.07287991658683779
1903313 -0.0925537903260763
1903646 -0.0994021582233976
1903979 -0.06719933198546502
1904311 -0.07265232900784335
1904648 -0.07412977820267896
1904982 -0.10027635513471511
1905317 -0.08208348196318077
1905657 -0.050109542737763746
1905995 -0.06427289236378886
1906336 -0.06305126100123543
1906675 -0.1014959325357756
1907012 -0.06956142443652436
1907351 -0.061063753466710335
1907693 -0.0563021139011084
1908038 -0.04621866449410683
1908378 -0.0764156179506928
1908722 -0.09220013854977621
1909064 -0.07036905287888101
1909409 -0.0601354343741522
1909754 -0.06647094807506287
1910095 -0.09225071472601565
1910438 -0.07931041600522404
1910780 -0.06481173236369114
1911126 -0.06446932108252601
1911472 -0.05992510223556857
1911812 -0.1035118985225712
1912154 -0.09399762781034054
1912490 -0.09034622405467907
1912818 -0.08360951169790992
1913144 -0.050876662284814356
1913474 -0.0586018355137356
1913804 -0.04302732732815484
1914133 -0.08524132819743058
1914462 -0.07591239161404811
1914795 -0.05644156468159356
1915127 -0.07333941341501077
1915457 -0.053523248558511205
1915785 -0.07587945757555947
1916112 -0.0769365628089343
1916435 -0.09447584523737063
1916760 -0.06061950868111993
1917085 -0.05494936240362586
1917412 -0.06860581094566143
1917743 -0.06899515576401127
1918072 -0.09675000566540065
1918404 -0.08693415258706866
1918741 -0.07439633924915978
1919086 -0.06879511137161715
1919437 -0.06441601863343521
1919786 -0.08243374865164016
1920135 -0.0916292167103106
1920490 -0.055493113897539637
1920847 -0.06362411904407139
1921203 -0.06201872758934002
1921561 -0.0667800264677465
