573324 -0.12507267928810234
573745 -0.09549114315104168
574155 -0.08342891025161425
574569 -0.12437201333613729
574955 -0.10434111044776673
575327 -0.13896614641109373
575692 -0.12095774624658207
576050 -0.14273159169946037
576398 -0.09892797783787188
576741 -0.08601212146597659
577077 -0.0821561887634834
577406 -0.10156729221915572
577729 -0.13713339779716593
578052 -0.1846672826543227
578373 -0.18327698956023797
578702 -0.16218029499583564
579047 -0.1626522870916663
579408 -0.08264192573146723
579804 -0.16431424181788706
580228 -0.08318475582326335
580635 -0.05665707971022588
581051 -0.1408119992364411
581461 -0.10790642033385045
581857 -0.07159449029386672
582333 -0.07146072191308567
582697 -0.08522373946137907
582980 -0.06470480895342673
583308 -0.175508097798667
583645 -0.15481367936099433
583982 -0.14449790164361537
584319 -0.15350877642017446
584663 -0.11872947091030245
585023 -0.10677214262166707
585402 -0.0888108508275301
585793 -0.04679959526483707
586169 -0.06619924388144499
586523 -0.14520473721473848
586879 -0.11212029304108179
587232 -0.09013375428323073
587584 -0.07586930686838245
587933 -0.155170019108698
588283 -0.1330442217641803
588635 -0.10232748716352319
589014 -0.061905521988781076
589360 -0.0815466210953899
589734 -0.12267603884269229
590100 -0.1770446087796388
590465 -0.12926898979589424
590836 -0.11430214797636434
591208 -0.08558858203655045
591574 -0.08485072925585713
591930 -0.1754586632143137
592275 -0.18302627246447933
592613 -0.17395711632551464
592958 -0.12064643457695395
593313 -0.12546956357622807
593671 -0.04805958579691938
594031 -0.06488264854871983
594382 -0.1476460049048533
594736 -0.09965703505419454
595086 -0.10488034887434533
595429 -0.1534617729428951
595781 -0.09257155225949115
596125 -0.17016601838035011
596483 -0.12311156279928148
596848 -0.0923058586667117
597221 -0.08164706106627045
597608 -0.08712646875904151
597963 -0.08815274844847759
598329 -0.14727187323600588
598692 -0.21064890716242102
599048 -0.1321683715756743
599430 -0.07726504890859481
599774 -0.15151909794712948
600152 -0.06790684952787707
600510 -0.08182473456167638
600853 -0.13756777254637087
601206 -0.15217646820098746
601553 -0.11381063634228406
601904 -0.10396255521790582
602258 -0.15590719710463768
602616 -0.1893722824005305
602975 -0.15642560498971608
