3899183 -0.18500108784711733
3899495 -0.16289005915716293
3899807 -0.13301251937783776
3900132 -0.16935775258283858
3900460 -0.15948151476840777
3900790 -0.15371708284298274
3901114 -0.12233288834044952
3901443 -0.08606460288706277
3901773 -0.015590560801858416
3902100 -0.056940559262162904
3902431 -0.053710081210773586
3902849 -0.0617241699022516
3903112 -0.06114223415674269
3903457 -0.08864332032514388
3903798 -0.1182598088303965
3904135 -0.12800926991302586
3904471 -0.12597038180177084
3904809 -0.12554080211360874
3905142 -0.13834150603350276
3905468 -0.17575622690110648
3905799 -0.19169886689794613
3906133 -0.19114487545344683
3906554 -0.07076485371772023
3906804 -0.04070549062505019
3907133 -0.10025337932276823
3907461 -0.10980049929134875
3907783 -0.09649849377193417
3908103 -0.08495502693842316
3908483 -0.041594194260778816
3908750 -0.11511880587308337
3909080 -0.09972420052449271
3909416 -0.13074090825939166
3909756 -0.18925982662395158
3910184 -0.06280115339602668
3910451 -0.1481280502194054
3910786 -0.21379841432839186
3911117 -0.21114257548882387
3911454 -0.05990355633488842
3911788 -0.1122863350452532
3912196 -0.0333537034032414
3912464 -0.18060076389140511
3912803 -0.13633875632818804
3913143 -0.042029803217103756
3913482 -0.15639136727178476
3913881 -0.23271755830228702
3914165 -0.21673558919157687
3914503 -0.06969382257020018
3914840 -0.06442946972247798
3915172 -0.18307252908505953
3915505 -0.07028971954559887
3915838 -0.08732774375965163
3916175 -0.12829775831703105
3916507 -0.15380181656186787
3916837 -0.12544961257678378
3917172 -0.04879697207196254
3917516 -0.12025667910997939
3917860 -0.11665826337275875
3918198 -0.12904749712742453
3918536 -0.06821824130120147
3918875 -0.13142960786725666
3919284 -0.08741648658269052
3919544 -0.21379774804734342
3919869 -0.2648833210001431
3920200 -0.398724612713504
3920529 -0.031511579752832225
3920864 -0.1035990121001718
3921194 -0.07662991751016446
3921524 -0.0676125945968532
3921864 -0.06708952925819778
3922207 -0.06131840211266465
3922550 -0.07392375742326768
3922890 -0.11695581276564865
3923229 -0.07069916721469971
3923572 -0.040735357417182705
3923911 -0.08412366805839844
3924247 -0.10710833445242762
3924580 -0.20404092877347357
3924917 -0.13069109069677132
3925246 -0.13599876363442895
3925715 -0.13085195941539413
3925898 -0.15076956686217768
3926215 -0.0851798820983625
3926528 -0.1398934395205249
3926834 -0.23022210434741197
3927182 -0.16750754666926793
3927505 -0.159086964223772
3927771 -0.1440438421176058
3928091 -0.10882714333091004
3928412 -0.147019299506849
3928735 -0.1633257118507077
3929061 -0.09233712362616237
