1532174 -0.0785490611373621
1532514 -0.08317317417162495
1532875 -0.08844442185576101
1533219 -0.08510450895430532
1533576 -0.10003641133314645
1533932 -0.07580431026864692
1534280 -0.0773984794482439
1534617 -0.07925465688850186
1534966 -0.11042772916401494
1535318 -0.10562498040949303
1535673 -0.10872044411114434
1536028 -0.07576829560579978
1536292 -0.06968800393004115
1536717 -0.08326401016935614
1537077 -0.10365234068316692
1537433 -0.0854173544256509
1537790 -0.07947101802375856
1538127 -0.054921320579744914
1538508 -0.11111347647298869
1538869 -0.10806919884764327
1539219 -0.1031334227724478
1539572 -0.08956432667780118
1539925 -0.08603219689741082
1540292 -0.09789063264222081
1540645 -0.11304199934601877
1540994 -0.1061316536011982
1541350 -0.08695468730278805
1541710 -0.07468654401975083
1541968 -0.055960384115220196
1542418 -0.07738516449354677
1542768 -0.11764958520091912
1543121 -0.09956297827719945
1543475 -0.05425518904633997
1543813 -0.08820672908669541
1544164 -0.09570798112113021
1544510 -0.09777751853021188
1544872 -0.0959481350800635
1545222 -0.07835339983202266
1545501 -0.0802844421915122
1545845 -0.07192467685027043
1546287 -0.09267476642233358
1546645 -0.10797022546906587
1547008 -0.10176819447263591
1547354 -0.06743676985529312
1547717 -0.07222313111616424
1548061 -0.09601062316027076
1548419 -0.0873436609849168
1548773 -0.09290057391996859
1549121 -0.0794425593309514
1549479 -0.06634671458413871
1549824 -0.08035484021294481
1550179 -0.08241526369549901
1550530 -0.06449545303717874
1550884 -0.1300734810583018
1551234 -0.07718362228250952
1551497 -0.07585923354374108
1551925 -0.08253523402961888
1552284 -0.09655306018346921
1552644 -0.09611555949873207
1552989 -0.08417193370130627
1553258 -0.07148703853762511
1553598 -0.09545530711604439
1554026 -0.0986928769101037
1554387 -0.09083977493313505
1554747 -0.06917607961167704
1555091 -0.06455586948093783
1555356 -0.08687748062844708
1555795 -0.07569346846422931
1556146 -0.0863339333146535
1556505 -0.10964580485245695
1556856 -0.06511559704537245
1557168 -0.07267095341368374
1557568 -0.08041072376835229
1557907 -0.08341944203819096
1558280 -0.10282982528850476
1558632 -0.08837278028857776
1558979 -0.07038082607006907
1559339 -0.07866852044113715
1559683 -0.08152356539404515
1560040 -0.10072963969906468
1560409 -0.08972872448623481
1560768 -0.045160587301991684
1561115 -0.07977237184607655
1561462 -0.07538735495142129
1561820 -0.10304830098013207
