5996042 1.3062328738030553
5996377 1.3792964671113357
5996719 1.3402787467907196
5997061 1.2822252704234294
5997392 1.1208104571315172
5997722 1.291210141341838
5998051 1.42891036189131
5998382 1.3760716329658849
5998717 1.2386438830706088
5999048 1.3727380880425857
5999381 1.514209032209345
5999715 1.4527444224111958
6000045 1.2521805169337203
6000378 1.610306769339397
6000707 1.4815267146016198
6001031 1.2528064257546019
6001352 1.45622059437946
6001671 1.5729371654923756
6001992 1.3444989211161724
6002306 1.285549131162993
6002624 1.2401905879860875
6002947 1.4705906685149792
6003273 1.4211125929656174
6003603 1.2394264982880607
6003933 1.3504581268544402
6004272 1.581189273020212
6004616 1.3955887303788588
6004959 1.3307250004021336
6005298 1.4669321775180353
6005642 1.54610759810621
6005980 1.3172844546842226
6006315 1.214414524709426
6006647 1.4166354495476838
6006980 1.4582740546563047
6007309 1.2415291447977785
6007634 1.1029707911814284
6007955 1.3724832797507935
6008277 1.4635350536951375
6008602 1.3495362251159713
6008931 1.2019618455663226
6009256 1.2637860065692705
6009589 1.358629937316255
6009924 1.2493705824518884
6010261 1.2007215481705211
6010592 1.260059536098032
6010923 1.3663129799300942
6011257 1.3390017729795525
6011590 1.2211290240618895
6011917 1.3432829196826939
6012243 1.4474874253920391
6012566 1.424288885648291
6012894 1.4459541249964005
6013219 1.4598656296791375
6013550 1.2595056057589349
6013880 1.1529242835491553
6014211 1.4255301329652574
6014543 1.3512370161096676
6014879 1.4621002610244513
6015215 1.2068606757360987
6015548 1.3990628068227067
6015878 1.2718161631553948
6016206 1.2237303705778124
6016535 1.323847790650278
6016872 1.5066643568883453
6017214 1.5183539419106924
6017551 1.3005108209476368
6017882 1.4249777859216648
6018215 1.412172290039382
6018546 1.242296788875659
6018870 1.1478967228483714
6019193 1.3201616774653626
6019528 1.4523292019023633
6019876 1.3216286717916428
6020227 1.2185150578095083
6020578 1.319422748513503
6020944 1.3838325748983884
6021312 1.2710197509542098
6021681 1.2457131842070641
6022037 1.2617363540938191
6022389 1.2968428811855564
6022736 1.1366946431007625
6023080 1.4390002807718396
6023424 1.5352519211638864
6023772 1.299330578303797
6024117 1.3981984337550848
6024467 1.3953723191965264
6024819 1.5104842755705328
6025165 1.364577609751576
6025511 1.4323004621298627
