3091198 -0.08648491159383032
3091568 -0.0939699640780147
3092032 -0.07047739185803659
3092307 -0.08571450814558368
3092674 -0.07376334286487629
3093053 -0.07276704989946481
3093395 -0.116886243933502
3093753 -0.10368257903598399
3094117 -0.10182921503451253
3094576 -0.08641890063564484
3094949 -0.07883863779059647
3095287 -0.08205109177207337
3095668 -0.1237756659110335
3096056 -0.11528132688649506
3096526 -0.08794083605931041
3096836 -0.09482390876249441
3097216 -0.06949076408522553
3097585 -0.09466381682790542
3097957 -0.09078811799354392
3098324 -0.08873900748739999
3098689 -0.08728908621349052
3099139 -0.08198901754080112
3099407 -0.11989856982469996
3099764 -0.10704783365728421
3100121 -0.1304725893219514
3100473 -0.1532128163407293
3100845 -0.14304129808979688
3101195 -0.12844193614810495
3101545 -0.11950382655998265
3101915 -0.11452800345735586
3102311 -0.08337554315327153
3102698 -0.0826121284027983
3103132 -0.08353053330657545
3103478 -0.11216502971465742
3103856 -0.09187393037970298
3104233 -0.09112698672569475
3104598 -0.08903478315727417
3105029 -0.09520402071356365
3105315 -0.145055231190366
3105668 -0.08500546076113757
3106094 -0.06503261675923766
3106369 -0.07928963931003485
3106709 -0.1230974585183871
3107049 -0.07562981437974231
3107385 -0.12240852216899434
3107723 -0.16760073225081634
3108059 -0.08693557115494994
3108396 -0.09089731340306528
3108763 -0.19595270396407233
3109060 -0.11693930491941668
3109388 -0.19340397409548363
3109711 -0.09916329853580422
3109884 -0.40003925504000964
3110037 -0.2863233018962925
3110362 -0.129639089812303
3110687 -0.14130176938896521
3111011 -0.20227792887490856
3111328 -0.07580542179549066
3111649 -0.15763405490002963
3111977 -0.05945617335147446
3112302 -0.09962689285597759
3112701 -0.08510158395837908
3113030 -0.1265397843750861
3113275 -0.26270939604093346
3113576 -0.07215323067328194
3113981 -0.09213592631772083
3114212 -0.11837073524328456
3114536 -0.19572142388375813
3115328 -2.2178544303886847
