2191552 -0.13247290707574522
2191855 -0.129368068941573
2192157 -0.12423033037457037
2192463 -0.11219993365247594
2192773 -0.1088041870627503
2193090 -0.10712159506625163
2193400 -0.12261017145296632
2193714 -0.12365345949401685
2194028 -0.12362141987253461
2194341 -0.12337004887284736
2194657 -0.11251031447351567
2194976 -0.0988645594011564
2195295 -0.10934265825028455
2195612 -0.12345026465701286
2195929 -0.12596332244502556
2196245 -0.1177743128671242
2196563 -0.10787254318807565
2196885 -0.11274033123797611
2197204 -0.1136585748870233
2197525 -0.11580329031354669
2197841 -0.12370169620805727
2198152 -0.1307405609185851
2198460 -0.12010747928414922
2198766 -0.12369718228521653
2199070 -0.11936915339657217
2199376 -0.10825794651360571
2199683 -0.10828319671538283
2199992 -0.13150069350220722
2200300 -0.13384502638598766
2200604 -0.12482652731405935
2200909 -0.1225652025591597
2201216 -0.12240620532930047
2201528 -0.11203478820146118
2201849 -0.10030734201713448
2202164 -0.12760016103259136
2202480 -0.13690882656875025
2202794 -0.13201281595631287
2203109 -0.12093847129897384
2203430 -0.10510954607463252
2203751 -0.11145983659203113
2204074 -0.11143510325301265
2204394 -0.13543361523057568
2204710 -0.1354840560553663
2205022 -0.12419151000944556
2205333 -0.12339795341252136
2205643 -0.11711888874562104
2205955 -0.11144927830514012
2206268 -0.11246594372748364
2206582 -0.1266044619518451
2206895 -0.12936791393353464
2207208 -0.12894245199418414
2207520 -0.11903892040412573
2207835 -0.1152079634464338
2208159 -0.11291080547679344
2208484 -0.10223537529039073
2208804 -0.12113482184295665
2209125 -0.1301331420866122
2209443 -0.1357424270988568
2209759 -0.11680217173119306
2210073 -0.10346051985777849
2210388 -0.10918908020091334
2210705 -0.10651278573042405
2211020 -0.12166353448899364
2211334 -0.12835690583672577
2211647 -0.14302635339850855
2211959 -0.12261563238484607
2212273 -0.12425760562328769
2212597 -0.10079472675576945
2212914 -0.10524442306035359
2213234 -0.11604810702997309
2213550 -0.12294686005581523
2213866 -0.1328192995467395
2214174 -0.12976364930846168
2214479 -0.12813265820606845
2214782 -0.10608658892054046
2215083 -0.10874535825247994
2215383 -0.12440629645367995
2215682 -0.1302324828155036
2215979 -0.1426172061106118
2216275 -0.11839117580863923
2216571 -0.11299214656807954
2216864 -0.11974640658194935
2217156 -0.12300867556734063
2217446 -0.13475161789297269
2217737 -0.13303244603794007
2218029 -0.11910776204120516
2218321 -0.11159148864251672
2218614 -0.12306090597917746
2218907 -0.1313869107113788
2219201 -0.13737054250834535
2219494 -0.1427281817759189
2219788 -0.11244224166325001
2220083 -0.11600853473147876
2220379 -0.1012238828429235
2220673 -0.13031382595554558
2220967 -0.12837546392366694
