2910109 -0.12491837800950528
2910488 -0.1097084294295192
2910879 -0.1348115534051133
2911273 -0.07354353936915953
2911677 -0.0791817554089238
2912089 -0.08622149504524995
2912485 -0.1294516742276582
2912879 -0.10012072605441286
2913292 -0.15870616848276559
2913655 -0.03710288256228203
2914043 -0.06520884083138016
2914421 -0.12141782730036962
2914795 -0.10796199351139713
2915265 -0.06902050315588187
2915566 -0.0747262802996923
2915948 -0.09921160648233274
2916325 -0.1304491355469452
2916710 -0.07452708208851949
2917103 -0.04831815788329957
2917492 -0.08049928022025976
2917873 -0.11584627866582348
2918253 -0.0691430843263417
2918650 -0.07691228589484644
2919038 -0.05482908396806074
2919425 -0.10985345282012299
2919807 -0.12030335584292368
2920199 -0.0772190730013565
2920607 -0.06374005000052518
2921013 -0.09521935823725058
2921413 -0.10352394664822995
2921818 -0.07844574567773294
2922229 -0.06820594955257603
2922639 -0.07801151748786722
2923043 -0.08493260142541431
2923445 -0.08353880211676767
2923849 -0.06022332451667012
2924265 -0.05315196835688024
2924662 -0.12276349564849104
2925057 -0.07488888758523976
2925470 -0.03897365069628128
2925874 -0.06114427534092204
2926266 -0.12409297087889126
2926656 -0.08684476173646072
2927057 -0.055186531083248336
2927451 -0.05850927227613578
2927858 -0.08789247629319813
2928247 -0.09737152998850007
2928648 -0.0687153051520224
2929092 -0.053327688725908595
2929448 -0.12341443474122055
2929834 -0.15691258086926207
2930221 -0.0791270035982603
2930722 -0.056567141171291135
2931058 -0.06704175386284461
2931445 -0.10818106280833145
2931839 -0.12228212306233943
2932230 -0.08459160861203724
2932629 -0.05613508613453283
2933024 -0.0785392033116688
2933410 -0.11218201644144499
2933790 -0.1011771295713198
2934179 -0.08486127067534927
2934576 -0.07701409410688709
2935066 -0.06432987827538988
2935360 -0.11982965787015187
2935746 -0.07974336318555375
2936143 -0.08778334708615093
2936543 -0.10634396777622829
2936953 -0.09483338613430309
2937350 -0.10467531600708652
2937753 -0.10073381707054574
2938163 -0.08602056978168887
2938574 -0.08264480240345862
2938970 -0.11148375181465431
2939370 -0.10202098957256478
2939775 -0.09653216750932142
