6056578 1.4626842213898836
6056935 1.3436083237846606
6057292 1.3318022737444244
6057649 1.4281214227509837
6058005 1.5201325545599629
6058359 1.4201414810383883
6058712 1.3425328433444257
6059064 1.3229663979460011
6059416 1.4307479906672032
6059776 1.500562897448078
6060134 1.3976050531004147
6060489 1.3402077341259613
6060845 1.3076863455942835
6061200 1.4435110930916644
6061556 1.4964529311462145
6061909 1.4276191431725875
6062262 1.3101791239832439
6062616 1.300673895036266
6062976 1.4365384558027936
6063335 1.5517508939842952
6063691 1.3785608742285238
6064046 1.2823053182691198
6064402 1.3367630113394389
6064762 1.4509086373290203
6065124 1.4365462170694197
6065483 1.3569937009817836
6065844 1.3196528036655502
6066208 1.36846154961394
6066576 1.47265417490003
6066946 1.4606156553211302
6067314 1.3405874893897658
6067681 1.3417303333899526
6068042 1.4017609513658007
6068408 1.484356320295529
6068774 1.4719941515276034
6069136 1.3763083505126215
6069498 1.3843099837311486
6069858 1.3865053241514194
6070221 1.486198238411336
6070584 1.5129134702243132
6070943 1.3735230353272405
6071298 1.3635181710295219
6071654 1.3503709548728278
6072011 1.4629835932803315
6072372 1.5371754302717306
6072733 1.4516045026444133
6073093 1.3434948470077122
6073447 1.3362740875447057
6073800 1.4037301430541782
6074153 1.4993138002059194
6074505 1.4224487620588746
6074854 1.34972895658159
6075200 1.3238723551853584
6075548 1.4523950638220886
6075900 1.5057872542470931
6076252 1.3769632607745852
6076604 1.3179444846560977
6076955 1.3098605448673697
6077307 1.4101586673408555
6077662 1.4992211272319274
6078015 1.4235113979766885
6078367 1.2996760110140262
6078718 1.2833718275178672
6079070 1.4099991745944875
6079423 1.497117805637307
6079776 1.375047557743267
6080130 1.2747013384330619
6080483 1.322758322221158
6080840 1.4275245973032022
6081201 1.492681226206717
6081562 1.3642732481846926
6081924 1.3570947042479289
6082283 1.3242368829893036
6082647 1.3987034333619772
6083013 1.4958571412402073
6083375 1.4269535412404328
6083736 1.3133623521151216
6084092 1.3223155822807393
6084451 1.4204472326415014
6084815 1.4559938745109005
6085181 1.4252274926632764
6085543 1.2767029481228167
6085901 1.2504202928859443
6086259 1.371947352745967
