4467720 -0.17385262237862337
4468217 -0.1586238460717561
4468685 -0.14252300273864954
4469193 -0.1516574224011044
4469794 -0.17573739437136449
4470408 -0.15874592736625948
4471028 -0.13756855614110058
4471665 -0.13132210805247568
4472289 -0.16179767407387685
4472871 -0.1757528548339023
4473429 -0.14942650494793247
4473985 -0.14708328856946068
4474540 -0.17932116809656978
4475056 -0.15842188947679864
4475563 -0.1447465766493975
4476087 -0.12657219339606235
4476624 -0.14237345758554837
4477154 -0.15903917278038432
4477686 -0.139764902836033
4478245 -0.12479135516146511
4478809 -0.14141086079673132
4479355 -0.1727604630795676
4479904 -0.14512473028999767
4480454 -0.12495350522800824
4481030 -0.1380043931328141
4481569 -0.16717428151063485
4482091 -0.1588315296161727
4482620 -0.14536806564757504
4483173 -0.13922743775039842
4483743 -0.1657945394899365
4484286 -0.15834138435352818
4484836 -0.1467363310475237
4485413 -0.1244932386080575
4485997 -0.15463296962497136
4486560 -0.16437614725595778
4487126 -0.14263751256531354
4487703 -0.14540535116935943
4488252 -0.1555123636502203
4488790 -0.16135178366848973
4489332 -0.16515711208900907
4489903 -0.13538139366731045
4490471 -0.13136118130820396
4491057 -0.17843435326106633
4491631 -0.16147356531919177
4492180 -0.15045589397672526
4492749 -0.1440361947748659
4493311 -0.16800088532487295
4493808 -0.1691125636914798
4494263 -0.14491477694817811
4494715 -0.1388475247869242
4495187 -0.14772123883908378
4495749 -0.1430801808165072
4496302 -0.1472264227800193
4496863 -0.14784346699077427
4497457 -0.13189070553341986
