4737530 0.3606908954876167
4738075 0.3411346870060892
4738629 0.3642586772347646
4739189 0.40220578141561936
4739757 0.3223695968609454
4740316 0.328997060267382
4740895 0.4055571921819323
4741457 0.36322334055036987
4742002 0.3328555281172443
4742522 0.38083303122654566
4743059 0.41718735443418675
4743584 0.37670550149048243
4744087 0.35738922474688345
4744577 0.3809137621602716
4745092 0.41903293669816555
4745616 0.37717497795346516
4746119 0.3598073095247818
4746618 0.38556483010013615
4747143 0.42244204247183503
4747668 0.379555495252395
4748192 0.37200562714536756
4748715 0.40320870141337123
4749271 0.4259127265479281
4749829 0.3675184765729484
4750378 0.3726586898059753
4750938 0.40290146007506134
4751487 0.39096199506992124
4752003 0.3603767477714184
4752496 0.37198486524087093
4752996 0.40611442962570565
4753514 0.4242463501603397
4754045 0.3711267455215829
4754590 0.35259031694702514
4755149 0.41889189180114367
4755714 0.39245145026316874
4756272 0.3506845338425872
4756829 0.3542656964145353
4757388 0.4151843262058584
4757921 0.35815696435032474
4758436 0.3615160629290131
4758927 0.3612799076761904
4759421 0.3957670578452456
4759931 0.4246886365992649
4760484 0.37778237782173174
4761052 0.3434050632246363
4761626 0.36527022398566317
4762200 0.4164193173721756
4762769 0.36124480510743184
4763321 0.3478853235536306
4763880 0.39257471414296147
4764427 0.4157175381428946
4764961 0.37126617484150554
4765485 0.36198872615294675
4765985 0.3626047566675328
4766499 0.40964638518510377
4767036 0.41741147862873673
