4918166 -0.07730650551076285
4918416 -0.062180836331640454
4918750 -0.08411433253325473
4919178 -0.07047902105198978
4919506 -0.11782161749461156
4919845 -0.1154989463916527
4920180 -0.07646709997098644
4920498 -0.0643209527155365
4920762 -0.06959275608971255
4921186 -0.0567346033677803
4921515 -0.12324994506543574
4921857 -0.11582940210273651
4922187 -0.10356756610374679
4922515 -0.07091296561819482
4922772 -0.08254715513384714
4923192 -0.08940375405587242
4923519 -0.12475100458475663
4923857 -0.08941783534054415
4924174 -0.08959137535959705
4924517 -0.053296744642003846
4924753 -0.10136139587402965
4925161 -0.08918942185215167
4925502 -0.1250487733506105
4925836 -0.13558876888463278
4926162 -0.08514665873727345
4926491 -0.06165630903087277
4926737 -0.06014913380863757
4927067 -0.07500707094590853
4927482 -0.1082655041380185
4927818 -0.09612998821641316
4928151 -0.06407837434782332
4928477 -0.06764996031187259
4928728 -0.07765024268432469
4929142 -0.07734169246019917
4929481 -0.12224804790930682
4929814 -0.10658277034768715
4930138 -0.06710989024923047
4930398 -0.07072561052258669
4930718 -0.07768829099825786
4931140 -0.09474090998149337
4931475 -0.10583188213155575
4931810 -0.08591792093041051
4932136 -0.051769642463901366
4932389 -0.04159718033859533
4932721 -0.08927398502920003
4933132 -0.09645437365311638
4933483 -0.12998924409709417
4933805 -0.12147294306155892
4934151 -0.09013018513028209
4934467 -0.061050339345589066
4934728 -0.07806986660763565
4935147 -0.09571086674513274
4935494 -0.11196552638850865
4935828 -0.08499192483725182
4936150 -0.05801035759919043
4936417 -0.06789711308644797
4936740 -0.10014042034241072
4937169 -0.11576558971222928
4937505 -0.11965465002646236
4937840 -0.10455753693817343
4938158 -0.06845988013491394
4938416 -0.03501277499259958
4938748 -0.0784611424765515
4939176 -0.12883766726790663
4939505 -0.11300621148437484
4939848 -0.09017132618726809
4940190 -0.055368651991871964
4940523 -0.05519002161815445
4940852 -0.06783630946731684
4941198 -0.10117342811608177
4941530 -0.1156787835834519
4941875 -0.08023260346201927
4942209 -0.07790879717566207
4942457 -0.04690091590910478
4942791 -0.06123435330232546
4943202 -0.11765718629632962
4943535 -0.11140086489044937
4943869 -0.10090729382560043
4944198 -0.08813418279882673
4944506 -0.06385182492166314
4944834 -0.0833951239904619
4945181 -0.10523633817827127
4945511 -0.11702246617865814
4945848 -0.10301759461777404
4946173 -0.05687914904827418
4946509 -0.041318607664846796
4946752 -0.055697339094521625
4947172 -0.12830751342958718
4947511 -0.1305184334893817
4947838 -0.08001705263484432
