363686 -0.13896424859224554
364018 -0.16600509088568038
364353 -0.12725864811624404
364689 -0.08044313281354382
365041 -0.1638718192490335
365384 -0.11634263445089565
365739 -0.10319350228056856
366097 -0.19569537453544472
366524 -0.13643710894279376
366822 -0.1636104489699149
367188 -0.1680913911415665
367548 -0.0653443419487022
367892 -0.06430164273439859
368228 -0.16187839071836008
368557 -0.07314565384115135
368885 -0.11345752331990128
369207 -0.0669390007782138
369534 -0.11243802319160928
369861 -0.09716500869549322
370192 -0.09879562348864651
370527 -0.10318043755946033
370868 -0.08885859299641774
371206 -0.1757075752608413
371537 -0.17315364416934503
371871 -0.14731474365684616
372228 -0.13286027022138885
372583 -0.14681669497560196
372939 -0.1361510974415464
373292 -0.14317447366895703
373639 -0.10792233505041121
373977 -0.1341262415668868
374312 -0.13725769115429848
374646 -0.08397084787918446
374981 -0.0550042176139221
375315 -0.16951956498696186
375643 -0.15414721825315197
375979 -0.0819090155889568
376340 -0.072216869119688
376754 -0.04650251751170453
377037 -0.13434478955972923
377388 -0.05691948915408657
377733 -0.05311102984598404
378079 -0.11947891205833688
378426 -0.1542426335112138
378768 -0.11379389561846137
379113 -0.10701991747685102
379473 -0.09655009592396818
379828 -0.08607898022218236
380183 -0.07016241670333889
380532 -0.05524046773861507
380874 -0.06242897384951951
381211 -0.15433176278535254
381543 -0.10584287418309768
381876 -0.08071361074174038
382219 -0.10174783518739988
382614 -0.08565000587123112
382942 -0.06856679664158638
383391 -0.07616989620229575
383750 -0.07051207366784823
384007 -0.14657642725661174
384345 -0.11266077613192166
384679 -0.1088401885164782
385010 -0.07724451762575901
385349 -0.029184639363841525
385699 -0.03148496816088853
386040 -0.08207080363534058
386368 -0.15452318226370054
386710 -0.1725691077774239
387049 -0.10667571721334301
387399 -0.11633144671065704
387773 -0.11100464864104864
388165 -0.07411130966053714
388540 -0.06878817455265973
388895 -0.108809859904612
389245 -0.1046476463183535
389603 -0.09997609082538944
390015 -0.0831328230165419
390281 -0.0413949799848668
390596 -0.17536790504497524
390920 -0.11582272894001178
391245 -0.12633567724927097
391592 -0.1082001653814465
391920 -0.16088240731296555
392261 -0.10280440593798007
392607 -0.08133039598158104
392956 -0.0878776476710561
393350 -0.10347524971991906
