4049055 1.3353387751699495
4049406 1.2581600498774144
4049755 1.138413232453988
4050104 1.287137531484469
4050450 1.3523905420501539
4050797 1.3960426547813198
4051140 1.1430456042446862
4051479 1.0467793172930504
4051818 1.5349327178301118
4052162 1.260074652872852
4052511 1.3379343615066066
4052856 0.9324108070715504
4053197 0.9671335981324475
4053535 1.0994724183666835
4053876 1.2417576854291452
4054224 1.236712296686251
4054573 1.2184517003446294
4054922 1.1202364329815864
4055271 1.1128356527900498
4055621 1.432964694399918
4055969 1.2699231742463704
4056321 1.2801997003614205
4056670 1.232389683761676
4057018 1.1600882901126341
4057367 0.7943052556789783
4057712 1.107344303598325
4058060 1.2985239194655123
4058413 1.344501469477762
4058766 0.9786376655700479
4059117 1.181841895310208
4059485 1.2306116960988378
4059847 1.218895204134538
4060209 1.2315701261056353
4060561 1.0660071316571602
4060910 1.1099344950270764
4061260 1.2451023009662434
4061608 1.2516861161679804
4061956 1.2146087067842415
4062301 1.1914840025420674
4062647 1.4296173871646058
4062992 1.31536165323817
4063329 0.9906714795129209
4063671 1.248335035043005
4064004 0.9479955756106294
4064338 1.1755612601553689
4064676 1.2672264747876587
4065018 1.3937938488268524
4065353 0.8799426905663599
4065682 0.9920927749489756
4066017 1.1149398287881176
4066355 1.2453893432506673
4066697 1.198234307767696
4067037 1.0792582234555423
4067378 1.228818469106005
4067719 1.226820461565463
4068056 0.9800275778005869
4068387 0.7519985413803079
4068713 0.8112582862790135
4069037 0.7602161776457751
4069374 0.9404531346686442
4069715 1.092502093748549
4070092 1.2265025731749817
4070476 1.3366411896585098
4070860 1.228695172445915
4071243 1.040889421057957
4071619 1.0347464083803681
4071987 1.2390020962703172
4072352 1.388047936087687
4072704 0.8440224480115857
4073055 1.1135708211206885
4073407 1.194665004691557
4073759 1.0964107592679064
4074114 1.2783084123231792
4074465 1.3291099117250729
4074815 1.1352041477286061
4075166 1.326287389240277
4075518 1.2794658693531205
4075867 1.2331084622195976
4076214 0.875223217955911
4076556 1.035987982200127
4076896 1.303759810994682
4077239 1.335547086680583
4077597 1.427729198914071
4077957 1.2759578432908167
4078321 1.1647155222812196
4078693 1.426556026954434
