4019172 -0.11267784747759624
4019539 -0.09957202999216319
4019902 -0.057216117017835966
4020261 -0.11343723623135385
4020614 -0.09456995849862727
4020957 -0.19821464593218793
4021297 -0.10184629070085777
4021637 -0.1404098733976461
4021977 -0.06099977302163301
4022322 -0.12398823684767124
4022670 -0.05945874339086765
4023009 -0.16504627436822455
4023349 -0.12786760248896215
4023693 -0.04959696184972118
4024036 -0.12228019841487386
4024380 -0.12276628690443325
4024719 -0.2604108778774782
4025058 -0.1186616404722769
4025407 -0.05191471902461675
4025757 -0.11653516038222356
4026108 -0.13196834535077995
4026456 -0.11547223623629949
4026807 -0.14017893027582126
4027214 -0.05669171218863056
4027526 -0.08497659006808822
4027878 -0.23700476882452315
4028284 -0.0934015033641552
4028615 -0.08858855141522148
4028950 -0.0990153652962994
4029304 -0.10043063046036149
4029658 -0.15232203070939793
4030081 -0.12255964698629712
4030356 -0.1303058352500781
4030697 -0.2974783183332049
4031036 -0.1756289576116149
4031370 -0.2337651954265254
4031702 -0.10514524319093997
4032036 -0.06595911986197747
4032421 -0.10046311574667872
4032690 -0.18619785138597283
4033061 -0.07370678224112291
4033338 -0.11804138307646411
4033662 -0.22088127013719966
4033987 -0.15407665326894887
4034318 -0.13484757191978847
4034652 -0.06117824508930034
4034994 -0.10780704545812936
4035335 -0.15062450942303818
4035674 -0.19285448970004765
4036012 -0.2020433657904156
4036355 -0.15954244832703834
4036702 -0.045475762354321686
4037120 -0.043457524756955274
4037402 -0.1431098553721809
4037746 -0.17664292835332807
4038081 -0.10533343692041827
4038418 -0.05118151047237557
4038757 -0.10634932406063075
4039094 -0.0349338043459828
4039433 -0.053208567221287556
4039767 -0.2371844340072141
4040102 -0.21113048132032128
4040445 -0.14354492049861725
4040790 -0.06914166427928359
4041141 -0.07967305872426533
4041489 -0.1507795022121187
4041832 -0.226961932287645
4042180 -0.19241440116169017
4042523 -0.13804551467011483
4042867 -0.1369335519933932
4043206 -0.13567026749840194
4043541 -0.21631268277324872
4043873 -0.20681776854620096
4044207 -0.12502376665534856
4044540 -0.14008188969967758
4044874 -0.16540333958317724
4045209 -0.12372841900116249
4045541 -0.1415336020127187
4045870 -0.1915515605832771
4046205 -0.12845923129212894
4046540 -0.09074228188909075
4046876 -0.11538637603558655
4047214 -0.1412151311653274
4047547 -0.20650264365319004
4047881 -0.13383302746090442
4048211 -0.09903899039210151
4048541 -0.2018004574661147
4048869 -0.1001857157152488
