4288676 -0.10671612683167842
4289024 -0.09804056871956934
4289370 -0.06639478680990685
4289759 -0.05366986267627949
4290063 -0.11945986002134679
4290413 -0.12226790035013313
4290764 -0.13357756234183582
4291115 -0.07857296304155775
4291468 -0.07435236376450904
4291826 -0.042840574964063016
4292294 -0.02724441473382322
4292652 -0.0317017260643393
4292929 -0.06557308541655094
4293358 -0.043550465194185484
4293614 -0.07843013284020228
4293942 -0.16192235698118643
4294325 -0.03652061244934657
4294609 -0.0245963793030215
4294923 -0.01683050578161896
4295261 -0.025570465694375655
4295596 -0.13754235526768932
4295953 -0.04363812710191067
4296338 -0.055197530570268105
4296647 -0.01611989531781355
4297002 -0.08333212663342537
4297360 -0.06533716518375716
4297730 -0.04717487697641884
4298104 -0.0070162968786684765
4298472 -0.0734724892487379
4298845 -0.05852590034592087
4299253 -0.04507254338852107
4299602 -0.03968781766410545
4299977 -0.09078742243028781
4300344 -0.11173758708004253
4300713 -0.025172378554206343
4301080 -0.026980938945479926
4301447 -0.05353807349667536
4301809 -0.09958683746454228
4302248 -0.026364978890060342
4302580 -0.019859573460115354
4302907 -0.09411774416328866
4303267 -0.09884876912324114
4303628 -0.054230073248143884
4304006 -0.033515559921317495
4304353 -0.12870631554505296
4304732 -0.09392709276332667
4305127 -0.07560516611798418
4305503 -0.06683043734439426
4305888 -0.038168558072792735
4306267 -0.10387678297156139
4306639 -0.07655652044257188
4307018 -0.0553236223646722
4307439 -0.03970883579209261
4307768 -0.07023273678549763
4308113 -0.08237326585762056
4308468 -0.053282148994541145
4308837 -0.07823068725598438
4309225 -0.027607094231802954
4309528 -0.07450610785392031
4309877 -0.07462724755082276
4310227 -0.058831307504208896
4310651 -0.08319874570688301
4310933 -0.09335020194079502
4311280 -0.10959968673057799
4311627 -0.039491410845535105
4311976 -0.10686250736566981
4312334 -0.10136934627485814
4312702 -0.05102237932623144
4313170 -0.022002610957079005
4313529 -0.007571334681576225
4313816 -0.05566159291620704
4314185 -0.04997835685853175
4314603 -0.024439585581613354
4314991 -0.024184714088640757
4315325 -0.06108668006138218
4315696 -0.062028312213261994
4316043 -0.08315908096039393
4316402 -0.05431951072485508
4316771 -0.06359338551298749
4317143 -0.06467803634662045
4317494 -0.06213357772312861
4317825 -0.08091325989081674
4318178 -0.04914724694605483
4318615 -0.01885155715997447
