1741798 -0.12033283704695857
1742168 -0.09203072393117007
1742551 -0.07432042174794301
1742928 -0.09715314001879177
1743317 -0.09476218886551402
1743711 -0.101504127654659
1744110 -0.06523842573530975
1744512 -0.09099425723889604
1744909 -0.11200379532492727
1745306 -0.10109349856770122
1745709 -0.08612577625813178
1746113 -0.10594963388854362
1746521 -0.07877878214649225
1746921 -0.11136975343532285
1747324 -0.10019870690206512
1747734 -0.07937359236596714
1748165 -0.0812609579091802
1748564 -0.09491913107181837
1748975 -0.10355607335356487
1749385 -0.10843231608078652
1749797 -0.10260069496097973
1750203 -0.07796144011432848
1750606 -0.11250020982091719
1751008 -0.11287618008969558
1751416 -0.08647887623086364
1751820 -0.1356989291919634
1752226 -0.09397506351915363
1752641 -0.1030362182167397
1753055 -0.12154036435641835
1753465 -0.09283355350338407
1753883 -0.11288693729291244
1754363 -0.060294362121014355
1754725 -0.07560194913092255
1755139 -0.10310496018503457
1755552 -0.09892919886382462
1755965 -0.09153395762028138
1756378 -0.09845985307038174
1756788 -0.0975153937006526
1757193 -0.12404089733709722
1757599 -0.07625595395800921
1758003 -0.07990447823102192
1758420 -0.09091739363461138
1758810 -0.12296866146131152
1759214 -0.08806767184431802
1759625 -0.09653160627025825
1760038 -0.08925746917043026
1760445 -0.11907368777013144
1760850 -0.09301704127067817
1761271 -0.08814116148348938
1761669 -0.11099462429012408
1762085 -0.082765385850116
1762491 -0.1354986756151893
1762896 -0.10865853621588245
1763304 -0.07446921934055284
1763712 -0.08237308448772046
1764121 -0.10145010627594758
1764520 -0.12098008513980013
1764917 -0.09889906610038601
1765321 -0.10703610742136938
1765724 -0.09755470270037536
1766133 -0.0653542680281532
1766536 -0.11461843917681219
1766938 -0.1015888398156154
1767346 -0.09052192013492005
1767754 -0.07370644520172093
1768159 -0.09556705452478842
1768558 -0.10166397251810427
1768964 -0.08262836770795318
1769370 -0.09374701755071557
1769773 -0.060668214048419655
1770166 -0.11651383430534745
1770559 -0.06828099966657764
1770945 -0.08346028838730962
1771324 -0.1198788568600555
