5756362 1.393442401891516
5756693 1.251061899689265
5757021 0.9203454310885342
5757345 0.9658362351329922
5757669 1.1165925737862712
5757994 1.0039229341552822
5758321 1.1301514485146802
5758650 1.2183524302140554
5758989 1.2849899122738833
5759326 1.1587258185707099
5759658 1.157860947463443
5759989 1.2449574910574612
5760323 1.2400323238180144
5760655 0.941025644982215
5760982 0.6426059118455585
5761301 0.8752932885148137
5761623 0.9438241343425422
5761942 1.056360950856331
5762260 1.0305880295441967
5762580 1.1520578452722798
5762907 1.2021443212824212
5763239 0.7973952207886338
5763565 0.7985910421661764
5763897 0.8705235311526635
5764226 1.1856813798475587
5764554 1.030536042898064
5764880 0.9642766989764598
5765201 1.0595515176228993
5765525 1.2543028302314567
5765849 0.9812964025897633
5766175 0.8064960553011495
5766498 0.9550779867536867
5766827 1.060833363956808
5767154 1.1871523919948488
5767479 0.9914710345271003
5767805 0.9961792046195159
5768138 0.9815315321051673
5768471 1.188123445327785
5768802 0.9851815904286518
5769128 0.7421920241643818
5769453 0.6697129197623359
5769784 1.0255058342201129
5770112 0.9187315938833132
5770440 0.7743092299012957
5770764 1.0529078099015488
5771094 1.2108905630594178
5771431 1.2622947572570635
5771763 1.2688858795278506
5772090 1.4408968060657656
5772417 1.5423468977490362
5772743 1.4216526119202122
5773064 1.3327894899621162
5773384 1.3741117075840794
5773711 1.6038991997385736
5774038 1.5115212049469924
5774362 1.3784710362278063
5774682 1.3286314452790808
5775001 1.4167538488201767
5775323 1.4989348547983656
5775651 1.102281229174428
5775977 1.0398398574809313
5776305 1.2691602453886186
5776643 1.2650200846146689
5776982 1.0014511378673332
5777317 0.8765522470187119
5777648 0.9478370993333499
5777980 1.100194445231714
5778312 1.063928814858034
5778639 0.7424672076550188
5778964 1.0603338501593347
5779288 1.5180063883000843
5779608 1.610242962994503
5779921 0.9474408166730385
5780237 1.3345447530894647
5780554 1.5485675744221092
5780873 1.3909850108473747
5781188 1.3816553423210454
5781505 1.345960720849507
5781826 1.1741938232710591
5782147 1.1893653071585326
5782466 1.283210195996649
5782786 1.2497798192174483
5783104 1.1036666810562494
5783420 1.3654112271365892
5783740 1.5455180147988035
5784055 1.1896781702079826
5784366 1.3465599034359659
5784679 1.5074456241056482
5784993 1.3036004152538068
5785301 1.3140323799021818
5785610 1.426642071651556
5785920 1.305716116986027
