4917283 -0.06774875333682195
4917605 -0.1636093220747168
4918061 -0.06774448700892705
4918286 -0.04922577901736608
4918559 -0.11255120182264866
4918886 -0.11180929454986155
4919214 -0.10193070922227289
4919598 -0.02339486722860558
4919878 -0.031971492561635007
4920261 -0.06512982962362412
4920551 -0.01702016663513861
4920887 -0.15615053908149767
4921220 -0.05266334532744532
4921618 -0.17975009786476348
4921905 -0.09797966638589906
4922256 -0.11864479777225356
4922607 -0.3619344470215692
4922964 -0.07551381777932573
4923312 -0.059522828762613916
4923655 -0.15968498279544227
4923994 -0.12162883455509593
4924331 -0.13565181128031711
4924666 -0.072220634511243
4925003 -0.05150415463271346
4925334 -0.14120938528228505
4925663 -0.126409297237635
4925994 -0.026839283726388635
4926330 -0.11855863776207987
4926665 -0.09876200906060656
4927004 -0.050498309988180945
4927340 -0.04945163516820733
4927670 -0.057576096656235476
4928000 -0.11186640276112886
4928326 -0.17797968717370355
4928653 -0.055686624920753436
4928985 -0.10365778347972099
4929451 -0.06715790546513484
4929682 -0.0192411134205398
4930040 -0.05025479408631073
4930359 -0.07356296550211691
4930696 -0.11738123400688308
4931109 -0.09442900347275124
4931360 -0.11428375510616307
4931689 -0.11381131319156462
4932019 -0.17178856665934727
4932361 -0.07999248122324387
4932708 -0.03466539924032547
4933061 -0.03915735878215107
4933435 -0.07439315900407317
4933758 -0.1276113365656977
4934094 -0.08444134954340554
4934431 -0.061103579565792654
4934771 -0.08450318345990898
4935134 -0.028918303389547206
4935457 -0.0695581184416394
4935791 -0.07348225040010739
4936163 -0.11137237699034075
4936458 -0.05771984270885189
4936828 -0.05789717275124534
4937163 -0.18377817945412983
4937460 -0.03282205146099454
4937817 -0.13530240430523044
4938194 -0.06378636014528763
4938445 -0.0904150551532775
4938772 -0.04738678359192022
4939241 -0.01468911519467514
4939479 -0.14890675479150095
4939825 -0.10452590800373462
4940138 -0.11195964394623592
4940503 -0.21457546359642632
4940842 -0.08154385280173598
4941196 -0.05228868700419348
4941538 -0.14531245909940943
4941878 -0.12132899571868558
4942212 -0.08533395349404654
4942552 -0.11761982718112982
4942891 -0.09433929793666013
4943233 -0.08651827144735413
4943599 -0.041063021202307703
4944051 -0.04555700941620133
4944399 -0.049922626546916815
4944728 -0.034010678018248974
4945104 -0.01878172026543068
4945424 -0.05581706559567097
4945611 -0.07287278660680901
4945926 -0.0025073754292953554
4946239 -0.12326643046130237
4946553 -0.04082445174681415
4946871 -0.06290354644231216
