3748820 1.2198308933089583
3749166 1.3471251009556342
3749509 1.3047464719109816
3749843 1.3368936445237458
3750169 1.4393667647257824
3750485 0.9676850693097143
3750793 1.0974397083042322
3751103 1.0953713207426854
3751423 1.204482418436914
3751746 0.8360805402505833
3752059 0.7992252584894328
3752378 0.8265543385264746
3752727 1.089664333284832
3753076 1.1803438303113485
3753434 1.1325983037098868
3753785 1.082534503858792
3754139 1.0969367818135187
3754494 0.8650824070395449
3754863 1.010535508503637
3755240 1.178582138206554
3755617 1.278489478961126
3755994 1.319979340220408
3756359 1.4258927323229005
3756691 0.9493842250076878
3757024 1.1728757066082591
3757349 1.2267773583601296
3757677 1.3494680418293177
3758004 1.486265287264097
3758333 1.518324834106234
3758656 1.3096506568431705
3758972 0.9573173595231242
3759281 0.9719015172366468
3759593 1.2648325983538804
3759927 1.1993309383834414
3760277 1.3009542267845633
3760680 1.388348299157471
3761081 1.4578758287219022
3761486 1.5256119952764575
3761879 1.1085469245402297
3762241 0.9836495964456324
3762593 1.5846112229027964
3762933 1.568769649970474
3763275 1.3979618968664473
3763610 1.2973243716669263
3763932 0.9623054139569129
3764254 1.0944906085942765
3764585 1.519449301833557
3764924 1.6155236278688285
3765273 1.1673145135090117
3765630 1.4132002367347662
3766006 1.6025914387111744
3766396 1.8536078966373846
3766798 1.7870315867009865
3767190 1.3360889883120368
3767566 1.117376097874541
3767928 0.7645537165696219
3768275 1.0153689314104524
3768634 1.5126661632997727
3769022 1.4683567753508386
3769399 1.5466861272659613
3769766 1.105183477327747
3770126 1.249316575186804
3770484 1.5521483087792096
3770842 1.434725040705221
3771215 1.53883372675817
3771598 1.5382154864172919
3771982 1.261352725398396
3772354 1.0693522324768212
3772719 1.3170039802514917
3773089 1.462729147464213
3773446 1.3728814001068008
3773784 1.2979980943097784
3774129 1.4344677458090391
3774478 1.6552216153362624
3774834 1.3697295002925243
3775188 1.3558008478290395
3775553 1.3968840655278025
3775922 1.6510981296839282
3776288 1.3291356742843026
3776645 0.9887093428813731
3776999 1.113713636396237
3777356 1.4884408910164217
3777711 1.2141805825695928
3778063 1.0791311111186417
3778411 1.4450100792547973
