3779010 -0.1527093991833572
3779576 -0.1614477704025742
3780121 -0.16819487418706258
3780654 -0.16138613119368495
3781175 -0.1478987225882713
3781714 -0.16443529245012206
3782228 -0.1687788929135145
3782718 -0.15511516028978672
3783207 -0.1533349273853319
3783705 -0.17258429734110214
3784228 -0.16901829130564305
3784751 -0.17050094589965947
3785285 -0.14258932406220276
3785829 -0.16689351143181824
3786363 -0.17423194165659356
3786889 -0.14450123308955493
3787425 -0.14995986199434236
3787945 -0.1755682139784821
3788450 -0.16600647458846596
3788949 -0.15842858001570315
3789453 -0.13610490479168302
3789968 -0.17966322681971353
3790480 -0.16288733335301442
3791002 -0.15826794894827012
3791552 -0.14616081590891178
3792116 -0.17363049736189906
3792675 -0.1738012563678007
3793232 -0.1550914949566468
3793779 -0.16760081369442037
3794300 -0.16344109555009118
3794817 -0.1515012318465762
3795329 -0.1589091118043231
3795828 -0.17692878349667912
3796321 -0.18241951726327144
3796824 -0.15057106610608367
3797329 -0.1577904656866584
3797848 -0.1712158056807368
3798365 -0.16587553511289194
3798887 -0.1482105501871988
3799418 -0.1609149094494039
3799943 -0.16905976068645723
3800456 -0.16236073912386162
3800965 -0.1654305661140753
3801472 -0.16220601505113436
3801973 -0.1843124006770201
3802480 -0.1716802984204765
3803018 -0.1598153736589728
3803568 -0.15786740249819065
3804103 -0.1800928039310314
3804619 -0.16636908402257045
3805127 -0.16484945025138004
3805629 -0.16734035677175502
3806116 -0.15783720315140998
3806619 -0.15041475522543807
3807132 -0.16784028099078796
3807634 -0.16935777661166296
3808141 -0.1718766082452695
