5547297 1.3045188047894287
5547612 1.3932249411605417
5547926 1.4064915461800602
5548239 1.260500269966687
5548553 1.158769722663844
5548868 1.241247421995052
5549184 1.3552117727547468
5549501 1.4161639710366352
5549817 1.322013910807674
5550133 1.1900451457516819
5550450 1.1778852315400914
5550768 1.2087684799197835
5551088 1.3085256191157817
5551408 1.4123826683000336
5551729 1.3959502981942127
5552051 1.240844792637581
5552373 1.173491179863038
5552695 1.218987944569041
5553017 1.3437054519586833
5553340 1.4235838016745848
5553661 1.3572807507025313
5553982 1.224067819565193
5554304 1.1622086216355842
5554624 1.2629131695558529
5554945 1.344872396086124
5555263 1.4214011599570158
5555580 1.4048574106717109
5555896 1.2692210026942508
5556211 1.1564337978300576
5556527 1.2796381659597644
5556846 1.361211950025321
5557165 1.4172224176541761
5557484 1.3479465418166334
5557803 1.2976593924040878
5558124 1.2502073379372967
5558446 1.2688354846463756
5558770 1.3883363597207472
5559095 1.4349053404909442
5559423 1.4139761473269357
5559753 1.3146095364228227
5560085 1.2683344780677102
5560419 1.3136892129578224
5560754 1.466832855321724
5561092 1.4941691066197271
5561441 1.3757217259506715
5561783 1.3021785766064735
5562128 1.3606433678097007
5562477 1.5117758557942016
5562833 1.5191195864836475
5563182 1.383887750649738
5563529 1.3155787081142192
5563870 1.3135619460738506
5564209 1.3518468204478573
5564545 1.4848976569596777
5564880 1.5062540686070887
5565214 1.4020958409721134
5565544 1.24986234970385
5565872 1.182635661883247
5566198 1.231839640414146
5566525 1.3174098549605588
5566851 1.3907241213289616
5567176 1.411808736057722
5567497 1.3515440434519161
5567817 1.166807349619336
5568134 1.179971374132168
5568451 1.350713897806025
5568767 1.4437684280206948
5569081 1.2911186033415483
5569393 1.14367289157106
5569704 0.9450381501905811
5570012 0.6916883380700631
5570322 0.7314703669027257
5570632 0.7555903874011933
5570942 0.8795860082776945
5571250 1.017658598988762
5571558 1.1862365752313295
5571867 1.237214681640585
5572177 1.19162031551704
5572486 1.1261984478165292
5572796 1.2010306119313279
5573106 1.2139421913821251
5573416 1.2050428638319244
5573728 1.1156640128514599
5574039 1.1431717696706873
5574351 1.1400822224748426
5574664 1.1097156385910028
5574978 1.123794097134586
5575290 0.7361181045442884
5575603 0.6616294733805858
5575917 0.9178621527630664
5576228 1.1043809924049808
5576538 1.1634003997650018
5576848 1.2046497203018487
