513496 1.0198299049205626
513785 1.0462328937414
514074 0.940516459906803
514361 0.8645262421866893
514651 0.8711721579137623
514944 0.886600892138095
515238 1.0298819204700966
515528 0.7953043993364373
515822 0.881974906699833
516117 0.730929533221931
516417 1.0207478691933638
516720 1.0955322337997664
517025 1.4146055995434073
517330 1.4690229667287602
517635 1.135483511462128
517937 1.0836948481111714
518238 1.1584629035699407
518537 0.9919581068974168
518837 1.1756832874343244
519133 1.0088318142349963
519433 1.027137809137545
519737 1.069988036998261
520043 1.0421899043616027
520349 0.9675699403633469
520658 1.184855878895792
520972 1.2594373341082183
521283 1.2177182534818405
521598 1.0128544789859322
521912 1.3173653843002704
522231 1.2111180212813764
522546 1.1758039634733295
522857 0.9683910200385717
523172 1.1401417044651712
523480 1.2298211127883865
523784 1.8413463758878468
524084 1.0062029916433672
524392 1.1301542485452754
524708 1.3981138464985112
525031 1.2401298347731966
525353 1.0469779268950494
525680 1.2343243497441674
526018 1.0941253883643314
526360 1.1101876395394839
526699 1.044203370602979
527036 1.281154717090942
527367 1.0213860882407317
527692 1.0602124189743503
528017 1.3100460621462355
528344 1.3161920633915989
528671 1.1957850643991739
528993 1.2692621862165088
529306 1.2088695373028693
529618 0.9817990810718009
529935 1.1312430433950182
530258 1.0574900075821945
530579 1.2335249759348603
530892 0.8770796970369041
531201 0.9734461174218154
531514 1.2654416206645382
531827 1.4883197513074764
532135 1.173596731375636
532448 1.2112331376980032
532768 1.4054911716313865
533087 0.9787232841031415
533412 1.3674581570378963
533738 1.2465163553676164
534064 1.3521354978383167
534383 0.9984432567671577
534709 1.4006030041196404
535038 1.288387763527396
535370 1.3432170331284616
535692 1.210397560785557
536018 1.4178890475290267
536342 1.385105108103453
536661 1.01047510144504
536980 1.1230297025364693
537303 1.201329982410613
537621 1.2035288135204225
537946 1.1754204391660392
538271 1.6390026407558005
538596 1.1781841382974683
538920 1.227367764817434
539235 0.8973681344864706
539555 1.2582193046117593
539874 1.1923434947974785
540191 1.2559758857775232
540504 0.9500813925911203
540819 1.1968307686234705
541140 1.1613410884464432
541464 1.251174412758095
541788 1.010660950086059
542113 1.2119686623639065
542445 1.1346444115065757
542774 1.2242334813120588
543113 1.1863563652540052
