2431090 -0.13460133327232
2431411 -0.13103266901841026
2431735 -0.12354102853944049
2432071 -0.13865950128914523
2432408 -0.15044282856844726
2432749 -0.11884563990548896
2433095 -0.15894874048149557
2433443 -0.1587948125400706
2433794 -0.15511079330715172
2434144 -0.14364102187952932
2434489 -0.1217162888644846
2434828 -0.06481142074359969
2435160 -0.08517992213107128
2435484 -0.17049486264462355
2435801 -0.16176953475343986
2436115 -0.14179738706309603
2436432 -0.10785791637374434
2436757 -0.139217338171463
2437083 -0.15827794667127942
2437412 -0.1454635947227948
2437742 -0.1322658318062268
2438070 -0.16665786520123327
2438400 -0.15349375870931437
2438731 -0.12901737822298165
2439069 -0.11327175549091772
2439413 -0.12785973661098538
2439772 -0.12065613108143541
2440136 -0.14641476490816735
2440513 -0.12232428447314508
2440901 -0.11688079908583032
2441289 -0.11319751404846362
2441675 -0.13479185767735546
2442048 -0.14668692685805484
2442413 -0.1181663095286532
2442774 -0.13570870028355347
2443129 -0.14050405735852323
2443476 -0.12397534047550174
2443815 -0.17180581714234489
2444147 -0.14022626213926548
2444475 -0.10848755653260822
2444798 -0.12535486251664052
2445122 -0.12662675871625861
2445445 -0.15826016423758932
2445768 -0.16130264862318472
2446094 -0.12148455912403455
2446424 -0.11546171282776102
2446758 -0.13394992268576605
2447097 -0.12505296382409908
2447433 -0.1824985435181376
2447772 -0.13099793268380822
2448109 -0.10801366349276054
2448449 -0.12835953276164241
2448791 -0.13316389132944761
2449125 -0.11987424020872955
2449461 -0.11089805765636485
2449803 -0.12727601826358065
2450141 -0.17148725825594763
2450483 -0.13706226819865203
2450824 -0.12815315497726454
2451166 -0.14521436510405694
2451507 -0.14058566688197255
2451845 -0.14940093640350288
2452182 -0.13981174728293638
2452519 -0.11596976305420403
2452859 -0.10262931371157297
2453193 -0.11131978907391502
2453525 -0.11214524274628918
2453857 -0.14160566013912862
2454194 -0.12167926921276911
2454534 -0.12849455044082522
2454877 -0.11352816012736178
2455225 -0.1155251589402434
2455575 -0.1278798755446613
2455925 -0.12574548256428597
2456279 -0.13668243308685335
2456639 -0.10167768898606933
2456999 -0.12153259290358193
2457360 -0.13738182945453836
2457716 -0.1430830521439998
2458075 -0.10678142816958519
2458433 -0.10457483665231665
2458867 -0.029192706638787425
2459143 -0.09043596831534395
2459481 -0.25036814715469236
2459813 -0.1743821595548813
2460141 -0.18081864717717294
2460462 -0.1176108526829458
2460779 -0.14202285156492556
