3390048 1.2926561179963725
3390409 1.3061401241691781
3390777 1.1850185180647381
3391145 1.114428613517788
3391515 1.2381755893571413
3391880 1.1910272700441071
3392239 1.0651695923387394
3392595 1.0056234225594156
3392953 1.0997039205325227
3393318 1.1555007224510203
3393683 1.1251272537710615
3394046 1.1097827600573407
3394407 0.9328918536691889
3394764 1.0478270728578785
3395124 1.1476170961242984
3395482 1.1367364000544515
3395842 1.0357761155367662
3396199 0.952168846168649
3396562 1.1098985247094098
3396932 1.1541617615510638
3397307 1.1532642766270884
3397693 1.0835464859547839
3398075 0.9631747621030479
3398461 1.0379789638775394
3398848 1.1424907057158382
3399241 1.1507156311963675
3399628 1.0289969259466727
3400011 0.9758517851843742
3400399 1.0991351468902717
3400789 1.1614886049925985
3401184 1.1384555261129183
3401586 0.9969538209083675
3401980 0.9149307495794979
3402375 1.0960233812275186
3402768 1.1438206122667958
3403164 1.1413246863497535
3403567 1.091742674990654
3403974 0.9763161523131235
3404374 1.026813137674551
3404768 1.0953267604761856
3405161 1.0715309308180327
3405551 0.9885560997184475
3405934 0.9582502607262122
3406316 1.089507974987431
3406699 1.1083828601632397
3407081 1.072919232086581
3407465 1.0873614241969571
3407846 0.9861359451566158
3408233 1.0785011150287904
3408620 1.109833081771837
3409012 1.0928468307693573
3409409 0.9969074936709608
3409797 0.9799407326447338
3410188 1.114983963845324
3410578 1.1044808147277143
3410968 1.0321402684931036
3411347 0.9709900807573426
3411724 0.936272368312626
3412097 0.968990113927773
3412464 1.0041170361463916
3412831 0.8319725863328558
3413198 0.9444240021071608
3413581 1.1112984347301185
3413969 1.1019637749221198
3414369 1.0789557211912293
3414770 1.1369485124002963
3415165 1.006603274371341
3415553 0.9697009592279444
3415940 1.0667357589151163
3416326 1.0494631106129038
3416708 1.031081358079602
3417084 0.9374514111512654
3417458 1.0384125060641085
3417831 0.9812679143833605
3418205 0.986411034903243
3418585 1.0710288465113516
3418968 1.0626868043409061
3419360 1.0460118731253811
