6175678 -0.1348142230939266
6176033 -0.2311061594487114
6176353 -0.1893942912065527
6176684 -0.06946675505608685
6177029 -0.05036629592054598
6177374 -0.15703327891241553
6177671 -0.1223301331919967
6177995 -0.0990133507416262
6178322 -0.08847779758658042
6178651 -0.12770399802522658
6178980 -0.133891213729171
6179308 -0.042189869911933964
6179642 -0.19144982292991275
6179976 -0.12891033744974512
6180308 -0.13364873560870527
6180636 -0.08074611186204816
6181097 -0.1608697775735839
6181324 -0.0970211942311322
6181650 -0.10079367435620823
6181964 -0.12194662140525114
6182366 -0.09958532999770908
6182623 -0.14114506565639828
6182949 -0.278857364985149
6183271 -0.11407191087559271
6183598 -0.1886379840452907
6183930 -0.16432920338345275
6184262 -0.20741059864761952
6184726 -0.05045634194221041
6184920 -0.06694984605467741
6185250 -0.13258405040663937
6185580 -0.13958503782809004
6185907 -0.10249423318780801
6186238 -0.06110865694242376
6186566 -0.0945752686637907
6186894 -0.10389114074681699
6187217 -0.16263479565740532
6187539 -0.12759828976069099
6187859 -0.09324878447706
6188226 -0.16821450631937235
6188492 -0.16110396327084442
6188805 -0.1170609361534925
6189117 -0.10207168347874107
6189482 -0.12838580977026415
6189742 -0.07090150196408274
6190062 -0.05761388743146012
6190522 -0.047190204951640724
6190715 -0.09310098264844868
6191046 -0.0879656832430179
6191385 -0.11543002665269833
6191724 -0.06563479608076611
6192058 -0.06561271601377994
6192386 -0.12147125211986509
6192711 -0.09887936525980512
6193040 -0.1684721767324069
6193494 -0.09391687782995672
6193823 -0.06910611683780998
6194011 -0.06339432527236921
6194335 -0.07153793840650405
6194662 -0.11762145415906339
6194985 -0.07944875360268988
6195312 -0.06892446694075718
6195642 -0.08372850292716488
6196027 -0.10668017674411569
6196287 -0.04206660565335402
6196610 -0.0790701922421852
6196936 -0.0878722806427139
6197265 -0.06446100993805706
6197603 -0.08617084792824348
6198081 -0.105086895220034
6198287 -0.09633767810561189
6198622 -0.12419466129851042
6198962 -0.04613063786588967
6199360 -0.04612384541147618
6199664 -0.05691881525589726
6199940 -0.10111149370354029
6200259 -0.1587956842636497
6200580 -0.11333903481466767
6200946 -0.06304696508173269
6201227 -0.13942477681866416
6201548 -0.15952786623039072
6201871 -0.056576853951618045
6202226 -0.05292532166539532
6202534 -0.09221240704758293
6202877 -0.12130153416864797
6203221 -0.09078388043334129
6203634 -0.09514028115648032
6203925 -0.022677433413488157
6204268 -0.09757349825538608
6204645 -0.13214781408602527
6204951 -0.0814607366709168
6205289 -0.11596541092363832
