4977858 1.4701383713080554
4978192 1.4987933225833683
4978526 1.468083787416431
4978863 1.3055669068720324
4979199 1.2395846503302064
4979535 1.3604123083734287
4979867 1.5312213848931386
4980201 1.51876383425882
4980532 1.336465578573224
4980861 1.2312688155998477
4981189 1.263627399605113
4981516 1.4561510231555956
4981844 1.570013395623608
4982175 1.451776701926695
4982508 1.2738884702095092
4982840 1.2519871429874585
4983174 1.2355453475154805
4983504 1.477155584337917
4983834 1.537818432031222
4984163 1.4590080273051584
4984490 1.2687334091277704
4984819 1.2582931587192654
4985145 1.2676041882829021
4985472 1.476262078817719
4985802 1.5283034430461897
4986133 1.4723711426059702
4986465 1.2820681891853338
4986797 1.2203429338414802
4987128 1.2445190826064267
4987460 1.4954284823565613
4987794 1.546170144340004
4988133 1.4763859824764436
4988470 1.2920393330679285
4988804 1.239269631732706
4989135 1.2463814857954156
4989465 1.4974607375736504
4989796 1.5079562386937118
4990129 1.4411289975801784
4990460 1.2684547519791198
4990791 1.1792429303536298
4991118 1.2457824888034041
4991447 1.4710203957389536
4991776 1.5080784184256038
4992107 1.4573927794198533
4992438 1.276678145994107
4992769 1.2478218674852206
4993099 1.3594024059812249
4993429 1.5229812922958925
4993761 1.5094606471640095
4994093 1.3043669487765046
4994424 1.2388502352047577
4994753 1.2363663808260257
4995082 1.4299098521694174
4995412 1.5321615451915052
4995742 1.528583458544538
4996073 1.2949835421732319
4996403 1.2293733999228635
4996733 1.2869845597287133
4997062 1.4323319493879705
4997393 1.5469059893410992
4997725 1.5072123456697015
4998061 1.3061940066091444
4998392 1.2872409622268883
4998721 1.2997135312851675
4999052 1.519426363371431
4999384 1.5549465554428994
4999716 1.4599519855829926
5000046 1.286673059551746
5000376 1.2511322360045707
5000704 1.3135065812316942
5001032 1.52358147463766
5001361 1.5223202318876368
5001691 1.450894341461168
5002020 1.290908599211855
5002348 1.270408906899545
5002676 1.274537492290524
5003004 1.4560926748555654
5003331 1.6127371723843273
5003661 1.490913727889393
5003990 1.3054943100672292
5004318 1.3366243289360993
5004645 1.3014508890552474
5004974 1.5047135254432578
5005304 1.5854059662889854
5005634 1.5050759938710865
5005966 1.3039995829301472
5006296 1.276115022765779
5006625 1.3280393796833678
5006955 1.4940460245886293
5007283 1.5517072325975247
5007612 1.516404470544914
