5156929 0.8116322072457767
5157257 0.7934403676162012
5157596 0.8025168888917624
5157937 0.8236278224836311
5158284 0.8427611971901064
5158633 0.8292571037378387
5158974 0.7348108517257386
5159320 0.7339052848411247
5159666 0.8538716027635406
5160036 0.9876028548465042
5160449 0.9946543598193952
5160853 0.8115856894772107
5161254 0.8023078556952468
5161706 1.041919611975999
5162224 1.0898751740723571
5162707 0.6993677317949651
5163143 0.7896826360583954
5163562 0.9351681885067353
5163986 1.0807261748869026
5164396 0.82498303080484
5164789 0.7053544753275247
5165194 0.8349547874418584
5165656 0.9921188922985896
5166165 1.1791665729366119
5166670 0.8229804256141093
5167141 0.6735437496778294
5167591 0.9143174499139659
5168040 1.0850678783793737
5168484 0.9904875543806095
5168906 0.7546822645110054
5169320 0.8722387372671931
5169760 1.0601716219863573
5170168 1.1523243552773301
5170595 0.9305554231981765
5171001 0.8605558537748681
5171410 0.9375732968367009
5171864 1.1173426467263428
5172251 1.1387997891944746
5172648 0.8727606439304945
5173033 0.7961050170817612
5173437 0.9796995511068077
5173845 1.1557319368740415
5174268 1.0843759982097576
5174681 0.8791253967470714
5175078 0.8203427611544353
5175530 1.0457405588901634
5175941 1.1571555833884464
5176405 1.0835958229271172
5176795 0.8715230709408389
5177202 0.8072733310433583
5177602 1.0125084957733885
5178024 1.1429742158418905
5178498 1.0960208549342059
5178990 0.8205136262437638
5179448 0.9011401469198854
5179922 1.1157198428525659
5180389 1.10530241146345
5180822 0.8681461128894551
5181242 0.8336736329237231
5181658 1.0458828972008036
5182111 1.1995203578091216
5182564 1.125512850122025
5182990 0.9033592659088341
5183402 0.8473808350025771
5183825 1.0729514548594317
5184310 1.2350144465513626
5184814 0.9739211031667498
5185298 0.7792704932192647
5185746 0.9218395058907586
5186212 1.0970167410507357
5186679 1.2482271914270724
