4768018 -0.07265533601392726
4768395 -0.07976475481616789
4768773 -0.12806966846344664
4769155 -0.13961588148613513
4769582 -0.15469969841237036
4769929 -0.0673936325479738
4770440 -0.06824137569515837
4770681 -0.06958846714977412
4771047 -0.27734829250849646
4771408 -0.15202054756041505
4771764 -0.07068145350251454
4772128 -0.12369951281910674
4772493 -0.13352547500167566
4772852 -0.13878863663093643
4773218 -0.07194251246134786
4773586 -0.16527846647206074
4773947 -0.15563916703496694
4774318 -0.13902522326798333
4774691 -0.03884150970755185
4775069 -0.14988344186632702
4775451 -0.12361388146119395
4775831 -0.06066338379986158
4776220 -0.050672207816747916
4776601 -0.06764339499738825
4776974 -0.06134296301048226
4777399 -0.05745414804313466
4778069 -0.12800907693670138
4778417 -0.18797546139648807
4778761 -0.06521626630900434
4779101 -0.14820573471405932
4779578 -0.22806189908948302
4779796 -0.2737494416566223
4780154 -0.12903980810013782
4780511 -0.11310051229509227
4780878 -0.060003068131744164
4781252 -0.12428610971845455
4781632 -0.11332960642182627
4782008 -0.06668777081712625
4782385 -0.06214942378015326
4782757 -0.0731658106908341
4783151 -0.07899453009670147
4783866 -0.2219398720197613
4784223 -0.10542794759072556
4784612 -0.12022360371147711
4784941 -0.1636582595171614
4785300 -0.10081993704507058
4785674 -0.05049745310718437
4786046 -0.11149758439241061
4786420 -0.12553822608224383
4786810 -0.06803107568745687
4787271 -0.017949107117116135
4787559 -0.1146991121251589
4787935 -0.03549693244549369
4788354 -0.09877911439134877
4788685 -0.09054307353163926
4789050 -0.1352946815721222
4789549 -0.10986073068637803
4789784 -0.139316231584273
4790148 -0.12901744550188346
4790515 -0.155302130785427
4790891 -0.17503200807401476
4791265 -0.0766918749161952
4791654 -0.0420414130869526
4792107 -0.30653819867537285
4792402 -0.11315674315933988
4792768 -0.1106363700330402
4793195 -0.051185709060159706
4793600 -0.061852597150783006
4793878 -0.03236659848282175
4794237 -0.07556780679284691
4794644 -0.09486560384992937
4795034 -0.14621530834052532
4795408 -0.10203014693293566
4795680 -0.060076153550371325
4796019 -0.057477408033423494
4796413 -0.09734811866036461
4796554 -0.18727973753720406
4796713 -0.3364383861202297
4797049 -0.1494138087817397
4797390 -0.0929749514416015
4797726 -0.11910985288865228
