273816 -0.04283179739065707
274202 -0.05680789929177846
274548 -0.06060771650754851
274955 -0.06637032482073008
275334 -0.0607791441705858
275722 -0.034799282689106675
276048 -0.08437931823152145
276436 -0.044110419292708036
276820 -0.04385370242054659
277216 -0.0414974582756748
277592 -0.05526207524951954
277954 -0.0732065119779785
278394 -0.0492592675308689
278810 -0.056192286946451175
279119 -0.04163694035595916
279483 -0.10363221055370025
279871 -0.07871120708392154
280260 -0.03508940443510929
280679 -0.06448074371511656
280984 -0.060992979695459665
281366 -0.03649510245873208
281777 -0.08646818547427879
282131 -0.04181969732520838
282474 -0.07685787943085798
282863 -0.07508316493193984
283229 -0.05564539853097644
283623 -0.05185012221171975
283997 -0.08028119134243822
284447 -0.045144561263498195
284797 -0.03952334057654189
285199 -0.03863903606989355
285580 -0.07453050028094577
285987 -0.0710219024545723
286373 -0.04954238061870475
286739 -0.06600932992216518
287135 -0.061712787405008074
287525 -0.040618891256228695
287870 -0.04571633272975523
288244 -0.12380310209777928
288635 -0.04355960529714348
289017 -0.05404178518182562
289417 -0.058659035231838796
289776 -0.08552280721544009
290178 -0.043153530448300614
290590 -0.04134175156201267
290964 -0.0564172942073205
291339 -0.09517808955297771
291722 -0.0527252666438931
292114 -0.06580995505142079
292475 -0.13602023967541277
292843 -0.07359326625277196
293230 -0.05096353564831946
293596 -0.062171438190438355
293953 -0.07444348568668724
294323 -0.06970884327697063
294713 -0.052768529487504934
295127 -0.04387745984235597
295460 -0.11620724111387415
295842 -0.056391856757478764
296271 -0.04789452346176404
296608 -0.052511629630237255
296983 -0.09981467965915125
297393 -0.06242466633863508
297743 -0.049603323572077584
298134 -0.05353271172198032
298470 -0.07794382842693742
298882 -0.05930235185410032
299245 -0.08375006527363049
299568 -0.09316247012639017
299932 -0.06376722313389704
300314 -0.06010410506493158
300696 -0.057717649405834015
301068 -0.06407750069310497
301427 -0.10555453359365696
301819 -0.06824509696677361
302196 -0.05508407643332114
302577 -0.04420420236857303
302939 -0.07651728390324364
303314 -0.034538011702556604
