3389387 -0.017155322101267467
3389681 -0.0972611946782479
3390061 -0.04695448879688796
3390422 -0.08154346783712701
3390774 -0.16035765122015055
3391120 -0.19464729071668457
3391474 -0.11075259015845867
3391832 -0.18345671643291095
3392226 -0.09066503821288885
3392621 -0.1635408929852804
3393034 -0.11199363692596398
3393469 -0.05733708666876852
3393911 -0.06273542210360727
3394341 -0.13483543645684842
3394757 -0.07423584894371227
3395159 -0.13809589781699144
3395541 -0.12369797465208456
3395906 -0.0722216349951746
3396266 -0.1014117224324778
3396636 -0.11968221971391077
3397010 -0.10590828934364824
3397473 -0.022016326667431252
3397761 -0.08448903255062923
3398133 -0.04766354320518407
3398585 -0.0479318396887789
3398967 -0.07036484569346935
3399247 -0.04424627528437286
3399591 -0.0977862139206847
3399943 -0.1601072966444521
3400292 -0.03836211020279143
3400642 -0.1119412194846543
3400992 -0.14544346666344035
3401359 -0.10549072099715545
3401746 -0.09281335527879814
3402130 -0.1257135353874173
3402544 -0.09165804161424418
3402972 -0.07601224295301678
3403402 -0.06074666913236082
3403810 -0.1188589236569711
3404297 -0.05561069856211254
3404597 -0.13664111227075404
3404962 -0.12322438481097775
3405423 -0.05163610716761846
3405809 -0.06610273581238679
3406203 -0.0724284623035657
3406514 -0.054626832014658455
3406903 -0.12657169892235198
3407289 -0.03451731178537698
3407676 -0.10240893131814621
3408051 -0.08361936834067074
3408408 -0.12372647328445363
3408758 -0.1498160493402867
3409121 -0.08657232216845501
3409507 -0.07307252865037461
3409898 -0.11837379057365799
3410294 -0.10424840282519302
3410710 -0.08478121283112502
3411135 -0.08740256046733225
3411542 -0.157140655986452
3411951 -0.11406900869605396
3412357 -0.13027748676535533
3412761 -0.11890644987010657
3413178 -0.12177530250469193
3413597 -0.1506034825667345
3414010 -0.20204710993472064
3414408 -0.09959666512368515
3414797 -0.14482566531914853
3415180 -0.19352982736567081
3415557 -0.2424940463729886
3415929 -0.17159108334939205
3416297 -0.08583111443894936
3416667 -0.040371358165480736
3417040 -0.09797473102682763
3417391 -0.22762623927968573
3417738 -0.2106261472314926
3418097 -0.24593136631229934
3418472 -0.23568435790443865
3418861 -0.13021638248617967
