2341073 1.3144511124412137
2341400 1.1605218207089423
2341726 1.1195643628225556
2342052 1.3482418049778324
2342385 1.4356952177979088
2342711 1.4308535351758462
2343048 1.400202131910616
2343378 1.1933643224544266
2343709 1.1535641124087581
2344041 1.184673465655305
2344376 1.3864462802703736
2344711 1.415012389803286
2345044 1.354750005315661
2345375 1.1579487558545682
2345705 1.085422035699888
2346035 1.3087300705051526
2346367 1.4192813059653462
2346704 1.4173791295812643
2347034 1.3640707132286478
2347366 1.1654445463771417
2347698 1.1042969956507924
2348030 1.3067695899251541
2348364 1.4464959898936407
2348702 1.4265424226207037
2349033 1.2871564651904963
2349366 1.1972882934581321
2349697 1.1485034517691695
2350027 1.2925346846355747
2350357 1.4218810128754136
2350685 1.4588125601782154
2351012 1.2610541049849653
2351336 1.1434250141041373
2351660 1.1764695182789895
2351985 1.3247450436576549
2352315 1.3898149010348573
2352644 1.399575094519983
2352970 1.19402513444438
2353299 1.12066926009179
2353628 1.2373102840445904
2353967 1.410199898177632
2354304 1.4314304279618502
2354643 1.440591041308219
2354975 1.2290134580493128
2355311 1.1484438476436871
2355645 1.2048292928296929
2355979 1.3701587505231128
2356312 1.408141975277764
2356644 1.3143094442843886
2356971 1.0878010858402138
2357297 1.029813012532159
2357622 1.1682125481316676
2357948 1.292937867243638
2358275 1.3841923071021371
2358598 1.2786830789994645
2358920 1.0951742563339675
2359243 1.100130096337152
2359568 1.2488822059380098
2359897 1.3442504827493573
2360229 1.3864247508855618
2360562 1.3396943820085938
2360890 1.161796589051511
2361224 1.1199895572217693
2361564 1.314656714205261
2361907 1.4206008167669686
2362248 1.448154026927713
2362583 1.2098830366611704
2362920 1.1092449670867048
2363258 1.2205845433605411
2363602 1.391876750397274
2363948 1.421258408489901
2364294 1.40022647891011
2364635 1.1622673235543972
2364980 1.1574747861425576
2365321 1.268964899789553
2365672 1.3801538425300321
2366020 1.4263518082270155
2366366 1.3953707977336505
2366706 1.1844342662629888
2367050 1.1403854422302433
2367397 1.2960882775901175
2367743 1.3920146784089646
2368090 1.4372381337298599
2368437 1.318866418592004
2368777 1.1784725123867597
2369121 1.1531186388497414
2369468 1.3325481607497223
2369808 1.4315797691941752
2370155 1.435216460942951
2370494 1.2441774572516264
2370835 1.1502920806733634
