3120390 -0.20948072213508573
3120710 -0.07591137820573768
3121068 -0.19660280695274357
3121352 -0.1502883677442058
3121677 -0.34403761861407084
3121995 -0.22123126789445718
3122396 -0.1445604686041132
3122745 -0.12693614953158333
3122973 -0.14878172352961266
3123311 -0.12786060275019384
3123752 -0.05811437305273093
3124005 -0.06344573325589076
3124259 -0.10463251968905973
3124572 -0.07276051787432491
3124886 -0.05719027488965167
3125266 -0.046210282283807025
3125557 -0.10169149796909849
3125855 -0.1608173286901204
3126218 -0.11852380187318545
3126508 -0.12400565429759805
3126835 -0.17223613212854047
3127162 -0.0575098966893515
3127487 -0.15851891671799462
3127944 -0.17021196894669557
3128066 -0.34931118834069436
3128502 -0.3488322469750285
3128735 -0.05783355162929876
3129050 -0.08127314552149989
3129444 -0.11009155044525254
3129680 -0.33006366827004885
3130001 -0.24811196963804427
3130330 -0.11002744307058476
3130658 -0.10282985649649867
3131119 -0.2813964235411188
3131311 -0.11867666373456354
3131645 -0.36267639251310935
3132031 -0.23401353422533488
3132283 -0.20399099191267056
3132638 -0.227606781185396
3133027 -0.18869707048962425
3133269 -0.2569172097746866
3133581 -0.31414277704197596
3133963 -0.2025842535785098
3134041 -0.31117130973611584
3134237 -0.2924700856167096
3134523 -0.07901401039779787
3134662 -0.40579172358172005
3134835 -0.3127424688971693
3135148 -0.10748276070025929
3135584 -0.06303183613698665
3135787 -0.14084095810478062
3135899 -0.17837691560235588
3136199 -0.2974234480722189
3136484 -0.16778993568126035
3136743 -0.10444995213756966
3137051 -0.133369716903361
3137504 -0.1431485133217818
3137691 -0.15568483213661855
3138037 -0.09715265735013257
3138388 -0.3207076949174765
3138695 -0.0995425223947577
3139023 -0.040488142945539596
3139357 -0.1539645711708163
3139685 -0.07305309198643745
3140017 -0.044753062884879374
3140345 -0.04759618683453781
3140664 -0.08958849384989753
3141059 -0.21164794949594257
3141449 -0.07327515549414132
3141778 -0.08371603180615073
3141963 -0.3129085688985893
3142337 -0.17539020931414728
3142605 -0.17282505479894772
3142951 -0.18259598837368174
3143247 -0.15825841175254973
3143674 -0.0831622275665761
3143877 -0.270964563608767
3144320 -0.13205097377999575
3144507 -0.2849165389566706
3144878 -0.3104043397337102
3145274 -0.12200338401991162
3145484 -0.22820888640435855
3145834 -0.0654016935569624
3146088 -0.3143424590542091
3146454 -0.0377259583049854
3146792 -0.26635414293867177
3147050 -0.6453528107433266
3147348 -0.25873137924809164
3147727 -0.23700808308119692
3148056 -0.5426018869321483
3148333 -0.3517097269110141
3148432 -0.11231081736904036
3148606 -0.16806231284324014
3148918 -0.2083245144690949
3149203 -0.08297512031455921
3149520 -0.13859853429543884
3149977 -0.10977667314952111
