183 1.4623942439148132
514 1.4939518003580394
842 1.2139382988928975
1163 1.1621841595237226
1483 1.262370155472917
1811 1.4299689007894645
2139 1.504078837843179
2469 1.34029603508924
2796 1.2797767043598283
3120 1.3936519005088126
3450 1.504084613719307
3779 1.4071124403658262
4102 1.1633461315972753
4420 1.12679416331518
4738 1.3693056343354009
5062 1.5361889325762328
5385 1.3646334323414195
5713 1.18318238635635
6036 1.2346076728516955
6368 1.3991050353201295
6705 1.548758257813825
7049 1.3556830670009092
7387 1.2420993209225726
7721 1.2943772468081807
8064 1.4678147739838097
8414 1.4822503092151975
8762 1.3941047093371277
9101 1.2915925695927757
9428 1.2872707523390603
9755 1.4497172942784347
10083 1.4838169170382975
10414 1.3382843023702544
10738 1.1763545237944875
11058 1.2750283919121788
11378 1.345319320610656
11705 1.500164537002131
12041 1.5115458309158647
12375 1.2367424125599848
12707 1.2351805619638685
13041 1.2932829446874095
13375 1.4099601200810965
13719 1.4470618892374698
14059 1.326012421579877
14389 1.2141907945813841
14712 1.3875058008925478
15034 1.50968975383058
15358 1.38501388796628
15678 1.1615182078050683
15993 1.1997755021164975
16305 1.2979909663748348
16623 1.5446872413583748
16948 1.4844718603593863
17280 1.2260593308171877
17603 1.150766078253259
17923 1.3863973416086295
18250 1.6225321467561236
18584 1.394828565527914
18913 1.15748467448398
19239 1.2258740982786427
19564 1.3836358336039138
19896 1.4931778507678592
20237 1.476740109361553
20571 1.1683460671157238
20899 1.2816871894564117
21223 1.488505931899534
21549 1.53285431606407
21877 1.3232332069208188
22199 1.1136694965206342
22514 1.1636010733902535
22834 1.3093551203212939
23156 1.5359002818903442
23481 1.3715267431604057
23794 1.4381693285519987
24102 1.1942457989911643
24408 1.2570722011221014
24724 1.3537790108509482
25045 1.4330833235912586
25372 1.4858612226812613
25700 1.2909030644036403
26025 1.1616353830293211
26344 1.3141952071143743
26666 1.4538390060823385
26987 1.3506064241835838
27303 0.9476251045553619
27616 1.1064525613649032
27931 1.3679566699024206
28246 1.4769211861657774
28573 1.4509183405497423
28908 1.4559634503549195
29240 1.3113931314179026
29573 1.2865920987510484
29906 1.4053917268988103
30245 1.4950155519519688
30583 1.5270038946474846
30915 1.4204201973995174
31242 1.199261767293188
31567 1.643280874639263
31892 1.5993806012567189
32220 1.4749656712128947
32544 1.2379613089505146
32863 1.2092368759596437
33176 1.2509486928387115
33495 1.4676301381040395
33815 1.487296561916636
