4917387 -0.18821102411398039
4917733 -0.12332153455645462
4918124 -0.10748876616283201
4918439 -0.2355183892784316
4918789 -0.12197649995636764
4919227 -0.18662041104025204
4919509 -0.3552773572570286
4919935 -0.21410269530159642
4920208 -0.2961654518356924
4920552 -0.11834954282895027
4920888 -0.21931457318037953
4921235 -0.12556270765188782
4921583 -0.2134308337888876
4922063 -0.16884951889660038
4922283 -0.23768090438471903
4922648 -0.20785215604920004
4923143 -0.1388062936971089
4923487 -0.13794885617785607
4923739 -0.2162768081671248
4924173 -0.07597905774751518
4924458 -0.24767230203006413
4924817 -0.21616830853159885
4925176 -0.1891477848689056
4925535 -0.1687571978827606
4925891 -0.14211257105432845
4926080 -0.2599110782419404
4926243 -0.16080405659834549
4926592 -0.27642941385451997
4926951 -0.20128170063077877
4927299 -0.18494229854488736
4927617 -0.29606964875729064
4927958 -0.42917093103332893
4928298 -0.2188159578617448
4928769 -0.16005002410970037
4928979 -0.1968940796760758
4929319 -0.28655224166789917
4929659 -0.2539735457216531
4930000 -0.19350372285646078
4930345 -0.1869065759918927
4930687 -0.21520367684183228
4931045 -0.19951074761529092
4931402 -0.1314333137940722
4931750 -0.12739197499471056
4932100 -0.3754980984824793
4932444 -0.21150957690336158
4932782 -0.28947993970013874
4933178 -0.17180632933391132
4933462 -0.24683017014020525
4933794 -0.2067081017480672
4934130 -0.0930780150605156
4934459 -0.21336455844801305
4934785 -0.22013669334038966
4935110 -0.19194205324143676
4935438 -0.2015884715885895
4935762 -0.2415689909484442
4936177 -0.16014246868994814
4936465 -0.242807746735426
4936748 -0.2067028529097274
4937081 -0.1318271061112746
4937420 -0.21200691885695597
4937766 -0.2656445643464688
4938115 -0.16010179622513232
4938462 -0.12603421366369738
4938813 -0.20760547503011695
4939160 -0.1250814474409669
4939507 -0.15125093351703744
4939855 -0.22586035119819473
4940201 -0.14082583662975537
4940542 -0.09498229820323242
4940878 -0.18786399619833583
4941290 -0.2297432773800877
4941543 -0.205009930113499
4941879 -0.38245429222423877
4942208 -0.123851628991544
4942541 -0.4620992819339078
4942869 -0.14309614407794313
4942989 -0.32643509731762965
4943202 -0.15355037261388926
4943532 -0.2578578803723617
4943864 -0.15587052706358784
4944200 -0.11336821828238974
4944617 -0.24722730033556156
4944747 -0.2655281675337726
4944939 -0.20504073125172836
4945189 -0.1529862232360934
4945515 -0.14632062605609145
4945900 -0.4100627273680531
4946164 -0.21002161330836125
4946514 -0.271703481181589
4946924 -0.20023092016403282
