1442146 -0.08649342796594209
1442519 -0.1754627304875142
1442892 -0.12145379072382835
1443264 -0.09802906272232412
1443629 -0.16564417639419016
1443996 -0.10918281272590927
1444369 -0.08902255187985988
1444741 -0.14487640586625725
1445116 -0.09397064640207023
1445503 -0.08830703313652649
1445884 -0.09185312688096539
1446260 -0.1436636182164464
1446632 -0.11583142447966845
1447010 -0.06873972538379308
1447387 -0.0897757119867361
1447757 -0.13318981864040874
1448128 -0.06788862329946313
1448505 -0.09503885748727553
1448879 -0.1194396157469374
1449245 -0.1460224566558765
1449605 -0.09070097067556193
1449968 -0.06759234121872927
1450335 -0.11120854109508452
1450698 -0.11340149620360315
1451065 -0.09768544051724273
1451512 -0.024736748255651617
1451805 -0.05601471204303025
1452169 -0.14942740629384937
1452539 -0.09302733986788281
1452924 -0.07326208951497092
1453288 -0.12949552827076052
1453656 -0.15519751275463708
1454033 -0.09901934243069395
1454415 -0.10315575427520614
1454799 -0.126477192877037
1455170 -0.1624758448544707
1455534 -0.11230333432591644
1455901 -0.0824859026844009
1456277 -0.08992474158759337
1456646 -0.1645495209622987
1457011 -0.1285452384643268
1457377 -0.08876457726925824
1457737 -0.13363198526131997
1458103 -0.0974665104298569
1458476 -0.060744502330255384
1458848 -0.12632051622186768
1459222 -0.11998223565515272
1459598 -0.10301817176313052
1459962 -0.05427118619838589
1460336 -0.0687557460553149
1460712 -0.13627553102601112
1461082 -0.11574917044325825
1461458 -0.06482071347260884
1461832 -0.06381630902086699
1462207 -0.060480976636470396
1462568 -0.11515164610746612
1462927 -0.050759872757537794
1463288 -0.0925143262955252
1463651 -0.06048648837906334
1464009 -0.13432467383658855
1464367 -0.10780205966778722
1464731 -0.0948969002074978
1465101 -0.07248233509538224
1465462 -0.14163020148477512
1465832 -0.09146651912757339
1466216 -0.07556926758407806
1466613 -0.08206731244962867
1467008 -0.1525203534445822
1467402 -0.13186181519176954
1467802 -0.1262590005989493
1468210 -0.10489637331272883
1468612 -0.08338609686667436
1469003 -0.11387149191641388
1469378 -0.14991165868199274
1469749 -0.11716719438137702
1470114 -0.11085697273029949
1470479 -0.11421583572544586
1470836 -0.1577384819874088
1471196 -0.06599060827198994
1471555 -0.09930923982297496
1471909 -0.1450057943353944
