5397464 -0.06609615163340604
5397779 -0.08194920710052278
5398104 -0.11429514494340659
5398428 -0.13223679448374098
5398752 -0.07668203144956298
5399087 -0.06526223046192203
5399394 -0.09639813880785714
5399713 -0.12159265882796072
5400031 -0.1206183030026956
5400349 -0.09017310310526766
5400687 -0.035580961693723545
5400981 -0.0923062260872079
5401295 -0.1125604104805375
5401610 -0.12618802405845186
5401926 -0.05897196198070698
5402331 -0.0481311769952768
5402559 -0.08616041970745597
5402876 -0.11635943839337931
5403197 -0.07673085017699444
5403522 -0.04045964310012201
5403902 -0.047555776990024334
5404172 -0.06572107503211533
5404499 -0.11886719712450367
5404826 -0.09299549708782862
5405155 -0.09187325289288273
5405499 -0.05745252132784329
5405827 -0.061772887557849876
5406138 -0.08545218117946651
5406466 -0.11122869002337965
5406793 -0.07858358868584625
5407192 -0.0429441013118651
5407480 -0.05528846614023558
5407774 -0.07757967213922928
5408098 -0.12166300086792603
5408422 -0.1103204161829845
5408759 -0.0849605513843334
5409083 -0.05777268178170114
5409405 -0.07839175568355711
5409720 -0.10080917566015857
5410045 -0.1306305856426167
5410373 -0.07857258917866272
5410717 -0.05038893501048047
5411047 -0.06244818128616486
5411375 -0.059058888032496204
5411691 -0.10220618287248967
5412016 -0.13509577731496836
5412341 -0.09424900373080308
5412681 -0.04718954241474865
5413007 -0.07950340301042835
5413309 -0.09932200340761349
5413631 -0.1265781276429609
5413953 -0.09531380833339148
5414324 -0.06548374975045901
5414611 -0.08144687880600499
5414916 -0.08496104161614965
5415236 -0.11100802457258091
5415557 -0.09115648582939301
5415881 -0.07962242108809142
5416220 -0.06943009903678948
5416537 -0.0434046359888704
5416877 -0.06769869326015909
5417198 -0.09595312796112454
5417532 -0.04753009040516665
5417958 -0.06352450129238202
5418216 -0.049996498164232794
5418544 -0.09663216823425719
5418881 -0.08935469983074973
5419221 -0.06825451819023659
5419623 -0.05617955417189208
5419929 -0.06506056136337235
5420267 -0.0646470270985881
5420598 -0.10658863985666434
5420941 -0.08412378470263931
5421296 -0.07460102477024938
5421710 -0.07504687086775003
5421985 -0.050985658407297296
5422320 -0.0876086159165747
5422668 -0.0837948439614502
5423084 -0.05490319384275116
5423459 -0.07649886358274877
5423741 -0.09106588599541049
5424079 -0.08686120186749341
5424430 -0.1071850944238742
5424858 -0.09091312165943094
5425163 -0.07010506812079986
5425503 -0.06802575420408652
5425850 -0.07134517313694433
5426186 -0.08936815121698388
5426529 -0.11583648178597789
5426885 -0.07573226084571
