813122 0.829903521270998
813425 1.1699297188698028
813732 1.0542975260311644
814035 0.8523459598165697
814343 1.13357474855635
814647 0.9949690417015733
814956 1.4664119204883417
815261 1.3169133873296195
815566 1.066355457443193
815864 0.8450827677420618
816162 1.08407930173912
816464 1.2067056078607408
816764 1.1078999300747006
817058 1.2676665870690458
817353 1.4039358414914804
817657 1.1199445125487113
817960 1.1331952609612415
818259 0.9931937514111912
818558 0.9649154561519174
818849 0.7929627713725214
819143 1.0558316219992803
819439 1.3242014904054613
819739 1.2001370305318488
820044 0.9999638400774282
820351 0.9531363846836389
820660 1.2195877180961263
820964 1.0363563017744515
821264 1.2738074441899068
821565 1.2028041608129585
821866 0.8944321979404128
822168 1.1119482788460648
822475 1.375227263516139
822780 1.312219549046798
823084 1.13823009742044
823385 1.1199286651841478
823682 0.8666654152955902
823977 1.0031706836477592
824273 1.2706004510283848
824567 0.9797372070641931
824857 0.8174941273664225
825145 1.0233188411846739
825438 0.8150364620994868
825742 1.005684206475625
826047 1.063088919402793
826352 1.253695117500496
826652 1.1060401883287527
826952 1.2521834856600786
827252 1.3548960431194452
827553 1.0649415578305645
827850 1.030418241532839
828148 1.1167648848292138
828448 1.37122613431147
828746 1.4535380239199782
829046 1.421749926738871
829343 1.2368340891749912
829637 1.0066267658583434
829933 1.2124321515254137
830229 1.2125232072716257
830524 1.0432109749923866
830815 0.9535257468407563
831109 1.208038732307973
831401 1.135889111766499
831695 1.2062137404212983
831986 0.923923775067357
832279 1.2508822230728662
832574 1.2211035552852199
832869 1.133280034672852
833162 1.0449232347828703
833458 1.3810248410476578
833753 1.258352608871134
834043 1.1950187653567972
834332 1.0562357310948487
834623 1.3468443456880155
834915 1.257629526249247
835208 1.1060975466184633
835500 1.0732404564586848
835799 1.122755085853857
836100 1.2352647933889058
836399 1.1326338297090206
836692 0.9297040134794096
836987 1.1856809344777557
837287 1.2217133550618027
837585 1.252212524187154
837884 1.0405055264031937
838178 1.1113045115279045
838466 0.8999102138004769
838753 0.9835514305571762
839041 1.3326721305486058
839324 0.9157122825838788
839606 0.9290096009344196
839897 1.2614233618593642
840188 1.2713422966641847
840478 0.9452781843861444
840767 1.1323925228362122
841060 1.091882700565788
841357 1.110724669116537
841650 1.1650236046499238
841948 1.0588838823687918
842240 1.0078061550786501
842526 0.8077596709589719
842813 0.9492471816847006
