6595759 -0.11360885419396521
6596091 -0.13877736268554192
6596420 -0.1266699827831636
6596747 -0.1229350547462223
6597075 -0.12751486946633622
6597403 -0.12416752842009593
6597730 -0.14449188231042237
6598056 -0.1486791826396277
6598383 -0.12491000881019043
6598708 -0.12328112755238396
6599036 -0.11725889514878146
6599362 -0.12966208325847522
6599686 -0.13526921830716893
6600009 -0.12097289813765555
6600334 -0.11989482585323574
6600660 -0.12551561626207658
6600986 -0.13181051223050322
6601309 -0.14624430315141818
6601633 -0.12691427805765582
6601958 -0.11952722642909275
6602288 -0.1131308872794658
6602617 -0.13017852403170727
6602946 -0.13750967721881802
6603272 -0.11555052475334449
6603599 -0.10498382674187035
6603931 -0.11773640665051405
6604262 -0.11282001564197408
6604595 -0.1326463921985777
6604925 -0.13892068921577122
6605254 -0.11799816619975845
6605582 -0.13318613120960715
6605914 -0.11792685621882437
6606244 -0.13043099135829794
6606573 -0.14851359575711182
6606901 -0.12156193763502104
6607228 -0.11581517421397802
6607558 -0.12585312928597048
6607887 -0.11840904087304244
6608219 -0.12481747771903379
6608548 -0.12369277486493907
6608878 -0.11554439153902535
6609206 -0.10637228762368028
6609538 -0.1032324161849742
6609869 -0.11528894212268581
6610201 -0.1305551089653535
6610533 -0.12170020781921786
6610864 -0.12113527561052001
6611197 -0.10420165581646823
6611529 -0.1287840592555896
6611857 -0.12914705686420214
6612184 -0.11813058106562258
6612509 -0.11953303242020868
6612834 -0.11180646976353431
6613162 -0.12214207660551574
6613488 -0.13514815026766325
6613812 -0.13235735108271363
6614139 -0.1169142635459674
6614471 -0.13418794205690476
6614802 -0.12990876877490087
6615133 -0.13753561578696194
6615463 -0.11720606069100803
6615796 -0.11168697795546384
6616132 -0.10628944089403336
6616468 -0.1262967089236927
6616803 -0.14431560334446825
6617133 -0.1440136794905969
6617464 -0.1307945473133605
6617795 -0.11910369872431414
6618129 -0.13330782719246703
6618463 -0.12921198876744966
6618796 -0.1297412801181244
6619127 -0.12513609466344788
6619459 -0.12206019283959063
6619793 -0.1278814612787047
6620128 -0.13111805819428285
6620460 -0.1382892776561901
6620793 -0.1214633614518057
6621125 -0.11213420950770242
6621456 -0.12988680170140288
6621786 -0.1366998506835465
6622114 -0.1137183216710676
6622443 -0.11544017600722684
6622774 -0.13469565559762714
6623103 -0.13321197413726082
6623431 -0.1252516960407496
6623759 -0.10860000761898098
6624091 -0.12839599363378612
6624423 -0.14395550427695086
6624754 -0.13748707289485207
6625084 -0.12021948362531626
6625417 -0.11723936841289317
