3030506 1.4136218808301002
3030827 1.3143574031835557
3031151 1.3081281181576112
3031474 1.3045529263013669
3031801 1.3789622903225194
3032128 1.41917470913403
3032456 1.439360674241002
3032784 1.36600711836089
3033112 1.3101141074271787
3033441 1.315785905611511
3033770 1.4234522892915007
3034102 1.4457356046558356
3034437 1.4375442295939704
3034771 1.3432890776870088
3035105 1.3301026252281405
3035438 1.3664243679308
3035772 1.435257855659931
3036114 1.4757472878434619
3036448 1.383601981648009
3036783 1.3325623819733257
3037121 1.399005444002452
3037462 1.468453055233856
3037811 1.5183687269434234
3038152 1.409298634051364
3038498 1.3266965822202876
3038843 1.3947467052840035
3039189 1.4854294726147608
3039541 1.511485005527894
3039884 1.4048984450196746
3040226 1.3648534656887175
3040568 1.43041945488037
3040910 1.485124981745705
3041252 1.4535910851864402
3041593 1.3632331253137349
3041932 1.3906456843806134
3042270 1.3986021114594531
3042608 1.489547680803833
3042947 1.497187567030564
3043285 1.4512544000274867
3043623 1.337359990179756
3043961 1.397805885985366
3044299 1.4141803912351167
3044637 1.5125776133268072
3044975 1.5041517081076066
3045317 1.405447473526303
3045655 1.354768531015191
3045992 1.374132455586045
3046333 1.455095869967417
3046674 1.5159311632461585
3047023 1.5330168492732268
3047363 1.3710042169923513
3047705 1.3929864529650402
3048045 1.3613758483049887
3048385 1.4251021916454347
3048723 1.4976430776686729
3049062 1.4885348304532888
3049399 1.3350714205294538
3049734 1.35068819305835
3050067 1.330365347144648
3050400 1.4125123065205911
3050732 1.4419933673901033
3051061 1.4340841540366194
3051387 1.2546538823233386
3051713 1.1465174668685947
3052036 1.1890382343223243
3052360 1.3013802391395999
3052683 1.3703436733341778
3053005 1.3924346502800773
3053326 1.1687543976483878
3053645 1.0747517483889888
3053963 0.8940672951316202
3054279 0.6932601228977622
3054596 0.7435894152572484
3054913 0.8680859509654072
3055227 0.8975261628342754
3055540 1.0558806259039248
3055852 1.2257419925142623
3056161 1.2109118083403487
3056471 1.1166104568404382
3056780 1.2970159268802692
3057091 1.4454679958091494
3057401 1.420106830123549
3057713 1.2816232559629648
3058027 1.2822497308074938
3058344 1.360014955861512
3058661 1.4363154445401745
3058980 1.4311514436413433
3059300 1.349855014837976
3059621 1.328825908569482
3059943 1.4035163140734845
