1202621 1.473812406636722
1202979 1.391584006085288
1203338 1.222308148455453
1203694 1.2555560411727211
1204059 1.4153543875501715
1204416 1.4417413324631387
1204772 1.3297439972096545
1205121 1.2328440209460518
1205471 1.3561237654850848
1205818 1.4103192126536643
1206171 1.5461769108648737
1206519 1.3374601652798561
1206866 1.2208157797298989
1207218 1.3638766900720007
1207579 1.414060171557542
1207941 1.4540870659860259
1208293 1.2933318545688335
1208646 1.3356088015670162
1209004 1.4577301407553747
1209358 1.464181867270988
1209712 1.3825561662031687
1210064 1.232791869650659
1210409 1.3768194752272955
1210759 1.4536292431582554
1211118 1.407302399285143
1211468 1.2633963367120253
1211825 1.3534056539460473
1212191 1.4369594561926058
1212569 1.450717931197261
1212951 1.39110887848882
1213320 1.2637468713589368
1213698 1.3612737953276322
1214080 1.4865661045215568
1214458 1.4692588861494582
1214835 1.2584207761715416
1215209 1.33541815528332
1215590 1.4303829054817294
1215971 1.4259032279699586
1216344 1.3029621481279938
1216713 1.3535793620608898
1217089 1.453233881137073
1217462 1.4422885898199422
1217838 1.2701034308745576
1218214 1.3845407245194932
1218594 1.4295818333060866
1218978 1.4263053976771933
1219356 1.2895051601113587
1219734 1.3423115293626866
1220120 1.452365066744533
1220508 1.4202019190254997
1220889 1.33075461694799
1221264 1.3592546017077223
1221646 1.4385527668601337
1222031 1.4440691678620725
1222414 1.3000827879048886
1222787 1.3575177527655162
1223163 1.4375484567013435
1223536 1.4607637375700326
1223897 1.3098256707049454
1224264 1.3010472146329923
1224631 1.4211732474908074
1225007 1.4732218288262753
1225377 1.3834819786402623
1225745 1.2900293509779974
1226112 1.3558472874798841
1226493 1.414714718019412
1226877 1.437702116589575
1227255 1.2956936189817547
1227629 1.2938857172696812
1228011 1.4161010441138109
1228392 1.3965255651380297
1228766 1.298313421145547
1229139 1.3636752412601452
1229521 1.422567459778859
1229897 1.357035350909166
1230269 1.2668520718470178
1230639 1.3531853792192143
1231014 1.4245148233045801
1231392 1.4148969946300396
1231765 1.276013198383055
1232127 1.3403334794767765
