273877 0.9694931199928528
274211 1.0584044944487416
274549 1.166838145541189
274901 1.2062413458353651
275253 1.123545674352476
275606 1.0129107949016825
275951 1.0878170736665296
276300 1.197912169045297
276646 1.2245320850895778
276992 1.0925865005017952
277331 1.0308811396780926
277671 1.1775511572366637
278018 1.2274820831498778
278370 1.2046540907383587
278726 1.0235439175584116
279075 1.0919276303143979
279428 1.236862554629357
279786 1.2118052821664496
280141 1.0491826606648862
280489 1.0201123731250246
280832 1.1619907673516003
281172 1.2229933049053408
281515 1.22184983561913
281855 1.0248933890035508
282192 1.0232339383786841
282533 1.1771064234970698
282876 1.241770252382903
283223 1.208483934829016
283567 1.0198873299137612
283907 1.0254225165253845
284251 1.1597084061839775
284594 1.2463996932900727
284939 1.209146415462887
285285 1.0106866217405914
285620 1.013049021472341
285958 1.1195870599679938
286290 1.122518280364385
286619 1.0163251684398307
286947 1.1309098231127925
287272 1.2264047931196091
287594 1.2088012944555504
287912 1.2098508611624077
288227 1.1688097964932156
288543 1.0761253684916627
288859 0.9640314491273333
289175 1.003784683663409
289493 1.1730595602958944
289813 1.19125566783
290135 1.110630639318025
290457 0.950981473827876
290782 0.9822995213577179
291119 1.1070689317413331
291459 1.2219577603517846
291806 1.1984960326724845
292159 1.0506018222836584
292513 1.0090282641815034
292871 1.1354137053271203
293233 1.2113352590587612
293598 1.2235208339041574
293956 1.0375105643293085
294307 1.0137451375363116
294652 1.1303903150602606
294995 1.2162097668735532
295337 1.2054705552614822
295677 1.03059453339334
296012 0.9977189908955814
296351 1.0813842955336628
296695 1.2062238153484541
297042 1.2038713065837954
297391 1.1366264706235623
297734 0.9936309639013331
298077 1.0550955916648075
298421 1.2039949135958183
298764 1.2053833334339874
299102 1.060401893846873
299440 1.009637999603462
299778 1.0387186868615252
300119 1.0581307314888704
300462 1.2000140137438053
300810 1.2357573632153591
301157 1.1696591936164435
301502 1.1250283054155021
301839 0.9664235938928687
302171 0.9756434404469034
302503 1.1543736066317298
302829 1.160436501603367
303155 1.1516133213363882
303481 1.0499752467627335
