5936759 1.1034132136068813
5937112 0.9141025164829333
5937461 0.9648982108800988
5937821 1.088392318877756
5938195 1.1261074088666394
5938569 0.9395160355683756
5938946 1.0260366629073974
5939331 1.0879034068424107
5939717 1.0938091177272085
5940100 1.0769066854169633
5940472 0.933710469625898
5940827 0.925818689028402
5941175 0.9909190628010909
5941520 0.9978222322901766
5941862 1.0056883509430672
5942199 0.9776763579327108
5942535 0.8603243365637383
5942867 0.9250182227621132
5943201 1.14008216481433
5943530 1.1350281698283817
5943855 1.127111308923248
5944176 0.8530999127943703
5944496 0.8995942272088044
5944819 1.0021206298025858
5945153 1.0405230451499894
5945506 1.062710996965811
5945876 1.006813649058066
5946246 0.8580003963752451
5946624 0.9494488738463172
5947006 1.0109291915436174
5947395 1.0260916903012225
5947782 0.9174349168793141
5948163 0.903428418165585
5948535 1.002119944397478
5948901 1.0322975641463303
5949259 0.9951348127609823
5949614 0.9244526027642403
5949965 0.9723381252416491
5950311 0.9580369246786983
5950658 1.1186982547886375
5951017 1.1528570630170392
5951369 1.0315809888806466
5951717 0.9133414954004846
5952048 0.7259190045163133
5952376 0.7864529148138473
5952701 0.8907535985775654
5953029 1.0457978851988743
5953372 1.0927950349023279
5953733 1.0931768999520848
5954109 1.0321107924589832
5954486 0.8469539007999751
5954860 0.8904973395655401
5955233 0.969241025438663
5955604 0.7451902246576148
5955967 0.6972486020419106
5956326 0.7586188391579151
5956674 0.7798424943026738
5957017 0.8049333580556544
5957354 0.8735177384691029
5957689 0.9167492961769954
5958022 0.9923157388946557
5958352 1.016977608781068
5958679 1.012014702043877
5959005 0.9932840744639797
5959329 0.9852759532102462
5959653 1.0877411128381291
5959979 0.965824146945867
5960305 0.8525174315906702
5960641 0.9977824799294555
5960982 1.1037602044961647
5961346 1.135090494379931
5961716 1.0373296044392672
5962075 0.9164418813989602
5962435 1.010885380432013
5962790 1.0650246229790876
5963143 1.0629374110171765
5963490 0.9899303413414928
5963835 0.9113650504804944
5964183 1.0168650981923848
5964531 1.244306365242504
5964883 1.2343963742003257
5965240 1.2578224834970027
5965587 0.9611880672442343
5965937 1.107466950735122
5966279 0.9233099552961269
