2430900 -0.1849426435482887
2431318 -0.19117689751677475
2431737 -0.20316570406809686
2432167 -0.18806743400810816
2432611 -0.18028448310623346
2433088 -0.1867979072535056
2433618 -0.18855313239417204
2434170 -0.19779695542242737
2434720 -0.20817050582638824
2435254 -0.19303778033780405
2435772 -0.21067843058807684
2436288 -0.20543727266353035
2436798 -0.20477432972377685
2437281 -0.2109718914219429
2437755 -0.20213728819746862
2438233 -0.18329340503986535
2438719 -0.19189711444959895
2439202 -0.21160558695401016
2439683 -0.18833687332856824
2440167 -0.18026898590108992
2440654 -0.18915761776594164
2441140 -0.20686200343944827
2441595 -0.19611793256654586
2442032 -0.17895245345765975
2442461 -0.18223809086912607
2442902 -0.18891266197844675
2443377 -0.19952947907811697
2443915 -0.2032247282272726
2444473 -0.1757845293021244
2445045 -0.18655949861521087
2445601 -0.19797282571975772
2446145 -0.2145505914654789
2446671 -0.21046136564690643
2447194 -0.188394920958871
2447681 -0.19031736708460595
2448136 -0.21136712543357294
2448582 -0.21161624976277732
2449026 -0.1953418406815277
2449472 -0.17282304233878099
2449924 -0.19957380096563115
2450378 -0.19036639393176324
2450844 -0.17280511531216464
2451322 -0.1823856979568798
2451806 -0.20129366887318362
2452305 -0.20811935876636822
2452790 -0.21698031404964652
2453266 -0.19781031097029833
2453752 -0.1800820804618043
2454235 -0.18693675703063822
2454706 -0.19493517580753583
2455163 -0.19617473384722
2455612 -0.19278702402579057
2456076 -0.2035077527490456
2456546 -0.2025673566913862
2457022 -0.1943331033402107
2457494 -0.1852507623096314
2457992 -0.19024504664706704
2458504 -0.19817632732905494
2459039 -0.20048399728809907
2459577 -0.1924838749305497
2460094 -0.18323130181776937
