2610585 -0.17537934525715937
2610893 -0.21725478668023082
2611199 -0.2550838961080649
2611507 -0.1658204483392605
2611813 -0.15743896775984173
2612125 -0.1811279499484894
2612445 -0.1382399239620422
2612768 -0.154281933192258
2613088 -0.19224027681845032
2613416 -0.1285808931346697
2613750 -0.09980295426328217
2614088 -0.1667221710579188
2614425 -0.092904006469539
2614761 -0.09490470804306957
2615094 -0.16984716804630443
2615422 -0.11567660517172879
2615743 -0.0992344652880762
2616064 -0.12761784207933208
2616377 -0.06703450372792347
2616686 -0.05778753823159438
2616984 -0.15301721805580648
2617283 -0.12362143937399916
2617578 -0.11644861053876565
2617873 -0.06230955091790824
2618178 -0.11916213290688821
2618490 -0.20046530638210813
2618818 -0.1288939002889736
2619156 -0.14880338876574073
2619528 -0.09630415741352427
2619904 -0.045668657412114844
2620279 -0.15801154828746367
2620644 -0.23088496347844223
2620997 -0.122368479243119
2621350 -0.11667480024372245
2621714 -0.0890754026075305
2622070 -0.10537925420341737
2622422 -0.07902070739987455
2622765 -0.08062681442338115
2623094 -0.18612443459160755
2623417 -0.07330746500200941
2623735 -0.11378649872217206
2624051 -0.1086845439868862
2624366 -0.08757879679818215
2624683 -0.030655966269332424
2624991 -0.09618286000493392
2625300 -0.097571487167329
2625633 -0.22420445391107469
2625908 -0.17300950004010135
2626217 -0.14488586422833272
2626525 -0.14367097889553793
2626852 -0.0898045571795178
2627232 -0.07638211623326346
2627629 -0.09077698730309272
2628032 -0.16216849834268837
2628432 -0.11825352906568774
2628825 -0.15186332690773943
2629209 -0.03286096329472065
2629586 -0.04457990268042107
2629924 -0.13423297373722862
2630262 -0.08974750098326194
2630602 -0.1223940967057397
2630988 -0.13811439862825164
2631276 -0.15652169182012993
2631630 -0.1318878086627414
2631993 -0.13657113970023874
2632448 -0.07139112406819048
2632732 -0.17006320745404346
2633102 -0.10038127033271094
2633470 -0.08505893366085493
2633838 -0.07998084528465016
2634201 -0.08185392916830608
2634554 -0.15126677391238855
2634895 -0.14607943567507103
2635286 -0.11527902275584549
2635569 -0.14745191025438792
2635905 -0.1768058245253838
2636247 -0.12097400046060858
2636625 -0.08879074503044204
2637041 -0.13270058675601687
2637356 -0.1518532568457906
2637706 -0.08694333139721988
2638064 -0.11108942875023164
2638424 -0.08891460540617835
2638807 -0.06802531552178215
2639160 -0.13840760711179623
2639515 -0.1656947208143072
2639869 -0.10114248195056452
2640239 -0.08992641693296854
