2670776 -0.07522098722166869
2671259 -0.059231792312888165
2671564 -0.1355297171461345
2671943 -0.12315149424305116
2672314 -0.12663206954224884
2672676 -0.08841817815909818
2673036 -0.08957194208728983
2673387 -0.1585572551916204
2673739 -0.12020412823541055
2674096 -0.045077244545502326
2674460 -0.09153408497100951
2674817 -0.12139208593544762
2675176 -0.07975704152443425
2675534 -0.043462234893456575
2675980 -0.04364077698227916
2676256 -0.1370084008268187
2676620 -0.10660533236304297
2676987 -0.09446484815866368
2677379 -0.0686530065585527
2677730 -0.09688484733452576
2678192 -0.059771602265136586
2678469 -0.1562201907378294
2678830 -0.14009486530649704
2679191 -0.10927212598884346
2679556 -0.07829650317941474
2679925 -0.08411027121430142
2680296 -0.07382624401070684
2680671 -0.04112523535618229
2681127 -0.03456719014827608
2681410 -0.10784081889186167
2681779 -0.03503625465897747
2682141 -0.08331007118657613
2682500 -0.09666968311874621
2682855 -0.12473272616923697
2683220 -0.07653323005730744
2683583 -0.06987012394082366
2684002 -0.045812514619741423
2684331 -0.05766504852503895
2684682 -0.10852326052040084
2685044 -0.07402591048246654
2685407 -0.08093113421315568
2685768 -0.08023921508020414
2686125 -0.13524775860157723
2686478 -0.11939810429619789
2686837 -0.09542076282988787
2687192 -0.03508494666969225
2687634 -0.092910922244973
2687983 -0.029090136279075612
2688261 -0.11141825539920983
2688710 -0.06089498358565345
2689000 -0.06377259837719915
2689456 -0.10194274130188435
2689755 -0.03815572919543986
2690113 -0.054718756695858906
2690451 -0.08187718271660227
2690794 -0.11712913368545563
2691132 -0.1203297071187237
2691468 -0.07974164658416971
2691886 -0.05066762698980065
2692153 -0.07489982666864342
2692506 -0.09252255786321265
2692896 -0.10978905705697364
2693277 -0.1342655245184123
2693673 -0.08178488528232325
2694065 -0.06800696672435033
2694458 -0.12388378107470119
2694822 -0.19448677345219648
2695195 -0.12120396126286158
2695565 -0.13006196612339166
2695940 -0.05977230664940125
2696322 -0.10470138583569732
2696699 -0.12945537747339741
2697070 -0.09786155749716163
2697437 -0.041827946206891786
2697862 -0.04876082535063947
2698178 -0.049473313287692916
2698506 -0.12939446634916701
2698857 -0.033838043124012035
2699207 -0.044587391150760325
2699647 -0.03795993310427326
2700006 -0.04009853993293677
2700279 -0.13504519526260161
