1831558 -0.14546520851897277
1832018 -0.1553885245953157
1832482 -0.16156200161388262
1832936 -0.15275812875826428
1833391 -0.14912516687566135
1833858 -0.14896665117611785
1834331 -0.16298202176946963
1834796 -0.15566731960101615
1835256 -0.14319931247354417
1835724 -0.14351563885583368
1836207 -0.14405490350575745
1836682 -0.15032328337118733
1837147 -0.14826302121146656
1837615 -0.14298194747294457
1838093 -0.149354183506074
1838584 -0.16293821741384912
1839064 -0.16385564433045946
1839533 -0.14455867764152858
1840021 -0.13964485753008415
1840515 -0.1329421748610477
1841002 -0.15332158489034364
1841480 -0.14492865811223749
1841964 -0.13772924559571814
1842453 -0.1496376590785362
1842940 -0.16151575790506872
1843422 -0.1567864065875056
1843896 -0.1409342424089376
1844382 -0.1465519777532473
1844879 -0.14417151435562886
1845373 -0.15375982382501469
1845871 -0.13914188256926718
1846382 -0.14311909546834928
1846903 -0.1457343100055653
1847412 -0.16166761671854935
1847900 -0.15840067558075616
1848385 -0.13615100718657563
1848874 -0.1461227674631682
1849368 -0.15462977672675526
1849852 -0.15800989044818453
1850329 -0.15352075612050342
1850837 -0.14747133929905643
1851355 -0.13556739780426985
1851869 -0.16516364294060826
1852365 -0.15262002347073472
1852854 -0.14725371728330755
1853360 -0.13636058747650132
1853879 -0.16412201081575528
1854383 -0.1620826636285247
1854877 -0.1416206922805588
1855375 -0.129754941439635
1855868 -0.16040993312813634
1856356 -0.14113317764525568
1856839 -0.14519804117526897
1857335 -0.13814460619791719
1857840 -0.16453194156613432
1858338 -0.14399918153566266
1858819 -0.14090838092390157
1859315 -0.14010446875642407
1859831 -0.14578824612002944
1860336 -0.16277447032956127
1860825 -0.14868555160205493
1861310 -0.14350828070858407
