4377939 -0.10169956845733097
4378230 -0.07455231126807349
4378601 -0.04904909728812601
4378855 -0.05529232820832608
4379103 -0.20224836911917876
4379397 -0.08424626647041439
4379784 -0.03766253363640307
4380080 -0.028696048865927193
4380304 -0.043022618220077635
4380587 -0.06914092775505704
4380884 -0.05050177118718158
4381180 -0.11628848648679835
4381475 -0.17741834895091468
4381770 -0.1514760383299244
4382069 -0.10372342901457132
4382365 -0.13476123177738397
4382670 -0.15951315456829296
4382971 -0.14839997995658327
4383287 -0.13679387892756806
4383639 -0.02301607845883441
4383965 -0.066108669527557
4384291 -0.045581272407636264
4384615 -0.10833893968070146
4384951 -0.09198541915435726
4385277 -0.07564046683893191
4385693 -0.1863051314595503
4385866 -0.05475926823927968
4386173 -0.15706065219314275
4386494 -0.04750892633698861
4386805 -0.07291991257441827
4387156 -0.1763219757024537
4387453 -0.1358127230145156
4387722 -0.051826933070069
4388022 -0.11465355562402507
4388411 -0.048046168315938415
4388738 -0.1339164545337873
4388968 -0.07566501632332612
4389289 -0.07435869530408057
4389694 -0.11861009691593771
4389941 -0.033969648420812404
4390262 -0.1009609846832882
4390585 -0.07919213627802915
4391000 -0.05633272362532432
4391246 -0.026686363086465603
4391572 -0.08688206206064059
4391895 -0.045311982011165625
4392305 -0.07777827311072188
4392631 -0.030255840744306095
4392875 -0.15976117616079094
4393210 -0.1172051995085206
4393515 -0.10476887712634292
4393861 -0.05078341846243073
4394140 -0.10637283897230665
4394463 -0.254311926925773
4394775 -0.03416277337589224
4395087 -0.038256555646225765
4395388 -0.06797705586622627
4395706 -0.08468867799188262
4396024 -0.06389138652842363
4396358 -0.054808505038102584
4396673 -0.029555818712770132
4396999 -0.10520407569371937
4397336 -0.03779600819837542
4397664 -0.025665592714618185
4398016 -0.042849569111349295
4398321 -0.04959625350452024
4398702 -0.019589462390105505
4399003 -0.03510373400130018
4399311 -0.06564335573940738
4399640 -0.08149830455414486
4399967 -0.04964292426227013
4400313 -0.05497514815930871
4400641 -0.054755133889277
4401046 -0.10540566379596916
4401362 -0.17726708437206962
4401693 -0.027717927562242173
4402009 -0.054695724399648094
4402251 -0.011216620838667812
4402570 -0.14080715604805366
4402940 -0.06080913067976406
4403282 -0.012581856251974
4403521 -0.02208101536276652
4403835 -0.09665859047766667
4404148 -0.06525498976350719
4404467 -0.048122726014346195
4404789 -0.0717635452622909
4405111 -0.07788381564320401
4405432 -0.10958890513392339
4405751 -0.06325622256717067
4406077 -0.05203453818398085
4406410 -0.047853417498164186
4406750 -0.04733403008884718
4407092 -0.08328658703361824
4407435 -0.05319269161020579
4407791 -0.04239538003511367
