2551086 -0.05672122870092733
2551417 -0.10026362755924634
2551736 -0.23040984113683272
2552053 -0.19262348174411825
2552366 -0.14675161053524943
2552676 -0.1397484492950397
2552982 -0.10124479668309205
2553294 -0.16705875658112246
2553611 -0.14108935064513772
2553945 -0.13761868131383037
2554291 -0.11723757589179118
2554639 -0.09675318061842797
2554997 -0.03242910152539147
2555384 -0.04869745746729337
2555746 -0.06965852419740481
2556145 -0.04022389076263122
2556541 -0.042144119899774624
2556907 -0.07094488515140573
2557289 -0.06626409889789475
2557679 -0.03541271407295754
2558034 -0.07207665696455268
2558392 -0.09115606057415493
2558749 -0.061365610286080674
2559100 -0.04773592945539973
2559446 -0.05885628490697037
2559790 -0.10201172510224432
2560132 -0.08205740811270024
2560477 -0.06302183977797438
2560819 -0.06124098943411094
2561160 -0.09522327988980095
2561500 -0.0721317328561778
2561842 -0.03242793354174678
2562196 -0.03560415819708895
2562519 -0.08747652775224629
2562939 -0.0335350024637488
2563285 -0.03413570603234195
2563600 -0.045921367424836435
2563880 -0.015796207984559246
2564217 -0.08447864835359525
2564540 -0.032177391529208066
2564887 -0.12106522854171231
2565224 -0.045464622177294634
2565542 -0.06994659031163009
2565875 -0.079442516081418
2566267 -0.03701833299949825
2566551 -0.03820777966172051
2566891 -0.0858842298584559
2567236 -0.07411095825883868
2567583 -0.04927890027753756
2567946 -0.0523070851530516
2568306 -0.0435131502219005
2568619 -0.09285108001027953
2568969 -0.04383591508199214
2569279 -0.14640128731992746
2569595 -0.18113022068145002
2569908 -0.11172273353875502
2570221 -0.15738046455988008
2570531 -0.15549653447916223
2570846 -0.10394733483025197
2571246 -0.043970968862870774
2571510 -0.12768892562075373
2571810 -0.03715503620078504
2572176 -0.025971132649010867
2572467 -0.046170681490275985
2572802 -0.13011462523870312
2573152 -0.09274183342488194
2573534 -0.047916871391002785
2573936 -0.028436847710804625
2574337 -0.09486555987036244
2574743 -0.10457323737569058
2575166 -0.06420060577450637
2575594 -0.060207842801391576
2575965 -0.11312186107960431
2576462 -0.03374020453411264
2576854 -0.10685731352191702
2577260 -0.06720146968361596
2577744 -0.03348550378743975
2578100 -0.055363538970814696
2578465 -0.04655457807707064
2578900 -0.045359608803305584
2579213 -0.11851542166008922
2579592 -0.10000183222713943
2579970 -0.036218229191630036
2580421 -0.047727058977895365
2580725 -0.08344039083961657
