3539633 0.8174213012816882
3539968 0.8371909617867577
3540300 0.9601247646410738
3540631 1.0293558719521854
3540957 0.8096491143456748
3541280 0.6347654961330255
3541600 0.7478724478125229
3541918 0.7812617516339293
3542234 0.842320226564057
3542547 0.8712471894452503
3542857 0.6944313301481173
3543167 0.6853457443773561
3543475 0.7708087457636663
3543783 0.8475966025359016
3544089 0.8187351886686374
3544394 0.7122900188231082
3544700 0.7253441361236765
3545005 0.8175585338639935
3545311 0.8448478637477062
3545616 0.8231818557898959
3545921 0.9504917528717617
3546226 0.9324778705164549
3546530 0.8091811567078186
3546836 0.728812962512249
3547146 0.8009479228933346
3547470 0.9130233080355423
3547787 0.9877659881294196
3548111 0.9806460381335319
3548438 0.8781469568978623
3548767 0.802884949379869
3549099 0.8548154500943831
3549441 0.9811071636102732
3549785 1.046928963721728
3550132 1.0202663494058877
3550481 0.9011596386297602
3550825 0.8529245237917633
3551178 0.9439122988967001
3551534 1.0511359923703356
3551892 1.0637157945618811
3552249 1.019111249996059
3552607 0.9316457207681275
3552957 0.9394102499759824
3553317 0.9913995934852953
3553676 1.0684536131347184
3554040 1.0983393047974508
3554406 0.987440140059688
3554758 0.9457033667532753
3555110 0.9033676182153361
3555462 1.0089806497396767
3555827 1.046960559573042
3556192 1.0707081354021455
3556553 0.9682365488217612
3556906 0.9327216169987232
3557259 0.8672198144181227
3557605 0.9588401282412795
3557952 1.0400396197323607
3558299 1.0097446064566062
3558645 0.8850534816895461
3558987 0.8229264101158269
3559328 0.8729840181734625
3559679 0.9925388403701596
3560034 1.0069893411985034
3560372 0.958835302182677
3560712 0.7928878324374644
3561048 0.7056590471936877
3561380 0.8091154735418232
3561714 0.9588615814871393
3562049 1.0126564699991119
3562384 0.9315206958086166
3562718 0.8472253426282523
3563052 0.8067561177069433
3563385 0.9021863621580817
3563721 0.9756690126204113
3564061 1.0038975551349247
3564401 0.8917536363241848
3564740 0.8248582195588035
3565080 0.8264117127147514
3565422 0.9545634327394739
3565776 1.0009392624557267
3566120 1.0128200402594887
3566466 0.8637979915882189
3566805 0.7666072722306019
3567142 0.7659690151075542
3567479 0.8756524706786608
3567816 0.954692469177026
3568156 1.0318189349682858
3568499 0.8838926433538068
3568843 0.8489234309303009
3569191 0.8636895393420462
