61.95
64.61
65.25
63.07
62.05
63.03
64.12
64.19
62.98
60.88
58.66
57.65
58.91
60.70
60.19
58.09
56.60
56.34
57.33
58.84
59.57
59.62
60.23
61.10
60.55
59.13
58.95
60.12
61.32
61.72
61.16
59.98
58.84
58.36
59.09
60.45
60.97
60.65
60.81
61.33
61.01
60.04
59.50
59.62
60.08
60.53
60.60
60.60
61.25
62.30
62.86
62.69
62.04
61.32
60.85
60.57
60.34
60.49
61.30
61.53
60.01
58.50
58.70
59.54
59.60
59.55
60.32
60.68
59.21
57.92
59.00
61.01
61.52
61.42
62.48
63.08
61.19
59.39
60.05
61.54
61.84
61.53
61.61
62.04
62.55
62.94
63.11
63.17
63.15
62.90
62.45
62.13
62.23
62.99
63.88
63.59
62.09
60.33
59.40
60.14
61.61
62.04
61.47
60.88
60.71
61.11
61.79
62.31
62.62
62.78
62.62
62.09
61.71
61.86
62.15
62.26
62.23
62.12
61.90
61.69
61.85
62.38
62.72
62.69
62.58
62.52
62.47
62.47
62.63
62.86
62.94
62.90
62.85
62.89
63.04
63.16
63.10
63.02
63.05
62.99
62.78
62.58
62.55
62.74
63.05
63.20
63.16
63.19
63.13
62.61
62.30
63.16
64.04
63.39
64.03
67.51
62.32
48.45
41.57
42.78
47.91
51.61
50.98
50.82
54.98
61.40
64.47
63.65
63.22
63.01
61.39
60.01
60.64
61.96
62.28
62.53
63.61
63.54
61.28
60.12
61.58
63.09
62.98
63.06
63.73
62.58
59.95
59.05
60.32
62.02
62.91
62.49
61.14
59.82
59.36
60.37
62.25
63.40
63.13
61.72
60.54
61.02
62.43
63.25
63.42
63.43
63.14
62.52
62.42
63.32
64.02
63.87
64.23
65.22
64.63
62.82
62.86
64.67
65.91
65.44
63.48
61.72
61.54
62.30
63.07
63.26
62.74
62.33
62.49
62.64
62.53
62.54
62.78
62.94
62.91
62.90
63.12
63.78
64.28
63.67
63.13
64.21
65.50
65.10
63.91
63.06
62.62
62.52
62.70
63.11
63.69
64.42
65.22
66.06
66.87
67.57
68.06
68.20
67.87
67.28
67.10
67.35
67.49
66.98
66.37
70.67
84.68
101.82
110.86
96.85
67.63
62.73
67.27
68.12
66.79
66.15
65.24
64.29
64.75
66.15
66.87
66.82
66.62
66.73
67.35
68.26
69.26
70.16
70.87
71.45
72.38
73.78
74.54
74.46
74.11
73.07
71.29
69.70
68.65
68.03
67.36
66.36
65.31
64.75
65.29
66.27
66.27
65.65
65.35
65.38
65.59
65.90
66.12
65.90
65.43
65.42
65.75
65.88
65.63
65.10
64.77
64.90
65.14
65.23
65.18
65.02
64.77
64.84
65.75
67.08
68.03
68.57
68.80
68.75
68.30
67.23
65.89
64.70
63.10
61.32
62.51
68.67
76.80
82.38
84.30
82.90
77.19
65.87
57.97
56.57
57.33
57.15
56.35
55.69
55.54
56.07
56.94
57.63
57.98
58.02
57.79
57.39
57.31
58.34
60.35
62.10
62.89
63.06
63.25
64.28
65.68
65.99
66.54
69.20
66.77
57.15
54.73
64.06
75.68
72.43
66.40
66.90
76.29
88.56
88.41
94.43
103.44
103.30
114.90
117.62
125.94
64.43
53.79
60.84
64.77
63.73
64.19
65.74
66.55
67.14
67.53
65.88
63.42
63.97
66.44
66.56
63.57
59.63
58.85
63.44
67.83
65.32
62.36
62.73
62.13
59.37
58.32
59.75
60.99
60.92
61.28
62.59
63.45
63.35
63.16
63.17
63.07
62.91
62.92
62.83
62.20
61.40
61.00
60.97
61.16
61.35
61.37
61.22
60.96
60.86
61.04
61.23
61.17
60.94
60.70
60.60
60.58
60.08
59.02
58.46
58.89
59.46
59.44
59.13
58.91
58.96
59.34
59.79
60.04
60.12
60.11
60.12
60.24
60.37
60.46
60.63
60.93
61.10
60.88
60.41
59.90
59.63
59.75
60.04
60.32
60.66
61.15
61.69
62.16
62.39
62.30
62.02
61.74
61.81
62.15
62.18
61.83
61.78
62.18
62.53
62.71
62.86
62.92
62.72
62.41
62.35
62.58
63.01
63.41
63.56
63.56
63.57
63.74
64.08
64.25
64.00
63.42
62.69
62.04
61.46
60.81
60.24
60.05
60.18
60.36
60.60
61.08
61.62
61.82
61.75
61.72
61.65
61.30
61.18
61.84
62.38
61.69
60.86
61.20
62.24
63.16
63.72
64.00
64.52
65.39
65.55
65.22
66.75
68.26
63.87
57.98
56.52
57.45
57.37
56.01
54.52
54.55
58.10
64.77
69.66
69.79
69.07
68.90
68.70
69.02
70.03
70.02
68.79
68.08
68.03
68.02
68.04
68.13
68.21
68.29
68.52
68.93
69.43
69.83
69.87
69.17
67.90
66.70
65.95
65.59
64.54
62.37
60.56
59.90
59.94
60.26
60.57
60.63
60.33
59.71
59.07
58.66
58.64
59.03
59.55
59.82
59.27
58.03
57.46
58.12
59.07
59.52
59.66
59.72
59.62
59.26
58.77
58.37
58.39
58.99
59.65
59.80
59.64
59.50
59.41
59.36
59.51
59.93
60.02
59.23
58.18
57.58
57.28
57.02
56.91
57.14
57.45
57.35
56.95
56.73
56.93
57.68
58.53
58.34
57.22
56.89
57.93
59.16
59.56
59.00
57.91
57.50
58.35
59.47
59.84
59.75
59.63
59.52
59.34
58.80
57.86
57.36
57.91
58.48
57.86
56.58
55.64
55.51
56.42
57.75
58.27
57.90
57.62
57.84
58.39
58.75
58.08
56.57
55.79
56.34
57.26
57.78
58.04
58.21
57.93
56.94
55.93
55.58
55.91
56.74
57.48
57.43
56.87
56.75
57.16
57.41
57.34
57.45
57.86
58.00
57.58
57.07
56.84
56.94
57.27
57.37
56.88
56.07
55.37
55.16
55.78
56.70
56.90
56.29
55.57
55.17
55.21
55.65
56.12
56.35
56.29
55.98
55.52
55.08
54.90
55.24
55.81
55.97
55.66
55.39
55.46
55.87
56.45
56.71
56.31
55.79
55.67
55.90
56.22
56.52
56.70
56.65
56.23
55.55
54.93
54.66
54.97
55.85
56.61
56.69
56.50
56.63
57.04
57.49
57.84
57.99
58.01
58.10
58.23
58.23
58.18
58.41
58.79
58.68
57.68
55.82
54.66
57.73
67.05
76.37
76.54
75.75
78.85
82.20
73.06
60.24
57.30
59.12
59.84
59.33
59.32
59.90
60.56
60.20
58.00
55.43
54.05
53.68
53.64
53.07
51.08
48.26
46.24
45.67
45.74
45.55
44.93
44.28
43.95
44.04
44.62
45.62
46.62
47.13
47.21
47.52
48.55
49.69
49.96
49.24
48.44
48.20
48.35
48.61
48.83
49.05
49.28
49.53
49.72
49.73
49.34
48.33
46.79
45.37
44.65
45.09
46.47
48.11
49.40
50.44
51.54
52.68
53.35
53.26
52.77
52.26
51.94
51.93
52.02
51.75
51.04
50.24
49.59
48.75
47.36
45.72
44.46
44.07
44.81
46.23
47.64
48.69
49.65
50.79
51.77
51.91
51.11
50.06
49.30
48.90
48.87
48.93
48.65
47.87
46.91
46.10
45.52
45.19
45.12
45.35
45.96
47.06
48.60
50.36
52.06
53.38
54.01
53.98
53.65
53.32
53.09
52.95
52.57
51.65
50.60
50.03
49.97
49.99
49.85
49.85
50.31
51.17
52.13
53.00
53.78
54.43
54.67
54.26
53.44
52.65
52.13
52.00
52.09
51.79
50.76
49.70
49.35
49.68
50.24
50.70
51.00
51.13
51.25
51.59
52.13
52.62
52.85
52.75
52.34
51.90
51.78
52.01
52.40
52.75
52.71
52.15
51.60
51.64
52.11
52.47
52.55
52.66
52.93
52.96
52.37
51.63
51.43
51.72
51.91
51.67
51.14
50.55
50.05
49.80
49.91
50.49
51.43
52.13
51.96
51.29
50.88
51.00
51.46
52.07
52.64
52.97
53.04
52.92
52.67
52.36
52.15
52.35
53.16
54.06
54.42
54.30
54.28
54.49
54.67
54.58
54.10
53.27
52.52
52.23
52.24
52.25
52.05
51.55
50.86
50.43
50.60
51.22
52.01
52.73
53.17
53.26
53.19
53.19
53.38
53.84
54.33
54.42
54.02
53.37
52.73
52.35
52.35
52.45
52.32
52.03
51.84
51.84
52.03
52.41
53.06
53.99
54.35
53.14
52.25
55.57
64.77
73.80
74.04
73.12
76.10
80.29
72.89
58.51
53.53
54.63
55.62
54.68
53.59
53.21
53.20
53.28
53.29
53.14
52.84
52.45
52.14
52.13
52.37
52.43
52.08
51.74
51.89
52.46
53.16
53.76
54.10
54.07
53.66
53.01
52.56
52.73
53.14
53.04
52.36
51.69
51.41
51.44
51.68
52.07
52.56
53.05
53.33
53.38
53.48
53.87
54.42
54.94
55.19
54.92
54.23
53.45
52.87
52.75
53.09
53.38
53.13
52.65
52.47
52.64
52.92
53.11
52.97
52.50
52.24
52.67
53.11
52.54
52.07
54.72
61.92
68.68
68.52
69.70
75.83
72.51
64.18
63.77
63.72
57.49
52.60
52.28
53.79
54.48
53.90
52.50
50.99
50.10
49.98
50.29
50.73
51.01
50.90
50.51
50.14
50.06
50.49
51.54
52.74
53.37
53.32
52.97
52.64
52.44
52.42
52.51
52.62
52.54
52.04
51.33
51.01
51.32
51.77
51.86
51.61
51.28
51.03
50.93
51.02
51.31
51.78
52.27
52.57
52.67
52.75
52.98
53.36
53.87
54.16
53.91
53.41
53.33
53.76
54.25
54.45
54.24
53.63
53.00
52.71
52.79
53.10
53.42
53.43
53.01
52.52
52.25
52.23
52.44
52.72
52.84
52.71
52.38
52.00
51.89
52.30
53.06
53.78
54.15
53.88
53.05
52.18
51.65
51.53
51.78
52.19
52.44
52.36
51.99
51.46
51.04
51.00
51.31
51.88
52.42
52.49
51.93
51.23
50.86
50.93
51.49
52.21
52.42
51.85
51.05
50.55
50.49
50.89
51.55
52.08
52.19
52.01
51.73
51.55
51.66
52.00
52.35
52.54
52.63
52.72
52.91
53.30
