2762445 -0.2110247742464773
2762990 -0.20125093139652528
2763550 -0.19309400931623
2764110 -0.20426043703693775
2764647 -0.22308137365841646
2765192 -0.18969356419569783
2765736 -0.19157510845821135
2766277 -0.22056137562788725
2766827 -0.1838466089674461
2767384 -0.19864700887082581
2767937 -0.21528936099501655
2768500 -0.19606774804602117
2769050 -0.21637207053469715
2769615 -0.1868855432237534
2770179 -0.18842011253377589
2770740 -0.21804282252922952
2771313 -0.1899280015614918
2771889 -0.1911144866745491
2772468 -0.20420644480785632
2773031 -0.19887476148333072
2773615 -0.18312663884003366
2774196 -0.19298754659345374
2774756 -0.21185544635374715
2775335 -0.18671746529281197
2775901 -0.1873890383216255
2776461 -0.22018629752521202
2777025 -0.1900471438990004
2777582 -0.19211138648484344
2778152 -0.20403817112659434
2778708 -0.19652397968376012
2779282 -0.19566928098254693
2779856 -0.21003585347516596
2780423 -0.19479807300243673
2781004 -0.18935057061586114
2781587 -0.2030448302594154
2782149 -0.20275007129582856
2782726 -0.18589184690121102
2783315 -0.1924297789378152
2783894 -0.21458010890409868
2784471 -0.18979804159567637
2785057 -0.19328095970515874
2785644 -0.20193622707905434
2786212 -0.19980436930814977
2786786 -0.19427430310139365
2787359 -0.20100744083315003
2787921 -0.2187653216152025
2788494 -0.18750707218956492
2789065 -0.19337355467865602
2789642 -0.20171874828399766
2790195 -0.20254975308514261
2790760 -0.1885442893799137
2791333 -0.20149177078414943
2791885 -0.2235746982269302
