6569560 -0.33134996498951635
6569934 -0.33694472917790413
6570325 -0.22668263864124572
6570721 -0.18608902887515028
6571098 -0.2161850563524536
6571485 -0.2672429646304072
6571874 -0.23652651096035993
6572242 -0.2605881703955964
6572607 -0.3914978834467043
6572939 -0.4416867903995287
6573320 -0.2751810200867605
6573688 -0.23509482686497873
6574038 -0.2637616929554293
6574421 -0.18329697177461646
6574805 -0.2394391171096815
6575182 -0.19191726315239033
6575537 -0.1334447950580543
6575905 -0.12107025567795948
6576274 -0.12312045473702565
6576645 -0.1551040624940211
6577007 -0.10615868058273648
6577381 -0.16601163523782597
6577762 -0.1835121492140281
6578120 -0.16805728054666846
6578507 -0.14659004283608512
6578903 -0.1356080787550648
6579284 -0.14107244378769995
6579681 -0.16316660410988054
6580077 -0.20749076133528144
6580460 -0.15745999161766128
6580817 -0.1716950876664286
6581187 -0.23996876118290517
6581553 -0.17015243684089398
6581919 -0.15998996139377275
6582266 -0.10997701593649772
6582624 -0.12338086606808446
6582980 -0.20658436067990948
6583341 -0.17357858696245415
6583724 -0.14569018676718787
6584118 -0.2314016798708612
6584494 -0.21276438186678037
6584880 -0.1536309430151212
6585261 -0.22252718284034734
6585632 -0.13494991978154908
6586038 -0.29879109070964993
6586407 -0.2572970570311608
6586771 -0.1401102532641526
6587241 -0.16348099361781987
6587532 -0.21405213857093186
6587918 -0.18859248760810898
6588268 -0.20002734225091356
6588622 -0.2420396992516013
6588987 -0.30154569669211606
6589337 -0.3153448516085493
6589675 -0.3647158159045749
6589987 -0.27809297866694893
6590312 -0.2983042508772335
6590640 -0.3291031814755451
6590986 -0.24746450404385545
6591323 -0.2493360148345784
6591674 -0.23545545186514266
6592057 -0.31696439377802305
6592438 -0.3611744405690499
6592813 -0.3963456890901586
6593220 -0.42396366993139667
6593617 -0.2378364207002231
6594015 -0.1648222421524263
6594419 -0.18310390989137487
6594796 -0.28108794608748894
6595196 -0.2649320336821182
6595600 -0.27267218946602667
6595998 -0.3500572220006982
6596391 -0.29456735746143053
6596771 -0.32137488381789553
6597162 -0.46248815161387574
6597554 -0.45792058402711733
6597929 -0.35491075621493673
6598322 -0.35442665747875607
6598712 -0.3659711515303317
6599109 -0.3451254625732162
