5849985 0.5022472232786349
5850335 0.6495790033791583
5850705 0.8657323878148973
5851081 0.893224801824632
5851440 0.550595275488295
5851794 0.6339509815104477
5852162 0.7113498497320085
5852535 0.5768961680444904
5852902 0.6044745881517918
5853278 0.8063312774985327
5853670 0.8459146607977441
5854053 0.49042825200482637
5854413 0.4885588114869332
5854787 0.6607226362296575
5855167 0.6167415361376611
5855542 0.49931103183659775
5855903 0.4096585930476609
5856274 0.505903476864081
5856667 0.6242798990256562
5857067 0.45650543158132306
5857462 0.5050154482774059
5857869 0.614852608689779
5858280 0.5924500091739043
5858674 0.37737616153742476
5859046 0.5643330984950866
5859423 0.6960780165018898
5859813 0.7553153199913072
5860187 0.4619823614363064
5860543 0.6029484232972409
5860912 0.7745647689543674
5861284 0.8436996996437254
5861642 0.4357465662404093
5861997 0.5550256426383456
5862361 0.7440443236400955
5862746 0.595609055158593
5863117 0.5359019786040538
5863489 0.6066749628442534
5863859 0.7320413528794992
5864244 0.763374060104705
5864613 0.5421523036522453
5864967 0.5391027120396611
5865332 0.686545421253868
5865699 0.746680417256995
5865831 0.27500987443019637
5866059 0.43872693097169224
5866403 0.5121228437312164
5866754 0.6828898914328931
5867112 0.5948833355139359
5867457 0.44757569319184126
5867806 0.6987913366237923
5868169 0.8144238370137022
5868545 0.800088297252912
5868938 0.5273240159035917
5869306 0.5426939414274247
5869681 0.7851244046410676
5870067 0.9123882064749939
5870462 0.9229367699233748
5870844 0.5276139093646867
5871207 0.5582730705212323
5871579 0.7115162944909325
5871964 0.7888119640389173
5872341 0.4807157620113048
5872705 0.6601422331535787
5873073 0.8863520522932564
5873447 0.8994519139687287
5873809 0.5887177314255945
5874146 1.0414728228758274
5874472 0.4761779041678832
5874795 0.5703108501731372
5875116 0.6651759005486905
5875440 0.833517626937833
5875774 0.8924107689354953
5876121 0.6169844561501513
5876457 0.5609412752177185
5876799 0.8022385768058797
5877145 0.8274239967798511
5877514 0.8783679827754811
5877905 0.9067207021396685
5878290 0.7582496894414928
5878650 0.4741874406622125
5878995 0.770092196538038
5879343 0.9657862968094354
5879697 0.8363057884125507
