1772894 -0.29174475520849535
1773478 -0.25473867559764773
1774081 -0.24005410425249002
1774690 -0.25169366805395427
1775280 -0.25928250310009887
1775881 -0.24279641668993124
1776493 -0.25717677882138984
1777090 -0.2615457958253388
1777720 -0.2363617562195625
1778344 -0.2422795512680474
1778937 -0.29774250555633025
1779551 -0.24227022996193814
1780124 -0.2430836583875638
1780659 -0.3168892101838154
1781215 -0.2510201556694623
1781793 -0.24682527602824456
1782369 -0.3029602967207434
1782962 -0.2470224186381046
1783578 -0.241161209190225
1784189 -0.2744219332045894
1784805 -0.2474534285453408
1785422 -0.24730062889375087
1786015 -0.27397048650265354
1786624 -0.24457569814209812
1787235 -0.24280071151881505
1787831 -0.28698070220882227
1788429 -0.2430062519704157
1789029 -0.24694219987559568
1789620 -0.2865715379594249
1790208 -0.24941773710452475
1790805 -0.2460731570873328
1791389 -0.2556934726435483
1791968 -0.244872719233786
1792539 -0.28392029386108475
1793092 -0.2542899907656706
1793664 -0.25279563636917735
1794194 -0.3014941225211696
1794705 -0.2916543243234034
1795242 -0.25474553446353887
1795786 -0.3092207137808404
1796366 -0.24768582712356302
1797005 -0.26139281556472
1797629 -0.2552881300903028
1798280 -0.2434950818927541
1798920 -0.27096387555131707
1799528 -0.2509950873241463
1800168 -0.24659864824256145
1800781 -0.29210597084792556
1801385 -0.243096208592539
1802003 -0.23928353115158124
1802619 -0.28083207781783737
