1173277 -0.2679141388689127
1173896 -0.2797282715389787
1174493 -0.29983131652030415
1175115 -0.2779703919402744
1175738 -0.2741682238482844
1176335 -0.3248327251519583
1176909 -0.28882845719774813
1177485 -0.28797092044895645
1178065 -0.3182979382708415
1178651 -0.2886281099572412
1179271 -0.27539069247380893
1179884 -0.31850597260416164
1180491 -0.28199195953261486
1181105 -0.27443628093048505
1181722 -0.30711571553101275
1182314 -0.28964056447301456
1182907 -0.2747380532791283
1183473 -0.3426125360236404
1184026 -0.29227428010826745
1184598 -0.2809320052672688
1185186 -0.33540683666963134
1185800 -0.2816517917089394
1186450 -0.27508893460442296
1187095 -0.2968423058033696
1187717 -0.29491864428144887
1188360 -0.28004857826420154
1189000 -0.26914336286539653
1189613 -0.29508457557347534
1190192 -0.3065863797138931
1190804 -0.28557322003528335
1191425 -0.27489581125231577
1192035 -0.3298848642182723
1192656 -0.28121525748953424
1193291 -0.28067946515829784
1193904 -0.29004938033684563
1194506 -0.28393484474021635
1195113 -0.27981227927369373
1195713 -0.27767203970892756
1196282 -0.29335416275707743
1196867 -0.2823458939633817
1197454 -0.3233232589646069
1198053 -0.2790892910561259
1198673 -0.2767252869042083
1199301 -0.28845886440252777
1199893 -0.299600785642711
1200505 -0.28535342732888286
1201127 -0.2767602800010777
1201740 -0.33535837076769215
1202354 -0.283887667208464
1202956 -0.2747416668253026
