64158 1.204085456063884
64652 1.2211286920139561
65154 0.9321127262387499
65624 0.906713311393073
66114 1.212768098905602
66608 1.082594211377359
67081 0.7572545443224308
67568 1.211444994923295
68062 1.209483755206917
68551 0.7509000820455971
69032 1.1509212045459887
69530 1.1525799928915565
70010 0.8027367373669723
70505 1.1934007501641846
71007 1.1876970040308465
71489 0.7199944119295258
71961 1.1437589371440264
72448 1.0944479506540867
72914 0.8437703871472949
73394 1.1645665825393237
73876 1.115199224819947
74337 0.8031166581763916
74822 1.1520385848542471
75301 0.7388063892684541
75782 1.1784309511123994
76256 0.8148430587189048
76734 1.0919103523501101
77214 1.072425545637174
77704 1.0633850121907902
78195 0.9806605194410278
78671 0.935080942201042
79158 1.0970679374458014
79650 1.237319137421457
80109 1.129441345397896
80542 1.0455094726346523
80978 0.9699000701486589
81430 1.3059943990049367
81879 0.5306224350236329
82273 0.37615861610863
82640 0.34108917142477946
83022 0.8212164124735426
83427 0.8020871501582054
83807 0.8299275823782328
84182 0.8270066376433177
84547 0.6218496670295275
84905 0.5690236638177774
85256 0.613726425588128
85597 0.6553209930349112
85936 0.690537970543982
86275 0.47528816400344354
86626 0.7757237468737775
86979 0.7618434570863498
87345 0.6498423942672604
87722 0.6498362664916579
88095 0.7962519006045372
88465 0.5025121114841907
88834 0.6858625713431408
89205 0.8206810190895926
89576 0.9309746698482311
89932 0.4706860641435657
90292 0.7589421193154793
90645 0.9055160628389398
91006 1.0200663989095788
91378 1.0268367386381843
91757 0.9091616269874403
92127 0.6120121123806672
92503 0.6773740669696148
92878 0.7637652806189528
93258 0.7676990851201122
93639 0.7807426220703164
