5430304 -0.39858635945355647
5430701 -0.3781980910638477
5431106 -0.37493938548975125
5431508 -0.37405478132397213
5431899 -0.3818751428473861
5432271 -0.4126940735708312
5432649 -0.39374796106542365
5433017 -0.3773396345560792
5433391 -0.37480934974897223
5433772 -0.3856493015437655
5434171 -0.3853460750615477
5434576 -0.3925346624149573
5434977 -0.3749817931723367
5435367 -0.3869707353886224
5435765 -0.3866615067718794
5436167 -0.39498026865370184
5436570 -0.3948185987604831
5436962 -0.38239741618949025
5437347 -0.3687201206939418
5437718 -0.3826824012911921
5438103 -0.39424703978803494
5438490 -0.37065612613248866
5438874 -0.3619108864953867
5439261 -0.37721705595916105
5439664 -0.4113379859214035
5440072 -0.4094092400510575
5440471 -0.40320318100519775
5440872 -0.4101129495048284
5441278 -0.39944705498775096
5441687 -0.3885856770645542
5442093 -0.37049612801004445
5442487 -0.37028147769120223
5442881 -0.36179420869992296
5443260 -0.3847175310461514
5443633 -0.38483866602757466
5444024 -0.39063242666903164
5444418 -0.38845425957840546
5444802 -0.38655366527449736
5445200 -0.3976275398575235
5445612 -0.4058039962975169
5446035 -0.3971913139097664
5446458 -0.41305037509112397
5446877 -0.3891386175418072
5447280 -0.35642066223537316
5447678 -0.3878541350917764
5448073 -0.37612994684110973
5448472 -0.38369644466482944
5448865 -0.36867790020547025
5449243 -0.39586627648305855
5449630 -0.3828530448411606
5450027 -0.37637050909373715
5450421 -0.3788177713237099
5450826 -0.40068781307447277
5451244 -0.3996566357692095
5451674 -0.39293735165924054
5452105 -0.3744567102691353
5452523 -0.37404446647779727
5452940 -0.3649839898295058
5453359 -0.3709206800233515
5453774 -0.36720162334904594
5454186 -0.36630696184868045
5454577 -0.35155928882560866
5454958 -0.37523323206534237
5455341 -0.36762001918366405
5455725 -0.37001945973994677
5456105 -0.36594591180462643
5456477 -0.3912225098464016
5456866 -0.3853839249362822
5457266 -0.36686801842329125
5457651 -0.3552606887565593
5458051 -0.3771307364086302
5458469 -0.3980155927784909
5458895 -0.39165392684142536
5459302 -0.38608510205235086
5459709 -0.34902413212687533
5460118 -0.364399492676703
