3751527 -0.30458865726774376
3751848 -0.3111810112620054
3752167 -0.2687395873550279
3752480 -0.32979838436144787
3752798 -0.3235792647427659
3753118 -0.32279152304348213
3753434 -0.28197365615820624
3753755 -0.3762584125543062
3754078 -0.30279805199149007
3754409 -0.32645309811919376
3754744 -0.33937199405220797
3755072 -0.34548448578335383
3755401 -0.30421381538144987
3755728 -0.3457741463737412
3756060 -0.3251108007859465
3756386 -0.20167176452637264
3756710 -0.25633578145453895
3757045 -0.3870401922169265
3757383 -0.3648540708015815
3757715 -0.25419823308089307
3758057 -0.44377247958104005
3758403 -0.24145605417362273
3758753 -0.29520603767904663
3759103 -0.4809847222169011
3759444 -0.2668293276444033
3759785 -0.4303899938064112
3760124 -0.3752490874316864
3760459 -0.35077054765963145
3760798 -0.37756313583737006
3761133 -0.3315892178332469
3761474 -0.31624093451976765
3761819 -0.31606161084562
3762170 -0.36362056540227994
3762521 -0.3531346230941578
3762866 -0.2785877924300861
3763205 -0.31887083043063225
3763554 -0.38697774357472026
3763907 -0.2658751903784108
3764254 -0.291894923009066
3764621 -0.32706070126202336
3765007 -0.31703175822960933
3765390 -0.29041398288370407
3765789 -0.42973164183327045
3766213 -0.37572770583396775
3766633 -0.3501368716194035
3767032 -0.3335828590476418
3767430 -0.31427770076456985
3767855 -0.35027367886129024
3768283 -0.2953780643848205
3768712 -0.45182542431257705
3769136 -0.34707829331971274
3769559 -0.3182335885022203
3769980 -0.32208066266158053
3770410 -0.3142412534764938
3770855 -0.3271108438794962
3771288 -0.29839774711866646
3771715 -0.2877966881842682
3772161 -0.31436150598039514
3772620 -0.2798532097999602
3773048 -0.2907408879572453
3773489 -0.28248883453868445
3773947 -0.28211035970428966
3774403 -0.29515272657482217
3774845 -0.27303994390480657
3775286 -0.29909365786185527
3775732 -0.3013531097706489
3776182 -0.2926015547203883
3776617 -0.2625968997193333
3777069 -0.31415721887628695
3777521 -0.3066920375125182
3777949 -0.2819269095365129
3778380 -0.2945461070312082
3778833 -0.3219251359661575
3779252 -0.2887172867615239
3779655 -0.2650255772471551
3780053 -0.23900853868172006
3780473 -0.3130619549638012
3780871 -0.37604753204997854
3781282 -0.324330455278659
