4141279 1.0183700808910785
4141664 0.9725761327414473
4142040 0.6133526780017263
4142417 1.0321155216927607
4142788 1.0409326458585608
4143163 0.7349460692526151
4143529 0.8724814786787984
4143908 1.018819050171246
4144292 0.9587006537503244
4144657 0.6690282706125805
4145028 1.0475272980352157
4145406 1.001624460991776
4145773 0.6175968600153967
4146137 0.9674913939337462
4146508 0.9929910067635693
4146896 1.0526730048604032
4147284 0.7882560063113069
4147649 0.7798604076154154
4148029 1.0363747035607327
4148412 0.9885775737825615
4148777 0.6614210371106457
4149146 1.0561770837249327
4149520 1.0568758171824741
4149905 0.8415293369095369
4150283 0.775412225269936
4150678 1.0749446270411582
4151057 0.76177097036297
4151449 1.0866307253868315
4151839 1.1166548322811403
4152218 0.6881869233729286
4152585 1.0069163964084802
4152962 1.0499646717737523
4153343 0.8948528163346714
4153699 0.6466057805257031
4154055 1.0557733985532953
4154415 1.0972153031749041
4154787 1.052527770049965
4155172 1.0230306938706544
4155529 1.110355069048179
4155884 1.1884725453010914
4156249 0.7650791385278386
4156614 0.9531120094317334
4156999 0.9994346602904621
4157395 1.011915482637941
4157781 0.6881297187460189
4158165 0.9737773960439499
4158559 1.0308668532119627
4158960 0.8587851450251939
4159334 0.7139654808819167
4159720 1.0109133220579938
4160107 1.057926166938958
4160509 0.8388789514458355
4160898 0.8337361618522185
4161301 0.9398338580846086
4161715 0.9954883754864219
4162116 0.5705395379140448
4162519 1.0566098258622683
4162924 1.186029615941358
4163316 0.665659715530905
4163710 0.9334393287295013
4164101 1.0233753300729005
4164502 0.9670287915416784
4164887 0.6857534260949452
4165280 1.0152576943587803
4165675 1.0193020091448717
4166071 0.681641017528031
4166458 0.7634166453946186
4166854 0.6698795776403117
4167260 0.8696929694922398
4167653 0.6456413051302402
4168043 0.936765515388046
4168444 1.0381259418377997
4168864 0.9895232309915438
4169285 0.9523917138525397
4169669 0.48397869445036523
4170056 0.8504865065741242
4170434 0.6585463840103305
4170825 0.9129546200909238
