4321190 0.6164254305485772
4321592 0.6458707729457716
4321985 0.44256506796285466
4322374 0.5828297553890788
4322776 0.7025369543313809
4323179 0.5295535750757125
4323562 0.43462129422991413
4323949 0.4615773964344991
4324333 0.4500098314453781
4324705 0.6448968543047489
4325083 0.7372074437454551
4325456 0.5203777860467151
4325820 0.5799188851028286
4325930 0.5011508427492997
4326187 0.5369719874328409
4326547 0.37580919252445155
4326739 0.09696989023000974
4326925 0.48003009535868696
4327300 0.5677074620532436
4327660 0.5402217475930325
4328018 0.6828072408365726
4328402 0.6943955525973454
4328803 0.737415773468854
4329197 0.48951920649444747
4329584 0.5748224774984367
4329982 0.5279036096042647
4330368 0.5776329235866728
4330766 0.5597846088189562
4331165 0.5950284410187543
4331574 0.676513464697226
4331955 0.6260776612416793
4332362 0.7456554986702768
4332786 0.5118856429179881
4333203 0.5442989148487396
4333610 0.45375894932624994
4334012 0.5547060678261154
4334424 0.5979733697737682
4334821 0.693539953892713
4335224 0.6903419503762552
4335630 0.696601718538594
4336016 0.5800524622810914
4336428 0.5251862564774112
4336833 0.6106453191103153
4337245 0.6864922430581353
4337660 0.810501655319813
4338087 0.8298035281714268
4338521 0.7174574968922556
4338961 0.7387736520996951
4339401 0.5167934648981798
4339832 0.7048158416819499
4340272 0.6645510506854467
4340714 0.7942854890372222
4341147 0.8230131860351727
4341572 0.77904148160528
4341987 0.6213602011422499
4342420 0.6851485883370776
4342869 0.655423069733566
4343302 0.602236468067814
4343744 0.6489025133549936
4344205 0.7008351660996129
4344641 0.7223482023943956
4345088 0.6381063158361835
4345544 0.7333751645752543
4345963 0.6537647160874004
4346395 0.621542824842502
4346836 0.6043764882498649
4347260 0.5825851152998736
4347705 0.7931909669761037
4348148 0.5993681757787427
4348572 0.5463111565731562
4348992 0.5887063014241475
4349377 0.4562674865132822
4349751 0.49969862547463845
4350119 0.5176003751822615
4350470 0.6537089173422708
4350826 0.6908844801361435
