6180116 0.5584301334399306
6180678 0.5663011718865059
6181296 0.716720510167076
6181915 0.7023103239012779
6182494 0.4660117686776584
6183122 0.739823164414114
6183757 0.7113437178548794
6184349 0.44597422318454116
6184979 0.7465808657801807
6185612 0.707326508555153
6186210 0.5004687404304433
6186791 0.698888615051612
6187402 0.7249233315239785
6187979 0.4485887809255478
6188579 0.7479358423408293
6189193 0.7247484939139849
6189782 0.5162937061309306
6190354 0.6211198995864307
6190979 0.7368527463671861
6191600 0.7158936170785632
6192193 0.46809665011050616
6192805 0.7439136433178848
6193432 0.701219816545571
6194015 0.47598718765498754
6194633 0.7625649958754448
6195233 0.7243745429865531
6195839 0.6532016551310756
6196422 0.5398867753436111
6197051 0.7695623747784844
6197660 0.725866652872016
6198262 0.45598762341141
6198876 0.7347618248835368
6199474 0.7057026810884235
6200048 0.493487341534861
6200590 0.6172376039600644
6201185 0.7138906827651326
6201805 0.6675126085841157
6202397 0.4578501852308457
6203004 0.7478382468193665
6203638 0.6977823891125672
6204261 0.5219821657864674
6204847 0.6726441043179352
6205458 0.7202546056581393
6206065 0.5959849455514298
6206638 0.5126199873948076
6207247 0.7359691008230651
6207862 0.6868358990609056
6208474 0.5677327189183701
6209045 0.518652722862011
