2552286 -0.2969382793936721
2552747 -0.29432754533562006
2553220 -0.31049997839611765
2553697 -0.3294186585032032
2554182 -0.2994354837941643
2554649 -0.2921164499069092
2555131 -0.3112375628924504
2555619 -0.3387027242324045
2556111 -0.28452824810595
2556585 -0.28082031969315946
2557081 -0.3268562836077398
2557586 -0.3323983466922038
2558094 -0.2950171705927476
2558577 -0.2779880554574083
2559072 -0.3089254785827529
2559569 -0.3344118541802755
2560075 -0.2879659566494291
2560559 -0.2774784173808679
2561052 -0.32591815774103794
2561542 -0.3296336089545817
2562030 -0.2838940310311353
2562499 -0.2792777302564131
2562981 -0.3164314293909979
2563468 -0.3356607700067846
2563956 -0.29229587428657045
2564427 -0.288095939726844
2564907 -0.30352872752126386
2565394 -0.32916131510596697
2565884 -0.2758389482720149
2566358 -0.2780081889944624
2566851 -0.32588084294279396
2567352 -0.3312201792892965
2567841 -0.2751233112882067
2568321 -0.29416867133392627
2568809 -0.325116718513262
2569299 -0.28454436437760783
2569775 -0.2846098755681998
2570270 -0.32155030610658925
2570776 -0.33744360474886986
2571284 -0.2739411343623417
2571768 -0.2802178072981312
2572265 -0.3132338093213825
2572767 -0.32493902246092815
2573265 -0.2780666322271902
2573762 -0.2977475987022884
2574265 -0.3334197011700941
2574773 -0.3288365763115591
2575276 -0.27127116498144266
2575764 -0.2825857840858341
2576264 -0.32701151148628294
2576770 -0.33146219768819435
2577272 -0.2686016188018992
2577759 -0.2990772082943099
2578259 -0.3263689661069111
2578770 -0.3338109298326971
2579278 -0.2680303064045939
2579763 -0.2882953406229892
2580261 -0.3305333716531915
2580761 -0.3526978072511945
2581229 -0.2974536528468515
2581691 -0.28807376562292786
2582190 -1.0472227007101296
