4890929 -0.24206702572786554
4891416 -0.24911585677250825
4891875 -0.24352779770312255
4892353 -0.2357115737779893
4892834 -0.24765134013490198
4893287 -0.24296049848049128
4893757 -0.2398552146729463
4894242 -0.24350668307499101
4894718 -0.25526511665857105
4895194 -0.2417372009058803
4895676 -0.2402401129807632
4896161 -0.2524735814706523
4896619 -0.2479688599512444
4897093 -0.23540253555821722
4897574 -0.2545769518119998
4898044 -0.23701744355844934
4898535 -0.23582991587447388
4899032 -0.24569929972089022
4899503 -0.24184648596782554
4899991 -0.2411509027155112
4900484 -0.23424853728854655
4900957 -0.24730063671322344
4901438 -0.24111300361547883
4901923 -0.24765925844434766
4902389 -0.2609359827580484
4902845 -0.2337764960437631
4903314 -0.2407810251441324
4903788 -0.2517169601115293
4904254 -0.24548026619381136
4904724 -0.24275569655709528
4905201 -0.23504402112992617
4905663 -0.24055787422213187
4906128 -0.24343536957976547
4906601 -0.2451823074247383
4907067 -0.25570537837176194
4907527 -0.24313683259415264
4908001 -0.2399399964065742
4908483 -0.24724665130921275
4908945 -0.2618809786302825
4909416 -0.24124931217729645
4909893 -0.2491752105392197
4910360 -0.2593211091504746
4910819 -0.2433812457838715
4911289 -0.24088306971300744
4911769 -0.24440209089283843
4912235 -0.2627656028521409
4912697 -0.23593018011394362
4913178 -0.24511395136895858
4913667 -0.24741269495019347
4914127 -0.26143099076350695
4914592 -0.24575411928459862
4915066 -0.24456719910120606
4915540 -0.2575771519771428
4915992 -0.24408680869878036
4916462 -0.23995569748963952
4916941 -0.24386470719957082
4917396 -0.25438869585293594
4917863 -0.24333926545574158
4918337 -0.24065189554755284
4918794 -0.2530761820280806
4919250 -0.23905842066768979
4919714 -0.23985901232678408
4920169 -0.2533158677734311
