753768 -0.31805245112133257
754135 -0.39025395643382044
754504 -0.2891814037852503
754850 -0.36423388400254253
755203 -0.3636461233520629
755539 -0.3572216357700007
755879 -0.41616429322440346
756224 -0.4692790748166354
756563 -0.40900550597347524
756913 -0.435128081667246
757273 -0.330792569611791
757627 -0.33509185752442516
757996 -0.39221021830469305
758367 -0.28679601730746596
758733 -0.45184852931661673
759113 -0.3788259467587748
759478 -0.38754922262423863
759857 -0.42808470148864775
760238 -0.3029593324526713
760596 -0.37260537377567005
760959 -0.41915135309857343
761311 -0.28177860422840284
761668 -0.33781113618147374
762032 -0.36232097019025644
762384 -0.3490032683552705
762745 -0.44265499046950024
763109 -0.32418830407626076
763470 -0.3722584326444821
763838 -0.3469768328948057
764197 -0.4249900340764096
764561 -0.34938384579017445
764921 -0.2909909060918322
765305 -0.35070986418820294
765700 -0.31362519977096526
766086 -0.33924225084953663
766476 -0.39434931079029045
766848 -0.35048238935754894
767208 -0.43043078337217855
767566 -0.35940715392281897
767917 -0.38252149542368274
768276 -0.1041011104478542
768621 -0.309433595386694
768979 -0.452106037044986
769348 -0.42312058236376093
769704 -0.4563978182547553
770071 -0.4254113218097899
770433 -0.39701247592132943
770804 -0.3641116692926032
771175 -0.41413729530368665
771544 -0.42588286923822766
771917 -0.2676784791200965
772275 -0.4441825173187784
772638 -0.5034731536235699
772992 -0.4315291097924203
773343 -0.411921460001274
773702 -0.40406781988025564
774050 -0.3366219735041098
774403 -0.38757331446963966
774762 -0.34128414024610093
775121 -0.5443344199670564
775479 -0.341940895696175
775835 -0.2697388630475776
776209 -0.4781027067516842
776547 -0.38967883017540894
776899 -0.4394951224192711
777255 -0.3497670687668717
777614 -0.32975250161987985
777979 -0.3577337050236736
778347 -0.4254019126636215
778698 -0.35541299170375223
779053 -0.3508374044615668
779410 -0.3179112855081592
779759 -0.33084227419639295
780123 -0.371707670768018
780477 -0.3139589660709163
780842 -0.5435037466921825
781210 -0.3978087961703968
781571 -0.2877652244764658
781937 -0.33644328555480907
782284 -0.3393476139789281
782638 -0.3453447498555558
782993 -0.34295215139067015
783334 -0.32484067178795845
