5310537 -0.11069621174381017
5311143 -0.10670630920710927
5311743 -0.10943857610251229
5312314 -0.12602156481282673
5312907 -0.10711079151330022
5313509 -0.1063109171032271
5314097 -0.1247030052239333
5314699 -0.11060037938615669
5315297 -0.1051063607955457
5315871 -0.11689005727525054
5316416 -0.12061451709811943
5316983 -0.1095884189212204
5317571 -0.10774471995436113
5318137 -0.11935150064149874
5318727 -0.11204128982702244
5319327 -0.1026023215811977
5319919 -0.11768145990764967
5320493 -0.10678717965853574
5321082 -0.11146661926042395
5321668 -0.10431404640791914
5322244 -0.12564211297770939
5322838 -0.11070088721583315
5323444 -0.1105117136550704
5324052 -0.11330363633269258
5324639 -0.10895889801238329
5325251 -0.0980319686405346
5325869 -0.10519188084205527
5326466 -0.11849512352951164
5327080 -0.10048494007917841
5327695 -0.09922767288259343
5328314 -0.10523606427653864
5328897 -0.11667697616893019
5329492 -0.10865190312904471
5330101 -0.10160987397003829
5330697 -0.11101352207446952
5331296 -0.10879282615953606
5331906 -0.10585828250436546
5332507 -0.10633512055467176
5333122 -0.1018246969692081
5333740 -0.10768661789624379
5334348 -0.11706667969002449
5334951 -0.11122885595655624
5335556 -0.10673423311580232
5336159 -0.10723978652550153
5336745 -0.10665614176312826
5337332 -0.10180855321645138
5337905 -0.10689050774874537
5338473 -0.11585798979767259
5339067 -0.10495023062084619
5339669 -0.10807996074082693
5340257 -0.11980887692379866
