4680881 0.4574924234367091
4681297 0.46935043548804045
4681694 0.47750653765814693
4682096 0.6314413687317104
4682505 0.5957573590252722
4682921 0.5785665569293681
4683345 0.5251956381707367
4683755 0.5256022143865572
4684175 0.6117939285151717
4684600 0.5710006666074005
4685025 0.5895857451309713
4685450 0.5554790786149415
4685863 0.5309421835518153
4686271 0.5709883055248293
4686675 0.5702646130951913
4687065 0.48924286969242264
4687445 0.5509996994850824
4687837 0.592554039345779
4688239 0.5795513800960057
4688652 0.5547130449378535
4689069 0.5338216595632468
4689477 0.4469420307787902
4689884 0.5212725177936944
4690293 0.5680272983807749
4690700 0.5027546894963633
4691091 0.4435364719318566
4691485 0.54269373672937
4691880 0.5975279630167945
4692280 0.7129614145589634
4692679 0.6002513722918237
4693059 0.4842870100599018
4693441 0.6428259308035245
4693835 0.7491676871846189
4694210 0.5795951006144555
4694585 0.4285570148120754
4694943 0.49449008822134133
4695308 0.601798611390979
4695686 0.6272446788061007
4696086 0.6303884481994004
4696492 0.4361199446162183
4696890 0.5497099667385457
4697266 0.484780774382921
4697658 0.4755411130162234
4698060 0.46614205036946055
4698464 0.4393967957342828
4698874 0.536358343452787
4699268 0.6208761016970803
4699670 0.5742519979451818
4700054 0.5303136197551167
4700454 0.615575750740502
4700868 0.6202065118172697
4701294 0.6024207708338774
4701724 0.5166552338177828
4702148 0.5608619532092368
4702581 0.5882439469696517
4703010 0.5733325200258276
4703440 0.5361860834201914
4703852 0.4115258683484809
4704248 0.4968383187386441
4704665 0.6051499065342376
4705090 0.6132836945806628
4705520 0.579284800543973
4705942 0.561691168429702
4706367 0.47729477417668226
4706779 0.5539535734764773
4707202 0.4979280806548253
4707606 0.5678741334425951
4708022 0.5653860351696378
4708451 0.5578469963756943
4708879 0.4591356483386785
4709308 0.5055946164700843
4709744 0.5740645129755324
4710186 0.5827503140188067
4710623 0.570726667412095
