3871329 0.7490917346331004
3871700 0.9318985173217256
3872082 0.8146754281810631
3872453 0.7246208122176832
3872838 0.8462646216271744
3873237 0.8672034632934285
3873651 0.8022242901907963
3874056 0.6434739376414409
3874463 0.8162722298099508
3874878 0.7584032383365857
3875302 0.6824095920851699
3875701 0.6031747814571362
3876104 0.7252331261412261
3876508 0.7321931108164822
3876906 0.5769995966642122
3877273 0.4592867857200126
3877644 0.6614585711862979
3878018 0.614844802433807
3878398 0.5530976669554828
3878787 0.7899728259338155
3879164 0.5772824121908596
3879529 0.5776087238504666
3879902 0.9010856978955619
3880267 0.7211423159968977
3880612 0.6832615549418593
3880958 0.8821323973349277
3881311 0.9011266967383482
3881660 1.1002251114172121
3882016 0.9237153661594756
3882370 0.9183704672363151
3882741 1.0613425129762788
3883137 1.2215320165006411
3883552 1.2385503397398239
3883984 1.1260886870613103
3884407 1.086764856548998
3884835 1.233530648596467
3885261 1.2162641985211116
3885705 1.131794233638154
3886114 1.0833325303262806
3886554 1.262210226752803
3886989 1.2769106608967415
3887436 1.157827934886095
3887861 1.089466823381265
3888303 1.3072218884992066
3888758 1.2752493496901542
3889188 1.003935177459263
3889631 1.3351490279709752
3890078 1.3389593645683393
3890516 1.0244384837687583
3890932 1.1444739500427006
3891368 1.3736145450942152
3891807 1.120677439264755
3892220 0.9578621175714159
3892647 1.2730993180375523
3893067 1.079026328839872
3893468 0.7795757528779865
3893869 1.0530549918282341
3894285 1.1012986221617491
3894678 1.1472301510340706
3895090 1.0920089704338922
3895502 0.8149518734151251
3895931 1.1710416217993012
3896381 1.19616631277519
3896836 0.9457384893248223
3897263 0.9573648093120307
3897710 1.1946558653793569
3898162 1.1484176771572527
3898579 0.833257519574958
3899024 1.2712258012332986
3899468 1.3166573287913974
3899900 0.7982618516816786
3900316 0.9960251984535613
3900738 1.3064506105253686
3901136 0.6571717873894629
