363318 -0.21228909259014533
363835 -0.2158098689462048
364369 -0.19478974750872052
364909 -0.21564130963912925
365430 -0.22206873231646723
365953 -0.24295953434679596
366477 -0.22485675272604794
367013 -0.2178197786435076
367553 -0.22417853851558328
368062 -0.23864724023964273
368585 -0.2130133184677896
369121 -0.21291563972654742
369657 -0.21606168370506118
370187 -0.2410543867032212
370704 -0.23718631488905467
371248 -0.20642194946276765
371835 -0.20712184245567705
372389 -0.20998382218983247
372950 -0.23038954876701484
373531 -0.25248907873187193
374081 -0.22511118966047505
374801 -0.19346531356725571
375416 -0.22774515789882882
375994 -0.2401666332334837
376625 -0.2117548937512445
377213 -0.24474655039344567
377747 -0.27352556849540116
378241 -0.24066741608896397
378810 -0.20637325175606186
379368 -0.20740520443235927
379905 -0.2575574503605883
380393 -0.3137292952355948
380881 -0.24446023499193137
381413 -0.2075145861867297
381906 -0.22727019127392584
382381 -0.31366523211222946
382856 -0.32269696190203234
383413 -0.188560648839863
383933 -0.19820172440368905
384418 -0.26869196896149783
384895 -0.17763211724058825
385343 -0.16899538668905412
385788 -0.18202591748137065
386203 -0.14398308496859313
386619 -0.17446533265221242
387022 -0.19926459602184843
387409 -0.16421095581242295
387793 -0.17753174410089256
388203 -0.1888163718238145
388592 -0.17894529386577473
388979 -0.15426184201753995
389387 -0.1798839020879448
389801 -0.18568695536586255
390216 -0.17286180251625743
390633 -0.17833571146770266
391127 -0.19222228078685571
391614 -0.19935762787929895
392098 -0.18957823037776778
392628 -0.19703442515176706
393182 -0.1986867839977643
