5363080 -0.26671457648552693
5363538 -0.2367651492261036
5364002 -0.27475900736129877
5364443 -0.3308375344708932
5364894 -0.23893993138437064
5365360 -0.23556024466587966
5365819 -0.3167152431202231
5366258 -0.31261925962161635
5366712 -0.21145819444578468
5367169 -0.2407736354912185
5367612 -0.35924089952777627
5368046 -0.2792439171544158
5368507 -0.22086825485360229
5368964 -0.2645131576759099
5369404 -0.3559564774153037
5369840 -0.26189012875509793
5370305 -0.23253529319090588
5370780 -0.27923770284072613
5371228 -0.33708112979617094
5371689 -0.23607015370429474
5372174 -0.23488302409085982
5372657 -0.30783645048284736
5373109 -0.3435960440332702
5373576 -0.22392049873730396
5374050 -0.23815184593233318
5374527 -0.3327734665973783
5374981 -0.29953120204970707
5375458 -0.23806153909074884
5375942 -0.25852782484977854
5376400 -0.36410812700095513
5376848 -0.26977728856688205
5377325 -0.22461326242325563
5377800 -0.2890911323785936
5378249 -0.3440244176741418
5378706 -0.24159876193942081
5379188 -0.23605332044004496
5379673 -0.3145514273349038
5380122 -0.3386471304772675
5380588 -0.21976583912745623
5381063 -0.2398875204710375
5381536 -0.33161173992078063
5381984 -0.3281122360269517
5382452 -0.21522519234426168
5382928 -0.2514996464453549
5383387 -0.3543658227535163
5383834 -0.29657412434613556
5384307 -0.22273144088181124
5384783 -0.24675471979293906
5385236 -0.35454371621586767
5385681 -0.2815818443294323
5386133 -0.24054789828181788
5386572 -0.2463713537838838
5387005 -0.2837224840600092
5387450 -0.21359122277551867
5387891 -0.21863223500688717
5388336 -0.22768317092460671
5388775 -0.3184543898874329
5389207 -0.28658923950301096
5389652 -0.200566114224688
5390091 -0.2113051862364932
5390520 -0.32461044879039735
5390951 -0.1985011263700825
5391379 -0.22679489998249214
5391785 -0.273015827131008
5392205 -0.344652116604891
5392627 -0.21881391060241384
