2638586 0.29348724491915995
2639070 0.3211539035808731
2639563 0.32838133149890225
2640035 0.28685868948915283
2640487 0.2752058542515423
2640978 0.3327286561887485
2641488 0.32665722714078466
2642029 0.3200215648381449
2642521 0.280888400360764
2642975 0.26068425040804205
2643477 0.3259419102974251
2643983 0.32923446706698223
2644523 0.3273700411517856
2645004 0.2760520752418688
2645450 0.2510010249008384
2645932 0.32118386124187237
2646415 0.3246846241115823
2646900 0.3069026997808678
2647348 0.27578142948975004
2647789 0.2729288165627853
2648275 0.32484818703878604
2648770 0.3305013459905485
2649268 0.290958462028454
2649719 0.2959986189872795
2650197 0.33480768410578365
2650671 0.3256472292338257
2651153 0.3027988836749749
2651637 0.27239430986249763
2652117 0.32981571066023163
2652588 0.32470871779829447
2653062 0.318056898940408
2653506 0.2841780056201596
2653939 0.2482910210536027
2654408 0.3293791751147417
2654883 0.32954919770919594
2655372 0.3220302097474412
2655879 0.28759466465105
2656340 0.26132011576538205
2656806 0.32134339209948676
2657278 0.3304023725170694
2657763 0.3231277869368187
2658246 0.28355924306583685
2658694 0.29421066647044875
2659176 0.32766630733041574
2659657 0.33243245111162134
2660137 0.31625505124649017
2660579 0.2772484479289496
2661019 0.30034082863922806
2661502 0.3192355383722018
2661993 0.32829315144279086
2662478 0.2914366259990877
2662928 0.2624786851150103
2663394 0.31440235667625893
2663885 0.3212719354818512
2664425 0.3167110128295362
2664937 0.29306872920737237
2665389 0.2604917802327035
2665856 0.32278580986474165
2666352 0.328582955828388
2666857 0.32157441034680456
2667361 0.2865872238493765
2667820 0.2807442119501987
2668313 0.32361528308876997
