5242721 0.5263493062758362
5243150 0.4291560058667563
5243576 0.45129795186871335
5244014 0.5034116842690223
5244445 0.440499315363718
5244869 0.47493980094620364
5245309 0.5272276158957984
5245753 0.4713191626748718
5246174 0.40466244918650257
5246611 0.518401595718139
5247050 0.5271508762988605
5247477 0.4175294442304203
5247904 0.4655186859208329
5248343 0.5347271811421352
5248781 0.47420691934036674
5249205 0.43338496803274684
5249641 0.5444310794694214
5250086 0.5363696156958934
5250522 0.39279654042201256
5250957 0.4958576792431619
5251401 0.5256526894150148
5251828 0.4292839674498616
5252262 0.50983797508071
5252705 0.5288889942120801
5253136 0.44956181986326843
5253572 0.5011895451286659
5254013 0.5092689722810151
5254447 0.47751851834623693
5254888 0.5397967188733322
5255310 0.3702983666139536
5255733 0.49461772524981773
5256163 0.46038523431559353
5256583 0.44231960758884237
5257002 0.49004584269879153
5257426 0.49984418678282355
5257841 0.4040881711823846
5258258 0.4940891625768872
5258685 0.48696784695950945
5259110 0.41203468637171514
5259527 0.44705639528828317
5259958 0.5218475768729505
5260381 0.41763620648052424
5260797 0.47118513589829364
5261230 0.49431758376025997
5261653 0.4519075113393738
5262073 0.41960769993527347
5262478 0.3454471144928342
5262921 0.5013912630142514
5263356 0.4629773284925899
5263796 0.5026733693784282
5264248 0.4706128501360001
5264688 0.402695507808091
5265130 0.4484043249042086
5265583 0.4832881288390848
5266022 0.3858126061461857
5266463 0.46658816568510153
5266913 0.48436475449199656
5267342 0.39653078816781695
5267784 0.5305340516677683
5268224 0.4766626181330807
5268656 0.40943081367954814
5269081 0.4712836088904503
5269523 0.4763828173265372
5269957 0.40424189035986924
5270387 0.3865619869627457
5270823 0.42831346211804555
5271259 0.4076581552844061
5271687 0.4634562826825507
5272106 0.3997707845957722
