5183278 -0.22553509552123086
5183673 -0.16374077267699017
5184066 -0.24110979483542655
5184455 -0.24200226817390835
5184837 -0.21884419611212902
5185236 -0.18815686352020228
5185624 -0.19934524565392103
5186009 -0.22572157385067632
5186403 -0.18274430920771567
5186788 -0.16828894601669164
5187185 -0.14803677374406948
5187581 -0.18632904892733515
5187968 -0.2414620918412742
5188351 -0.16485051354252145
5188737 -0.1803353515762065
5189120 -0.23148348687591835
5189503 -0.1636434804804251
5189873 -0.19433467743089117
5190250 -0.17985849734978843
5190631 -0.16417248201927048
5191020 -0.1811624735629901
5191401 -0.14605435512264586
5191780 -0.16707851338887358
5192169 -0.17535239433178418
5192554 -0.1454191071163728
5192945 -0.16389320336058505
5193330 -0.18216684092677365
5193720 -0.152855995032126
5194114 -0.2342035202785604
5194501 -0.23947433899722165
5194884 -0.18931513288516777
5195281 -0.20063815790706885
5195684 -0.1583956663268255
5196089 -0.16027600189891572
5196485 -0.21835624051127517
5196874 -0.1780266356093157
5197275 -0.17378840991673578
5197676 -0.19576086768420492
5198076 -0.16866202081901022
5198464 -0.19494643882740348
5198860 -0.156009302310201
5199251 -0.15659705953348135
5199642 -0.1863107792208662
5200024 -0.21736316995171806
5200392 -0.20066594134317256
5200749 -0.14244480496844358
5201133 -0.18207116111828092
5201522 -0.1721002558523017
5201911 -0.16462237051881956
5202290 -0.18586855495748034
5202684 -0.15250304434831508
5203082 -0.2186540835837033
5203476 -0.15818279848443295
5203856 -0.19923330132756528
5204248 -0.17296766057663032
5204648 -0.17682008091198037
5205042 -0.193185034707325
5205436 -0.2574128460685378
5205833 -0.21261069307343633
5206222 -0.18335753880006783
5206618 -0.14735686246792418
5207015 -0.1615202890753279
5207413 -0.1631740458007474
5207801 -0.15653861933773622
5208190 -0.11915014731432444
5208582 -0.17920194978904747
5208985 -0.1511296792600434
5209383 -0.13182368923055132
5209788 -0.1876007630311689
5210190 -0.1991436684616571
5210588 -0.14648795164135286
5210986 -0.20235066656418355
5211384 -0.15926310398297983
5211782 -0.16228812307258839
5212180 -0.19271878692287897
5212567 -0.20830595443578048
5212955 -0.20192739238148105
