5752221 -0.281223468974092
5752699 -0.30475933863959925
5753161 -0.37434822464428946
5753608 -0.30313905774971306
5754061 -0.2728480124621605
5754517 -0.30497150033808146
5754962 -0.3658463533351473
5755397 -0.20884989947036292
5755834 -0.3311931849895815
5756254 -0.29877386064461203
5756665 -0.2988039636904679
5757086 -0.28448035569487073
5757496 -0.32851610173607987
5757930 -0.25820592853878793
5758364 -0.32446446053134725
5758787 -0.3219166007161352
5759218 -0.2582830260802122
5759667 -0.3009934762975918
5760090 -0.37391217014730166
5760503 -0.3137167026203176
5760928 -0.2903224634307116
5761373 -0.3024941585415748
5761796 -0.36017061607778633
5762210 -0.3055085136175363
5762652 -0.26308100940291845
5763104 -0.35233937002655574
5763533 -0.34214942410383653
5763969 -0.2816865145992783
5764448 -0.29769511621051814
5764923 -0.3544869151829654
5765370 -0.3174509932457653
5765845 -0.2790725703838578
5766304 -0.32027699269068827
5766741 -0.3669473501026269
5767172 -0.312040628123022
5767598 -0.37868964604686417
5768022 -0.3602843678829999
5768427 -0.3400396520067957
5768871 -0.28495358641232393
5769321 -0.3663075444820097
5769758 -0.3173159759519345
5770219 -0.3431700630494635
5770694 -0.3525910551907391
5771136 -0.34577245960238884
5771618 -0.30491566126099207
5772131 -0.31829795785375037
5772582 -0.3938655081404738
5773023 -0.3085921821671639
5773481 -0.3062648900693333
5773925 -0.3877993037902236
5774360 -0.34548378788414136
5774839 -0.2817272709642927
5775312 -0.31752829292080254
5775756 -0.36977162364725585
5776197 -0.3556570683952792
5776681 -0.2799494939412155
5777149 -0.31238667565011186
5777601 -0.3659513147475823
5778047 -0.32165598751879215
5778512 -0.27039293041503093
5778984 -0.28530464656746135
5779438 -0.38385145346156974
5779880 -0.32498513929945394
5780345 -0.2784101137549621
5780820 -0.27780822632482294
5781259 -0.36785835584852655
5781697 -0.2807063243021984
