386 -0.37039539236720886
725 -0.2807930992052484
1047 -0.3033504846557852
1364 -0.3234052535873406
1675 -0.22848457372739428
1986 -0.23970757570486523
2334 -0.20847728760220707
2617 -0.3139367896682802
2936 -0.3904195457018229
3252 -0.22485824909755547
3512 -0.10723636623925231
3573 -0.3176169967973033
3897 -0.35153999751379844
4211 -0.2539160263849277
4389 -0.4337320586157044
4536 -0.41185707379684516
5171 -0.41061127368221845
5490 -0.26157207892712653
5806 -0.36023586983235295
7076 -0.41742778005647785
7397 -0.33347029363940683
7712 -0.27648430643996136
8025 -0.3590532295359594
8349 -0.415001394720382
9276 -0.3649116096120937
9586 -0.5330238963854583
10808 -0.301448104591967
11116 -0.4386210445256762
11446 -0.33559518664133847
11729 -0.30470126164154476
11896 -0.16900760652428293
12033 -0.42763863270180047
12343 -0.42145160838750073
12952 -0.36144718598580694
13260 -0.07830908987194063
13439 -0.0626548786964659
13564 -0.26001492013060057
14048 -0.07983604257477808
14180 -0.24267859504100364
14605 -0.29200322023004965
14789 -0.33502964805275953
15404 -0.27966887687818465
15710 -0.442752155312223
16014 -0.35476517900375476
16363 -0.4371601432449105
16937 -0.24040277527615286
17241 -0.33945494447291497
17542 -0.3054278631585279
18273 -0.3838401382850337
18441 -0.44397916450622177
18736 -0.3550418353264453
19032 -0.5853113726747803
19326 -0.3247455238960678
19617 -0.44222458765206496
19909 -0.355731190159181
20203 -0.30537086944369984
20499 -0.39859308976453633
20792 -0.27220477280847505
21087 -0.35565957014592753
21252 -0.05371505195833698
21380 -0.410497073174553
21677 -0.31777952109081936
21971 -0.36757154583482354
22263 -0.4115258124658135
22551 -0.3146722067912382
22841 -0.33716369807572316
23131 -0.12615766481575708
23421 -0.3446267229770881
23709 -0.15042577768018078
23998 -0.2477910812667692
24284 -0.3974305198521326
24570 -0.06943247805780617
24856 -0.30566405474280234
25143 -0.31412126724244116
25430 -0.2886403018371654
25716 -0.3739489118572922
26001 -0.43494799963812264
26289 -0.40825798736070673
26573 -0.3522366207285096
26862 -0.20816264945476742
27152 -0.3719503110585137
27441 -0.40910616407566247
27728 -0.4293896766312789
28012 -0.43891201817477105
28294 -0.5112317960956457
29710 -0.2974220765243978
29954 -0.42807174038585083
30230 -0.2631841329596374
30504 -0.4248264894276317
30914 -0.49279758853831035
31126 -0.15850945595273735
31316 -0.3225537291454954
31631 -0.4546349065272912
32124 -0.2579439910164756
32390 -0.3231782335629996
32661 -0.32343383522447233
32932 -0.37215076389088997
33202 -0.09956663933004473
33473 -0.15869700218119553
33739 -0.4037029788184894
