1351409 0.2544120826503684
1352406 0.40591234562646583
1352736 0.3171772569125786
1353066 0.5715855570279955
1353727 0.5788615619725651
1354050 0.3598705715569064
1354374 0.37185185534253723
1354576 0.03417799590536315
1354713 0.33122341946331435
1355048 0.4868643674079174
1355385 0.6078176940663225
1356066 0.3907550807729717
1356396 0.4962197963694895
1356730 0.3803038127975109
1357069 0.41410788322835484
1357410 0.3435293895436067
1357743 0.38682607883861
1358069 0.4014856060073311
1358388 0.39644923402095855
1358705 0.6279184638901322
1358836 0.4056890953138893
1359388 0.44149760541966004
1359739 0.3355209768306311
1360088 0.49713912560957446
1360448 0.6352408330351483
1361158 0.450512629779716
1361862 0.5310617455677731
1362211 0.4237133638402242
1362566 0.44714617481728214
1362931 0.44813290162558944
1363300 0.5183234296869017
1364007 0.5427571831153528
1364369 0.5897592684734461
1364721 0.3427824477981901
1365079 0.557133447782822
1365204 0.2013909941170739
1365439 0.3650937417344253
1365809 0.4788337839770234
1366177 0.3076618220851155
1366552 0.36619215596725235
1366922 0.3908501332738435
1367283 0.4203198757263136
1367638 0.48232987371897124
1367990 0.44892047905542665
1368345 0.3944433214856053
1368701 0.3957325021395978
1369053 0.3755957227972244
1369414 0.6441141256961249
1369544 0.35753446126292276
1370662 0.441223107916456
1371136 0.5413036378539802
1371265 0.2716270394962495
1371465 0.4517052814200287
1371917 0.40203105442497
1372776 0.5055910761225296
1373093 0.6644808967439562
1373405 0.5010223617329541
1373717 0.49374322323668185
1374037 0.25768768216288557
1374688 0.20257902849316345
1375019 0.4242919534760808
1375363 0.5942763476185439
1375702 0.42276911221913643
1376048 0.4916786194866539
1376390 0.384509100122831
1376721 0.5123527250168585
1377060 0.5849209217030834
1377395 0.3217949834470468
1377718 0.5303259095565023
1378043 0.5670374828944917
1378361 0.46533421581433626
1378691 0.4542187220742576
1379029 0.49785796974083985
1379691 0.5576454067716621
1379938 0.469521255925678
1380014 0.378935888094144
1380163 0.27131198457128725
1380340 0.5255699388857091
1380669 0.33035772041393613
1380992 0.58723029608995
