2907612 0.3074361570175817
2908094 0.2977758688573714
2908560 0.2799853044244365
2909017 0.27734826518206906
2909499 0.304450207262783
2910005 0.2948988294965574
2910510 0.2742666585339128
2910986 0.29222589481061295
2911503 0.3132411201446671
2912041 0.2924302353144417
2912522 0.2632105249065115
2912990 0.2782208884515431
2913535 0.3044415360748717
2914077 0.29630184821306005
2914540 0.2545107962853691
2914983 0.2072007065543538
2915464 0.2930600579512246
2915932 0.29567755569622184
2916390 0.26920639923913664
2916815 0.2014731850945104
2917258 0.2768948834677745
2917705 0.29137694405644227
2918143 0.28904091626534895
2918556 0.23512638310471798
2918972 0.2257516142462135
2919417 0.28921184008196793
2919852 0.29575051700508725
2920293 0.2624901017248462
2920709 0.23161597062586906
2921130 0.2653257471562169
2921589 0.2796188606759259
2922054 0.28527660883203354
2922553 0.2854108063200641
2923043 0.28812652184827015
2923529 0.2614161203112072
2923989 0.23500835561690675
2924471 0.28898390019217723
2924978 0.28782868009270396
2925495 0.2807137765620915
2925966 0.26858548229638013
2926450 0.295065306430645
2926954 0.27748517346527946
2927413 0.24448439599767158
2927869 0.2971999824133041
2928349 0.2806773067108612
2928858 0.2866436102795132
2929323 0.2558772187688757
2929769 0.27548529072916705
2930247 0.2985086196521408
2930724 0.302555931894836
2931195 0.27017809417633304
2931640 0.2512339198440732
2932079 0.28342067450936514
2932552 0.29283565718074644
2933021 0.29962652010858015
2933472 0.27117278558865826
2933917 0.24291500114802472
2934378 0.30039361810969856
2934855 0.30378963104525
2935328 0.26546526760049516
2935795 0.2586284401773847
2936266 0.2911499037937187
2936743 0.28653819690342863
2937203 0.26510608086585413
