5092947 -0.19036577971555146
5093423 -0.21284434559607224
5093875 -0.2562229533582372
5094317 -0.20293670286478155
5094795 -0.16445926182977638
5095279 -0.1908062252075876
5095764 -0.22487309507022607
5096227 -0.250022036540731
5096678 -0.1759973045594433
5097155 -0.17826539325387847
5097630 -0.1911896565999724
5098104 -0.2332258611777029
5098561 -0.2381568047837373
5099031 -0.16591713238957434
5099508 -0.1863597212194787
5099991 -0.19634826016057466
5100451 -0.24789203200893317
5100902 -0.19648342598140178
5101387 -0.17290984464421483
5101879 -0.19421647149769788
5102371 -0.19467505979995553
5102838 -0.2526607606059678
5103295 -0.20262327348352893
5103778 -0.1832180102246787
5104260 -0.1933224175603389
5104740 -0.20316700379016783
5105210 -0.25235766078524124
5105660 -0.2401247390452695
5106130 -0.16457065370030932
5106604 -0.19456822061158652
5107078 -0.19820316392351695
5107532 -0.2687186433911535
5107980 -0.19463588974932622
5108451 -0.17986258130323113
5108925 -0.18984058953332106
5109390 -0.21750500088455554
5109835 -0.25911396400704456
5110278 -0.17777745363681513
5110745 -0.17771244812154097
5111218 -0.201719944376681
5111695 -0.19855936932920382
5112162 -0.22053170787452298
5112602 -0.23730931107474507
5113044 -0.17403722357677487
5113510 -0.181459483820127
5113980 -0.19820507503006884
5114449 -0.23270465024871567
5114892 -0.2570206059598333
5115337 -0.17423899982803548
5115805 -0.18126900197532736
5116274 -0.19863849600056033
5116740 -0.22743904579447988
5117189 -0.2596043848420279
5117630 -0.1825818020380941
5118096 -0.18530996487385176
5118564 -0.19589926711043926
5119027 -0.24771662616889134
5119467 -0.23598062760020883
5119929 -0.16925087162803254
5120397 -0.19012278213634154
5120872 -0.19395233707863674
5121344 -0.22859092809663473
5121792 -0.2514788255658376
5122241 -0.16791078676696514
