5183369 -0.2577886703995803
5183838 -0.2979907891338332
5184281 -0.3889850721096372
5184721 -0.2969301700081861
5185180 -0.2860319195619717
5185641 -0.32468381610891756
5186081 -0.3494187788384878
5186540 -0.26642908897481227
5187007 -0.2849473587793229
5187459 -0.37139577266548457
5187898 -0.31036327107658607
5188361 -0.2734769899736583
5188817 -0.28513674484063306
5189244 -0.3592284142302196
5189666 -0.30137912976926007
5190102 -0.30191583491204566
5190548 -0.2958811778117193
5191002 -0.300699822626013
5191464 -0.30599983628553046
5191914 -0.3838934343733314
5192357 -0.29471490050079874
5192820 -0.288187656614502
5193289 -0.3025865860203742
5193737 -0.38503497856160585
5194191 -0.2813208345427133
5194664 -0.29857955503673184
5195141 -0.30307629977836975
5195609 -0.3739597793559006
5196061 -0.29375690338667476
5196537 -0.28876894703291817
5197014 -0.29724062865521556
5197489 -0.37008558258074215
5197943 -0.3145192421806073
5198423 -0.2868676940302044
5198901 -0.32806403966172737
5199352 -0.3822955374956993
5199818 -0.27218379121479197
5200293 -0.2920853363254908
5200765 -0.3490422578004699
5201219 -0.34454133152778116
5201698 -0.28022808153088263
5202183 -0.3067463080795344
5202660 -0.37700348920529425
5203115 -0.3251551325890974
5203589 -0.2935740466007069
5204068 -0.30391044976922044
5204535 -0.38782340218261907
5204985 -0.3174923307723091
5205461 -0.28858581877473566
5205933 -0.30894068478274916
5206398 -0.3682728003764564
5206845 -0.3716909877838298
5207307 -0.2835281594004171
5207769 -0.3297134696153104
5208210 -0.38196102849398955
5208665 -0.27986612659483906
5209126 -0.3046560156390213
5209571 -0.3772243748359375
5210012 -0.3207594929771344
5210470 -0.2750060488313959
5210898 -0.3143368741871204
5211349 -0.2886160053508887
5211789 -0.35769028723864477
5212221 -0.2785184922450519
5212677 -0.25918209134393294
