3985929 -0.4670163388254983
3986291 -0.4481478065915645
3986651 -0.4239936151415584
3987016 -0.4861275585934224
3987372 -0.41721075662952456
3987739 -0.36612060243584926
3988117 -0.5718878941933336
3988497 -0.40587797672222886
3988869 -0.3712248290075216
3989247 -0.40736855299716596
3989623 -0.4664403718665419
3990002 -0.4547479887602214
3990368 -0.40696407250161326
3990738 -0.4235669318997786
3991116 -0.42171603888701165
3991495 -0.5815683157170234
3991867 -0.48081379831337545
3992068 -0.17679660868410474
3992243 -0.43021008187538995
3992629 -0.41322157045738633
3993012 -0.37783833524182725
3993381 -0.3381267917503616
3993753 -0.43562569970976817
3994128 -0.3754248393280387
3994502 -0.40181097367835245
3994867 -0.4004646177143087
3995238 -0.4061736523629817
3995611 -0.38199265718986913
3995984 -0.38499229104421384
3996350 -0.4188129486309595
3996727 -0.42825514507590734
3997095 -0.44375579069438953
3997457 -0.40069678110068563
3997824 -0.396837615968031
3998196 -0.4117859517504389
3998566 -0.4627604025747306
3998931 -0.44882699560508216
3999286 -0.4597695933380591
3999654 -0.41281905185770995
4000024 -0.4413169672170367
4000392 -0.42779051619006325
4000768 -0.43807159128449985
4001148 -0.46109694866916695
4001524 -0.43812846199099714
4001896 -0.5276938199636922
4002260 -0.5305770637373368
4002623 -0.38052806681024914
4002982 -0.5590415814969905
4003341 -0.39890498727836443
4003695 -0.39612533909911374
4004053 -0.33905799381312124
4004416 -0.32844130699103324
4004779 -0.39710744408290827
4005140 -0.3316552314460085
4005502 -0.37077120495801086
4005872 -0.3825987802334195
4006233 -0.3294199299236668
4007336 -0.320602688817669
4007692 -0.3534546418483155
4008049 -0.36372355589105354
4008262 -0.13488890335470538
4008405 -0.3344977563716489
4008761 -0.31865311243965944
4009111 -0.3733019293561043
4009465 -0.36826784706638693
4009820 -0.35146796224889376
4010178 -0.3514924059650679
4010537 -0.3469744561544489
4010828 -0.03741992152965373
4010888 -0.4386497554476115
4011235 -0.28645255740579617
4011579 -0.43050043813413585
4011926 -0.40160576119030966
4012125 -0.21859915427358978
4012267 -0.3333698782032572
4012609 -0.5232945124919545
4012947 -0.4359026204803317
4013279 -0.42652124509610057
4013614 -0.48781825988301175
4013940 -0.4327588890838068
4014263 -0.4176340279588384
4014593 -0.4212170323642697
4014931 -0.2893958233190311
4015278 -0.29237640498963346
