5871390 -0.18334376273412178
5871875 -0.18948216988317285
5872377 -0.20695808243202618
5872860 -0.2794202015038494
5873308 -0.20338473712746008
5873788 -0.1793044277397337
5874269 -0.1909424865218552
5874745 -0.2251539414206995
5875183 -0.2682873930898956
5875615 -0.19213359371391225
5876084 -0.18044561388269542
5876554 -0.19082543708084848
5877020 -0.22688292024680218
5877460 -0.2866946940564131
5877890 -0.21992094603739393
5878368 -0.17363013625657875
5878838 -0.1901911730203925
5879314 -0.22470834017827762
5879757 -0.30784706064416467
5880192 -0.2074667130405476
5880666 -0.1885284992310488
5881141 -0.19200494925642297
5881614 -0.2627124274258546
5882050 -0.2932852924059811
5882488 -0.18861770225451868
5882962 -0.1824524160581607
5883430 -0.18877029170626386
5883886 -0.2832541608626321
5884320 -0.28555198527013226
5884775 -0.17521269899590358
5885245 -0.19039277484855555
5885713 -0.2671667608361119
5886147 -0.28069704167521037
5886589 -0.18293862254156462
5887050 -0.18072970630946938
5887512 -0.19439294999489848
5887971 -0.27256056849183413
5888407 -0.25455975734924596
5888870 -0.1689900853451562
5889345 -0.18140505082914338
5889823 -0.19608977153056067
5890269 -0.2941389342559742
5890694 -0.2644389207174181
5891162 -0.16883497539071018
5891624 -0.18924952364831787
5892090 -0.22600265849015588
5892527 -0.2678099156294377
5892957 -0.1837695197915279
5893427 -0.17667336206226697
5893901 -0.18257859582132516
5894358 -0.28017698435034594
5894787 -0.23994146874401762
5895257 -0.1665548548896426
5895725 -0.17850320992470398
5896197 -0.2275176164093788
5896627 -0.2770795084795018
5897056 -0.1806078611927664
5897522 -0.17509941555641884
5897995 -0.18281384846388538
5898466 -0.22818385438371153
5898902 -0.2616035612734629
5899336 -0.18700638024049765
5899805 -0.17244117169176076
5900276 -0.18984568017078596
5900751 -0.2600134237489112
