812357 -0.3386867009500013
812797 -0.3612993589367415
813251 -0.31035158099538956
813716 -0.3310720437925739
814153 -0.3506374817522926
814622 -0.31075443151105514
815089 -0.3312078139233032
815526 -0.35450614145606685
815974 -0.30857919621800756
816439 -0.3309861994384027
816894 -0.3465344150795531
817332 -0.32046892960804707
817796 -0.3124081163744399
818266 -0.32574362183234695
818711 -0.34026299046993846
819190 -0.30674663717642336
819662 -0.3215180570557908
820129 -0.36837013878859914
820575 -0.33620210652087573
821046 -0.3001766045024283
821523 -0.31689625230639035
822000 -0.33793545886256715
822452 -0.36822659211987296
822918 -0.3061382228759294
823394 -0.31315443637777163
823859 -0.35267582386793744
824302 -0.3365288671885738
824773 -0.293016679029021
825232 -0.3244458078110657
825670 -0.3318074276274718
826135 -0.30265813733763364
826603 -0.3117014274886387
827060 -0.34621639026633844
827505 -0.32566689157086487
827973 -0.2907118431458318
828443 -0.3084641880460481
828917 -0.3187861970531521
829371 -0.3401938345966318
829844 -0.2946523678414684
830324 -0.3101841058897412
830803 -0.32499327076229834
831263 -0.3440882167088932
831741 -0.30185476595976546
832224 -0.31591881927437626
832679 -0.3578569521744269
833133 -0.31617703896449917
833607 -0.3023939908209068
834083 -0.3139874204553543
834541 -0.34335776347462404
834998 -0.3078397828896101
835475 -0.30659183746707197
835962 -0.3042777331753301
836442 -0.33004154090869875
836893 -0.3512387425599406
837366 -0.28566605414025587
837849 -0.30242611726542135
838342 -0.3154441147554137
838803 -0.3458072500747256
839269 -0.30171733167472287
839746 -0.30182828761462055
840217 -0.33798213745855954
840664 -0.3462879104564801
841137 -0.29392086500513226
841614 -0.3240956647181624
842073 -0.34032179169614496
