4224882 0.39349067760348166
4225275 0.4474733978619212
4225666 0.4537631198223981
4226061 0.4267387708706709
4226446 0.4081412440235981
4226838 0.34920542322526693
4227223 0.3996164489050111
4227602 0.37799905859629856
4227986 0.4459590362910795
4228367 0.42591501467164955
4228740 0.3780682168289686
4229128 0.401101360623782
4229508 0.3615726578076729
4229893 0.3826924970040147
4230271 0.24233715774400846
4230663 0.30979578958128234
4231044 0.288562363740796
4231423 0.37955270579999456
4231799 0.29554987045102904
4232165 0.4073267063251031
4232529 0.3916398228139432
4232889 0.35718728866824223
4233242 0.4904190534186878
4233600 0.44934875014804543
4233757 0.30198264667878993
4233965 0.38567369041569927
4234102 0.28183774874928413
4234329 0.30259332792647003
4234430 0.2267824311919916
4234686 0.37084590996214206
4235056 0.4043193235339727
4235420 0.48070061701918887
4235788 0.5023195453777134
4236142 0.40915400340152475
4236498 0.42513369958520697
4236855 0.4701531029366497
4237231 0.34029101901054326
4237581 0.2908782174575986
4237951 0.3514217901050747
4238326 0.47557835334782433
4238715 0.540549903414339
4239088 0.34867523000428097
4239475 0.490079658386526
4239858 0.4674768910560645
4240236 0.48691297224196506
4240606 0.4450201698805636
4240983 0.5276557262923858
4241362 0.5592921181487422
4241736 0.43774306594336315
4242121 0.51644153999377
4242509 0.5447125187071336
4242895 0.34056355343152916
4243266 0.32502880173432613
4243638 0.3615810179367365
4244005 0.31470805943545177
4244369 0.36456237639066763
4244740 0.3673791726780334
4245108 0.3875907160334481
4245501 0.47585508728379855
4245879 0.5234512240451729
4246252 0.3949181495546703
4246620 0.36796855240232773
4246999 0.41093650460365394
4247361 0.409584659169727
4247721 0.4176430460101973
4248099 0.4676208042432062
4248469 0.43289870773752837
4248837 0.3371461009571829
4249222 0.5133299382680402
4249623 0.5456300633128142
4250001 0.44289713895243926
4250394 0.5068466485652693
4250800 0.4190113894831392
4251196 0.671169114991994
4251593 0.52769279347562
4251987 0.47606259253932426
4252385 0.5215431963224147
4252779 0.41620609116190493
4253159 0.4239124065655323
4253549 0.4207187633719794
4253939 0.36861799221683783
4254311 0.45312642153003
