3147294 -0.2776286028622837
3147722 -0.2628003446266352
3148174 -0.14345713937574123
3148602 -0.29147694855641026
3149046 -0.22056893475719702
3149487 -0.17348181242785726
3149912 -0.24184036162913725
3150343 -0.20393210567848813
3150786 -0.1498066021208715
3151222 -0.17914329210898
3151653 -0.22365190672086865
3152097 -0.18025137062676871
3152526 -0.19993896527762572
3152971 -0.1724108540144439
3153417 -0.1910860881252745
3153849 -0.20127292575295674
3154307 -0.18829341083854478
3154781 -0.18710639660329342
3155250 -0.19326125663112514
3155718 -0.19103560283553783
3156196 -0.1834149207718243
3156676 -0.20476659798325048
3157152 -0.18217246429093237
3157636 -0.19209324801604666
3158130 -0.19738350036409663
3158591 -0.18921548052860238
3159058 -0.2636696655579941
3159498 -0.19240837565694852
3159966 -0.1790445877232401
3160425 -0.17320506976190025
3160882 -0.184529445919849
3161320 -0.21018970929790537
3161766 -0.20673442674599424
3162216 -0.19832465518186537
3162653 -0.1965950399192209
3163105 -0.17992467824389285
3163549 -0.19398765946429442
3164000 -0.22649610427332822
3164455 -0.21248800326905104
3164898 -0.20500985740479577
3165350 -0.1991753407269008
3165806 -0.21417310818380075
3166256 -0.21980925290599684
3166709 -0.1984442184116133
3167162 -0.19070988638633668
3167623 -0.19675045239196431
3168088 -0.1883115619839562
3168550 -0.20671487875487377
3169002 -0.2326505309813724
3169475 -0.18922410556879404
3169950 -0.18394413591011627
3170423 -0.1959134010647205
3170887 -0.19864858036975586
3171351 -0.22019156692100916
3171812 -0.22139459063242983
3172261 -0.20380818501652043
3172711 -0.20608510341289255
3173166 -0.19527410042853593
3173612 -0.22987834224152304
3174061 -0.19865174068856672
3174515 -0.20873165441823682
3174966 -0.20045127749847053
3175416 -0.2075808247952436
3175875 -0.21498393102370766
3176322 -0.2275764743471143
3176757 -0.22021457857402332
