1889880 -0.3897026017666148
1890268 -0.373286064777933
1890670 -0.3872588269453012
1891076 -0.4354550301894068
1891468 -0.3715998487846981
1891871 -0.4805274054369198
1892266 -0.462046591026668
1892647 -0.3926092889967008
1893043 -0.30614580181200357
1893441 -0.4465285248142259
1893827 -0.37549346509983883
1894226 -0.3299507384251784
1894629 -0.333086007994305
1895032 -0.3105759183653626
1895439 -0.328440039739424
1896225 -0.3161261499145934
1896623 -0.23390398371587529
1897021 -0.36893565443633763
1897414 -0.34107440387923815
1897802 -0.3383234287226405
1898203 -0.343644096532295
1898604 -0.33548069540741027
1898989 -0.43787529839377376
1899384 -0.30852450518688207
1899784 -0.22315189338581043
1900179 -0.29551015622096105
1900570 -0.19647687298126026
1900965 -0.4787247757994595
1901360 -0.40390128344331094
1901741 -0.3942240420165662
1902142 -0.34713803230875184
1902538 -0.3115590935805912
1902926 -0.3492684355190555
1903325 -0.2927775546583614
1903719 -0.39811268608938877
1904098 -0.3709365303589076
1904499 -0.3760503894927807
1904890 -0.4114250158855378
1905272 -0.38192702202136064
1905668 -0.35663180138594763
1906058 -0.3766358671067037
1906437 -0.38224279164374153
1906832 -0.325048084019699
1907223 -0.3191457902283771
1907613 -0.3268343546737309
1908012 -0.3266643590909809
1908411 -0.31080507312830874
1908807 -0.3477195241004465
1909199 -0.41393466411239577
1909591 -0.3408483037287921
1909985 -0.38489932749003863
1910378 -0.4153688472550041
1910774 -0.3646221896735661
1911160 -0.36211945834391146
1911557 -0.4217914613010897
1911952 -0.4019125562004572
1912343 -0.39015246032014794
1912737 -0.432527287722545
1913130 -0.41649565141383843
1913516 -0.3744566192760178
1913889 -0.3671372963606493
1914259 -0.3867797250465089
1914619 -0.36066556191589805
1914993 -0.2264985595898022
1915180 -0.21910801078087894
1915364 -0.3094703408820292
1915731 -0.30233238648190663
1916115 -0.3684372393982742
1916487 -0.3257430240882555
1916864 -0.300890011760317
1917246 -0.32163366033861773
1917626 -0.342156165971954
1917994 -0.28373338939875115
1918378 -0.2992027972969521
1918762 -0.39004258005569237
1919134 -0.31168349638528414
1919519 -0.37421718157397577
