63896 0.46419042660091897
64418 0.411340475724811
64967 0.34691317537217703
65529 0.4744341942493318
65647 0.09754679404523459
66029 0.3883527596000897
66534 0.4170315379185326
67054 0.45289985834347957
67585 0.43985986069309113
68055 0.3596561778016037
68559 0.44969705317572284
69037 0.43397281976310315
69190 0.2031777268226529
69552 0.46453497692401385
70033 0.39907496361214645
70550 0.45119337197664067
71034 0.39808085602581433
71551 0.38102523792111015
72036 0.3706237593695721
72529 0.4131456269324002
72981 0.41793071159304157
73456 0.37202693890492544
73966 0.4549619134842207
74479 0.4511874187746726
74975 0.3817107859295164
75488 0.4276041959159891
76011 0.41004387922826635
76561 0.4487604141135693
77143 0.47468272772128556
77735 0.4435236580771789
78268 0.3649851801943245
78783 0.3843120001732775
79336 0.4368748786793931
79925 0.437597299952012
80458 0.3984714916538489
81007 0.3779679225941348
81552 0.4311786586343647
82100 0.4505295735400131
82613 0.4225594731832568
83159 0.38097592334012714
83687 0.435775786358327
84238 0.47548554420824013
84789 0.4548464838997375
85316 0.40547030100088105
85577 0.45433314533524816
86217 0.38096313697648254
86709 0.4433421216603155
87183 0.43503567977866603
87682 0.4519503785531799
88197 0.4513785888646226
88712 0.3730705178713672
89237 0.451883515242255
89718 0.47682870705033253
90173 0.4605687900951311
90641 0.4586920594657524
91135 0.46936428834925814
91647 0.37112918161107206
92120 0.39905683737032244
92673 0.4702082593529303
93200 0.39927790718491374
93748 0.4829888680031565
