3326683 -0.2961548348726079
3327117 -0.26987131264184583
3327543 -0.28715460090965644
3327953 -0.3253583381495386
3328373 -0.2952804346529168
3328805 -0.2828599087181774
3329233 -0.28695797287451164
3329636 -0.3010899179718147
3330048 -0.3552215945382541
3330469 -0.2807148140909358
3330874 -0.33532746527016927
3331282 -0.30116288235598276
3331706 -0.28618459057357515
3332138 -0.27796271950895174
3332547 -0.32225780974165824
3332975 -0.29557814312773784
3333415 -0.28926601175226835
3333850 -0.30664868196059447
3334267 -0.3333272553796199
3334694 -0.3009993885792087
3335118 -0.3177733929851443
3335546 -0.33815087070936156
3335954 -0.3286482158171665
3336383 -0.2920552716613276
3336804 -0.3083635580889622
3337222 -0.2955198712652247
3337658 -0.2787254101765926
3338094 -0.3014000885840252
3338525 -0.31523814925428584
3338940 -0.31866847661000774
3339383 -0.2724903685840342
3339837 -0.2713243681606582
3340290 -0.2868568986971156
3340721 -0.32454426619794285
3341155 -0.2819932175586266
3341605 -0.27987838706547463
3342045 -0.2942790337647075
3342470 -0.3251372108727163
3342912 -0.2685715421710822
3343359 -0.282558729694318
3343800 -0.290116220535235
3344213 -0.31949833477463135
3344648 -0.2762961686731122
3345089 -0.2662523068651763
3345518 -0.3120064944200216
3345935 -0.3006976163780017
3346375 -0.29165634851039857
3346814 -0.2826804465387943
3347232 -0.31606243988883864
3347650 -0.28203732622510047
3348084 -0.27480438429671844
3348512 -0.2857245486971609
3348924 -0.3141247961551605
3349357 -0.27291553688670356
3349791 -0.2695965196639102
3350205 -0.31491804561884823
3350622 -0.30651516220362657
3351063 -0.27933504927756725
3351502 -0.2701160200297969
3351921 -0.32132726346809376
3352345 -0.28970154290626665
3352779 -0.27688631519216766
3353213 -0.2990738504416633
3353633 -0.3054424818794758
3354070 -0.2679846274476598
3354511 -0.2695247120923228
3354932 -0.31194953633746464
3355357 -0.27731961400272237
3355787 -0.3039464317939477
3356202 -0.31714667374500527
