3686549 0.3790589794380825
3686892 0.4259264683680734
3687227 0.4491893918078951
3687560 0.42561210956634604
3687893 0.4473822916687015
3688222 0.5418585507404655
3688549 0.4378938520830905
3688876 0.45395848285952994
3689200 0.4657899596141173
3689523 0.4424767561921851
3689844 0.5770421392634237
3690175 0.3831891785433633
3690508 0.45046133615401823
3690836 0.5603278837569388
3691180 0.3887395088980872
3691527 0.47285928392968396
3691869 0.4179101099272861
3692227 0.21545692620883372
3692588 0.3138679359317711
3692935 0.29845916070251605
3693295 0.20358796105021565
3693655 0.33911181469573537
3694002 0.3296208617146823
3694357 0.35118538220407103
3694703 0.3435244945777426
3695040 0.4276981577253568
3695375 0.5095103437003622
3695711 0.5752251734668947
3696042 0.4951000513154884
3696374 0.47663836811217847
3696711 0.4715030383522848
3697053 0.47389986107473564
3697396 0.5675155104085919
3697734 0.4075918960626972
3698075 0.4918699790209447
3698418 0.48919391564125136
3698761 0.5095165895572334
3699101 0.4813741712341384
3699442 0.5028589572904112
3699781 0.4319942786815745
3700120 0.6483971612480025
3700454 0.49444403241238544
3700784 0.38244564092001254
3701113 0.349524838980188
3701437 0.23253444500200224
3701761 0.24211298031068845
3702095 0.33584559777561296
3702419 0.38658293520651155
3702746 0.437104896425763
3703070 0.3394464070130041
3703390 0.2403417123684142
3703707 0.24201621804516504
3704022 0.24780763984104728
3704329 0.24475668244843254
3704639 0.2618408469880571
3704944 0.3048130673261699
3705420 0.13375944597729836
3705557 0.08234347311543493
3706192 0.3490097697551831
3706513 0.34155375907617935
3706856 0.44206861262313235
3707187 0.36837768255810044
3707521 0.3963633595190564
3707853 0.4122270427632715
3708191 0.38769930677348385
3708525 0.3371350328421463
3708891 0.4480341412216744
3709255 0.40454245917430454
3709610 0.27647415940525155
3709963 0.33345973559183417
3710307 0.36168801016360025
3710649 0.2903004630661547
3710984 0.3631363005694107
3711312 0.37516650494972936
3711642 0.4038081489859078
3711966 0.3160341085659448
3712295 0.4472626615897919
3712623 0.36229057938802484
3712951 0.5688056840736299
3713283 0.2532232237631053
3713610 0.4887075590456502
3713945 0.4431749942372669
3714276 0.4199903425428495
3714607 0.4480222472436094
3714940 0.4958265770475485
3715275 0.5867663133999821
3715611 0.48591757007658243
3715947 0.480480689957404
