1740764 -0.26651801202459546
1741179 -0.2946610390580135
1741599 -0.30215777666077726
1741997 -0.2654239698216589
1742377 -0.18147303027540446
1742760 -0.21685318643369583
1743135 -0.25462742535964605
1743520 -0.2780018275271152
1743899 -0.2597233363578011
1744276 -0.25742265841804085
1744661 -0.20935975206232293
1745050 -0.26175312114833266
1745463 -0.26724370389132296
1745860 -0.28518343545033037
1746260 -0.22731301970732876
1746670 -0.24102045979186987
1747077 -0.25263396972040336
1747479 -0.2847933046747341
1747877 -0.30338054236758316
1748275 -0.32677356471943314
1748650 -0.29198158479706793
1749035 -0.2540109619964715
1749423 -0.24753125643649143
1749813 -0.25951667181548366
1750199 -0.2865015744298495
1750578 -0.2638207445031131
1750960 -0.2586769700828041
1751355 -0.2770000558275118
1751752 -0.3246846917919334
1752134 -0.25821601383963777
1752525 -0.22681496830735182
1752922 -0.2641111655291914
1753310 -0.2777360973104442
1753696 -0.2886836596384612
1754074 -0.3046926414735463
1754450 -0.3145764366870162
1754837 -0.27916840528535275
1755232 -0.30945978261122603
1755616 -0.2815023270636552
1755996 -0.31208146880893095
1756383 -0.27663720725770036
1756768 -0.33427912949871036
1757144 -0.20708157274849787
1757499 -0.2968543241019397
1757858 -0.33579761379607515
1758210 -0.359420514347742
1758541 -0.31447944423306995
1758883 -0.26832572026618595
1759232 -0.3094852324418305
1759595 -0.2884983864949085
1759966 -0.2769325241069713
1760345 -0.2447007266566817
1760735 -0.2931459731734168
1761116 -0.2678611203451031
1761504 -0.2689136395878128
1761906 -0.2549256764215983
1762327 -0.2733404274860795
1762716 -0.2515212747095342
1763102 -0.32301091146743366
1763496 -0.30552847040609704
1763900 -0.285054077170405
1764303 -0.23561839261761786
1764695 -0.22506761093782912
1765102 -0.1837395754971589
1765491 -0.30795526718774485
1765875 -0.30014953514434806
1766258 -0.27706124278106387
1766651 -0.226832353565877
1767051 -0.2885821843451869
1767452 -0.20919595247008405
1767852 -0.2676368030885251
1768267 -0.20157207647906134
1768703 -0.2241960461406305
1769141 -0.21652404949477905
1769548 -0.24089184706164152
1769963 -0.24691259177600205
