3596571 -0.3267682897272678
3596958 -0.3660504652047297
3597348 -0.30235837076808536
3597730 -0.37060998472762463
3598104 -0.42534402653635395
3598489 -0.3084952210140879
3598875 -0.35778758153014323
3599261 -0.46614560252680753
3599634 -0.2952885817785296
3600022 -0.41253006476214715
3600408 -0.3216785048390367
3600789 -0.37267112478691355
3601169 -0.3345307333763131
3601554 -0.5116669358069599
3601940 -0.3319918566681628
3602320 -0.35847846207877376
3602703 -0.2699749170969694
3603071 -0.4182867501573168
3603448 -0.32818774371036485
3603828 -0.3587039543029241
3604202 -0.4312883354059217
3604574 -0.5090970365992847
3604947 -0.48039664450800135
3605320 -0.31627627326318214
3605684 -0.31581054807881004
3606076 -0.27492871505650984
3606463 -0.2354530216096014
3606871 -0.19369054518065992
3607274 -0.22651320422708926
3607668 -0.24466357174826975
3608062 -0.21899760274514418
3608462 -0.19536809425621884
3608863 -0.2986331415370044
3609256 -0.21771309479214712
3609655 -0.2247241005228363
3610060 -0.23404465380303985
3610471 -0.23261676347669485
3610881 -0.22760055730983392
3611274 -0.24427440078647839
3611676 -0.23268762270969023
3612075 -0.1848155799150436
3612489 -0.25892260414936397
3612888 -0.23770979700217792
3613284 -0.3461137240660971
3613687 -0.2862433855621196
3614088 -0.11938794080863258
3614474 -0.2951296083606465
3614868 -0.24727198636125236
3615267 -0.1943544224391277
3615664 -0.26096755272358496
3616046 -0.29456120656367585
3616435 -0.19587077125075103
3616832 -0.1644246994141606
3617230 -0.2870510526300315
3617619 -0.20184771540692958
3618008 -0.40220752742590016
3618395 -0.42354152843506376
3618778 -0.41163446569509854
3619157 -0.4419644853173955
3619547 -0.32767735862545944
3619944 -0.3120266425637708
3620335 -0.2627189518020213
3620713 -0.36881511736299527
3621103 -0.26534265435534554
3621478 -0.3876363233815845
3621867 -0.36484741327323256
3622259 -0.38943971444514014
3622649 -0.44481884019774853
3623018 -0.43241696011834063
3623403 -0.5510011695304419
3623775 -0.4077771740948253
3624163 -0.34970818833321615
3624555 -0.4455494905726747
3624936 -0.4319283544752396
3625314 -0.328565296057113
3625699 -0.3783333877747537
3626074 -0.31344627071540787
