3746788 -0.3674897796666112
3747076 -0.4661433809668907
3747368 -0.46836678125064046
3747657 -0.40788466503883714
3747950 -0.3406770183700941
3748243 -0.3817100537927986
3748535 -0.5119163901768304
3748765 -0.07591394800097828
3748830 -0.40759893950467135
3749121 -0.4674174440835708
3749416 -0.38518321371115527
3749712 -0.31865248703962246
3750011 -0.327379682300949
3750309 -0.37835935613266375
3750608 -0.38397975706491716
3750909 -0.4184124584349579
3751212 -0.4305655746660898
3751515 -0.5158477287002428
3751822 -0.3820552060550084
3752127 -0.35134072933060323
3752432 -0.313666120141324
3752740 -0.3475979528532611
3753052 -0.30534016083831983
3753365 -0.30464153962788854
3753688 -0.3296068340455077
3754009 -0.37223440956794884
3754330 -0.4072094731757575
3754655 -0.4376813609835437
3754978 -0.3484643081153497
3755297 -0.3506791767296885
3755614 -0.40251965715846905
3755930 -0.410363384227279
3756246 -0.3745709509338342
3756560 -0.42020509386116955
3756874 -0.4290180605975302
3757183 -0.4486853491734532
3757491 -0.4242944264030075
3757797 -0.4492049398106334
3758103 -0.46709398611264896
3758406 -0.45318584880220625
3758709 -0.41703464647966826
3759014 -0.42085060502597793
3759316 -0.5080579445110828
3759613 -0.5018493642882866
3759911 -0.39047246541174874
3760210 -0.36237911094585523
3760503 -0.37480426890510987
3760795 -0.39069845907585105
3761086 -0.3907112062824731
3761375 -0.45321527441309506
3761668 -0.412349303641381
3761959 -0.39328332388034726
3762249 -0.3565820961948091
3762542 -0.3718869958954776
3762835 -0.33125763223014615
3763130 -0.3338469199399996
3763424 -0.31167731666135967
3763726 -0.36051042326326455
3764023 -0.2654913539127415
3764322 -0.3050190917195986
3764623 -0.29621083625174816
3764924 -0.33102219244096465
3765224 -0.308138941088854
3765528 -0.2971200746193945
3765837 -0.3226923885110524
3766141 -0.31971401202820654
3766446 -0.30374100803198717
3766750 -0.3054098598055788
3767061 -0.34289969855652447
3767365 -0.3660614079346583
3767672 -0.3860581004600062
3767978 -0.35666388585205494
3768288 -0.34645886417765775
3768594 -0.421676879489024
3768900 -0.36993177397531385
3769203 -0.3464747170105612
3769507 -0.34851659295307635
3769808 -0.38959774828421584
3770106 -0.43559839519622157
3770404 -0.4704568170571864
3770702 -0.39781492695777965
3770999 -0.4261853326401862
3771293 -0.3582368384722315
3771585 -0.4580409094738216
3771878 -0.45323152088521973
3772172 -0.40814564711952406
3772466 -0.42689614194713105
3772759 -0.41418694147729274
3773050 -0.43010619875392586
3773346 -0.6873255506918727
3773638 -0.43593369689068495
3773939 -0.42989675547179007
3774242 -0.4227247290065208
3774543 -0.4088438633423698
3774843 -0.4740699734114465
3775144 -0.31834682334520337
3775443 -0.35020806881007405
3775742 -0.3452860961898627
3776040 -0.36196213752156603
3776337 -0.3571083888760851
