4135540 -0.3343359780666766
4135922 -0.28119300138415737
4136309 -0.3532193464863701
4136674 -0.37436897541402914
4137051 -0.36580716713951084
4137429 -0.4013102201701177
4137792 -0.4103947728404369
4138170 -0.348850699101108
4138537 -0.3509219298052366
4138905 -0.28563561554044525
4139289 -0.3544874753357371
4139676 -0.4349909460531546
4140045 -0.39108141303951016
4140423 -0.37039677004034977
4140795 -0.3510159631554737
4141160 -0.3985705614410825
4141545 -0.45002278155769443
4141931 -0.4378083685542698
4142308 -0.42569739189337974
4142682 -0.38536494015013745
4143056 -0.3883366562561098
4143431 -0.4212466985551916
4143810 -0.37724639845797847
4144185 -0.4207291464154266
4144556 -0.448678297239703
4144915 -0.43418682024113375
4145292 -0.3983271856481571
4145650 -0.36741811185597456
4146024 -0.37554434467684505
4146392 -0.4032466751116001
4146751 -0.39554961767575486
4147136 -0.34181659746655924
4147506 -0.374036618902746
4147880 -0.36187944238323866
4148242 -0.34123451472412136
4148612 -0.32120381872679515
4148988 -0.29079619803949425
4149355 -0.41019836511323693
4149708 -0.3551603806344456
4150063 -0.30989458546722354
4150426 -0.3410319303234665
4150778 -0.3115262701449099
4151133 -0.4290632458306019
4151506 -0.4798576188879998
4151864 -0.3741803448974779
4152225 -0.34778165557377777
4152590 -0.33345235791268163
4152955 -0.3923811887453115
4153306 -0.346570944478003
4153654 -0.36022664153018813
4154003 -0.3740633284967729
4154348 -0.3410348261736141
4154692 -0.33485591957373617
4155047 -0.32415729628579926
4155397 -0.34290207394641414
4155734 -0.3035700857541862
4156066 -0.37944706023316854
4156423 -0.37788434133909254
4156781 -0.5006242838588111
4157126 -0.423356254867051
4157469 -0.3633490191249727
4157821 -0.36176698083212105
4158173 -0.4101945529763455
4158510 -0.4072836929413863
4158851 -0.3694528923713094
4159197 -0.43371836594429375
4159543 -0.41463976231171584
4159876 -0.41528406373290455
4160226 -0.3683840809662575
4160575 -0.3900305303824547
4160914 -0.38007831842070133
4161254 -0.36975171248942473
4161601 -0.34301694357528684
4161950 -0.38543470590131473
4162286 -0.3972926811208215
4162622 -0.3392804889797198
4162974 -0.36474809538234515
4163321 -0.3581377997050266
4163656 -0.3538594989309937
4164012 -0.38810953582245816
4164361 -0.38012112773897366
4164707 -0.34721861368854023
4165063 -0.37514390917249624
