2758601 -0.34709508554203716
2758902 -0.4494884160880641
2759201 -0.5548176670522083
2759504 -0.33022008668547576
2759803 -0.374998017634948
2760098 -0.6121710368297345
2760395 -0.4931686761849777
2760686 -0.3852566953636652
2760979 -0.4076577093842112
2761295 -0.40979011773198987
2761570 -0.3741188165331612
2762161 -0.3858631722933099
2762767 -0.3598623720236957
2763006 -0.33414378051067994
2763064 -0.7208037384885684
2763367 -0.4867328543008961
2763668 -0.25613104887136484
2763974 -0.23617715802466321
2764283 -0.32575887733473113
2764587 -0.29736759190898626
2764890 -0.3228136827070063
2765504 -0.398928001041912
2765810 -0.3343089953824775
2766116 -0.26311299393736454
2766431 -0.3609311213760927
2766738 -0.42858594495803537
2767057 -0.291777528848593
2767365 -0.3503839576251129
2767673 -0.3704216455510335
2767986 -0.450289446320732
2768297 -0.4053025644339137
2768609 -0.4932565650576487
2768928 -0.43780089070707207
2769236 -0.38258806041222637
2769550 -0.44866224630453166
2770183 -0.3506872626181066
2770506 -0.564950431770491
2770823 -0.5965987350372373
2771136 -0.3374335413525953
2771444 -0.38446412183223866
2771760 -0.3057978881721623
2772071 -0.3649949304452944
2772377 -0.3727789198914458
2772685 -0.2705322781176521
2772986 -0.377537673575702
2773284 -0.38887520587413266
2773588 -0.5908652511258985
2774798 -0.5068635997239967
2775101 -0.4029066668488115
2775412 -0.38539018506162037
2775721 -0.3782780777319038
2776026 -0.2719712925998452
2776931 -0.53953975455734
2777231 -0.3369216911842432
2777840 -0.3793696952840616
2778141 -0.4098370176216859
2778441 -0.3718290290276881
2778738 -0.32164554848894844
2778888 -0.19680159501622052
2779040 -0.3217123173358892
2779343 -0.3844510736184424
2779942 -0.39366326531883966
2780240 -0.456012835967617
2780837 -0.4415688935465293
2781134 -0.5003105245923092
2781432 -0.49672454407269606
2781728 -0.34729080793247513
2782022 -0.313005173906006
2782904 -0.35816977333632805
2783852 -0.6115227027503789
2784099 -0.2576761574916711
2784418 -0.31921769778911785
2784708 -0.292204332450436
2785040 -0.396665751208195
2785316 -0.372986880478992
2786569 -0.39016762027747165
2787145 -0.27056165822371725
2787446 -0.31159509081314574
2787745 -0.4681882795793076
2788058 -0.3723115151307988
2788359 -0.5181365497438735
