1770144 -0.15548438428051248
1770536 -0.2728508129144664
1770776 -0.2243449022211142
1770934 -0.17138422879520432
1771412 -0.22430004052737995
1771751 -0.3283714708704314
1772102 -0.12083279134913805
1772482 -0.22315059919268643
1772851 -0.21850745562488683
1773218 -0.21284794155634246
1773582 -0.22725485216646352
1773954 -0.22665288077409873
1774322 -0.10309278309116937
1774695 -0.2555786925295653
1775088 -0.17150993611316573
1775483 -0.1581882715221002
1775887 -0.14890591607921871
1776297 -0.1681838703112748
1776709 -0.2455175214872286
1777104 -0.18687689662760104
1777515 -0.17591423021970087
1777931 -0.15651329490355936
1778331 -0.31951843582177636
1778741 -0.1687736508001227
1779152 -0.1641020816173409
1779576 -0.16606714050573718
1779996 -0.1795405770443254
1780407 -0.23315314494298006
1780831 -0.14994993619430302
1781251 -0.1676120122172151
1781668 -0.22260501947852263
1782068 -0.2869141559678048
1782481 -0.163659434291543
1782903 -0.17489513963749637
1783317 -0.1865752892791987
1783731 -0.2668263548989134
1784148 -0.1744924770703596
1784570 -0.1618409907216246
1784994 -0.17800624574343982
1785418 -0.1814611660659129
1785848 -0.19121310245395373
1786263 -0.25902449573511976
1786687 -0.17034478004087616
1787116 -0.17785549852647875
1787541 -0.19178069294701916
1787957 -0.30244428140590907
1788371 -0.17687457785576466
1788795 -0.17405242393235476
1789223 -0.17377725717942005
1789648 -0.19852755256643095
1790062 -0.31534967164079997
1790483 -0.1781825077510486
1790910 -0.1806373867318215
1791338 -0.18561854807440892
1791758 -0.2783112103880347
1792166 -0.24065940113992584
1792592 -0.18931886061886405
1793014 -0.16901030082728807
1793425 -0.28365296623553987
1793829 -0.21817206962186148
1794246 -0.16742119691547463
1794666 -0.22000665557756094
1795062 -0.23379773336577148
1795481 -0.17055487729751206
1795875 -0.277055530267332
1796282 -0.1753678642586215
1796698 -0.16826838882537742
1797115 -0.2451465457577895
1797520 -0.27513224908495393
1797939 -0.16929000928277327
1798356 -0.17253425963838087
1798770 -0.21345671236464325
1799164 -0.2831893197288104
1799576 -0.16545283119007648
1799996 -0.17467672275568918
