2578394 -0.2497415523948568
2578841 -0.2804689717675548
2579279 -0.40153345130149054
2579696 -0.36702406415846234
2580120 -0.3308317524127645
2580552 -0.28549525368349593
2580979 -0.27559269825197297
2581410 -0.3114752209510183
2581832 -0.28578324061951643
2582240 -0.28041718255695913
2582663 -0.2519174053033585
2583074 -0.2711006710845988
2583497 -0.2233262489709147
2583919 -0.301831100814972
2584331 -0.2408663846414053
2584750 -0.23490513217820463
2585165 -0.2624926932694738
2585577 -0.2592029893704635
2586004 -0.21080984233395417
2586432 -0.2665042098818158
2586857 -0.2641882459381333
2587289 -0.25116768721581784
2587697 -0.23956361231474388
2588124 -0.2093449259741902
2588550 -0.25569472538092375
2588974 -0.23271589892903854
2589387 -0.2560010607842673
2589805 -0.24269706953451398
2590226 -0.22209114486751103
2590639 -0.22920783256022859
2591070 -0.23774245541995853
2591507 -0.24127085499317547
2591945 -0.2298595308166984
2592378 -0.2525514317829669
2592818 -0.23459885629962107
2593252 -0.2561583564369929
2593687 -0.24793522151634506
2594110 -0.2614611665542149
2594545 -0.24235118363953723
2594983 -0.2420257772993052
2595414 -0.26643396031065514
2595851 -0.24316416653687684
2596291 -0.23243947539792814
2596723 -0.2354218383832994
2597152 -0.2780226845572135
2597576 -0.24269360308933585
2598012 -0.2514148479311955
2598451 -0.24614267531866418
2598892 -0.25336812990102187
2599319 -0.24624023686319685
2599761 -0.23394463922298742
2600200 -0.24185864667645618
2600639 -0.25062469604508714
2601076 -0.28863594383637464
2601497 -0.22575997709320295
2601928 -0.24018714162161425
2602354 -0.2458163301889415
2602765 -0.28207439666955647
2603188 -0.24190233669008632
2603619 -0.24544950018519496
2604052 -0.23568664846527498
2604488 -0.25228370548285917
2604921 -0.29322943598409185
2605343 -0.3414011710741458
2605773 -0.2813138169211906
2606217 -0.2908769666335964
2606661 -0.28943112714159275
2607105 -0.3072111208029499
2607546 -0.3230511843353535
2607969 -0.32672747001909475
