4165427 -0.3971202609219945
4165783 -0.3870538190641445
4166145 -0.3771728253144621
4166505 -0.43268081866697117
4166858 -0.38272209639611104
4167215 -0.3608744457690515
4167579 -0.3482771708989925
4167940 -0.3684693140016194
4168289 -0.3461369006159366
4168645 -0.3591796436717292
4169003 -0.4167427564958316
4169357 -0.4192557105929322
4169720 -0.40476936561879134
4170081 -0.3250599004709692
4170439 -0.3665781148539129
4170795 -0.3611015339022078
4171147 -0.37193349661384223
4171507 -0.30493496612544
4171866 -0.33259193433611184
4172226 -0.4193352673377917
4172576 -0.37855997419442405
4172936 -0.3870524125485056
4173290 -0.36842567081992544
4173654 -0.34224197480130714
4174026 -0.3941243150320574
4174392 -0.3519281833731977
4174751 -0.386085387485151
4175115 -0.34206546892806333
4175488 -0.30350327261812804
4175863 -0.3794780837374718
4176236 -0.3595773391807203
4176599 -0.4372538408485671
4176965 -0.3415176776372598
4177339 -0.35384813588411645
4177712 -0.36392784214330776
4178086 -0.44946771102843563
4178453 -0.4405980562122547
4178822 -0.3315675191482921
4179197 -0.4257417871147152
4179562 -0.39413770608638643
4179932 -0.4104626776948175
4180298 -0.44782547732206324
4180658 -0.3804083708996202
4181019 -0.42564134915975294
4181374 -0.40062714182726245
4181737 -0.3708857035620847
4182103 -0.38336251600830906
4182455 -0.3858856651116652
4182793 -0.38172164328127683
4183141 -0.3491135698778106
4183503 -0.37627063109884307
4183867 -0.35160263320849516
4184232 -0.438385756003539
4184585 -0.4018654719649242
4184951 -0.4679474166371467
4185313 -0.4373255439130818
4185678 -0.36472308172391166
4186036 -0.3865478615674225
4186411 -0.38266708566284463
4186782 -0.35408452048185174
4187157 -0.37648516350177363
4187528 -0.3411801095038058
4187906 -0.36157864980840726
4188282 -0.5007626232467275
4188640 -0.41548833847022004
4189008 -0.4671841914931028
4189362 -0.40245011145747434
4189728 -0.34783402056206764
4190084 -0.360475065811766
4190448 -0.368488542887682
4190813 -0.3552490112544758
4191175 -0.33262103103635704
4191526 -0.4250368547296893
4191896 -0.4402468264784348
4192260 -0.2505476873873086
4192626 -0.3685826890081743
4192999 -0.35489630332439814
4193369 -0.46472975681738515
4193729 -0.28847823203154266
4194096 -0.37078012411988903
4194466 -0.313665346347138
4194837 -0.3072181746528153
4195195 -0.3969918094211153
