1291505 -0.3547970625488078
1291893 -0.35378286761332167
1292278 -0.33032739490967783
1292668 -0.3551842258979041
1293058 -0.3511356760869501
1293440 -0.3428636655242302
1293826 -0.25489357300553805
1294212 -0.29833273107214275
1294589 -0.31203416522669924
1294978 -0.33080581833865463
1295368 -0.2543787996128214
1295756 -0.28796137408369327
1296137 -0.29325021856044986
1296527 -0.299353153588917
1296921 -0.3009775361258161
1297321 -0.31662479556857487
1297714 -0.32631691343838876
1298103 -0.2869484549270782
1298501 -0.31853134548451195
1298898 -0.3231014649277031
1299290 -0.32167165464904857
1299680 -0.3020352000860975
1300078 -0.2767045247531321
1300479 -0.2640880793102346
1300867 -0.3158673173686577
1301263 -0.25357517534719065
1301650 -0.251610678985692
1302034 -0.28407401406188026
1302429 -0.22050498399561314
1302818 -0.3220444686895797
1303193 -0.2659552966418818
1303580 -0.25246991810264474
1303968 -0.14992698665243442
1304349 -0.28339030944363786
1304733 -0.21706838261760342
1305121 -0.20961520833173208
1305507 -0.20463711462892875
1305887 -0.2184119730048859
1306280 -0.1699349794168974
1306675 -0.1935019253517648
1307069 -0.2180170206589529
1307459 -0.18340945078164794
1307856 -0.1736313349342411
1308260 -0.15541221335998123
1308651 -0.23506527783220849
1309050 -0.37414898227887305
1309445 -0.414031932987439
1309834 -0.3234464780614519
1310236 -0.3083555339284916
1310630 -0.40837802825270886
1311017 -0.49019458893991175
1311414 -0.3360690248987811
1311812 -0.32756396281637556
1312205 -0.293199681887399
1312597 -0.2495210484972017
1312990 -0.4418636009357286
1313366 -0.45697124161792735
1313751 -0.3941993157998182
1314127 -0.5576454758246335
1314496 -0.43909321141413227
1314881 -0.33244899075294315
1315263 -0.3969574530530841
1315639 -0.2983143001383619
1316014 -0.3691363739109815
1316394 -0.39141991977064094
1316771 -0.321754089477569
1317140 -0.3073676600220189
1317507 -0.3008588674727769
1317871 -0.31092213713129624
1318235 -0.323417385417502
1318609 -0.30108397842019274
1318987 -0.3365382268295042
1319365 -0.29393770694913424
1319754 -0.27206753225532515
1320141 -0.3043677551639875
1320517 -0.23241145390794782
1320910 -0.4581769247404936
