2309199 -0.22862145557877045
2309678 -0.24132763144454455
2310150 -0.24380311788642373
2310627 -0.23988268623034587
2311092 -0.28409458425103573
2311566 -0.23291615825169149
2312046 -0.23379572591751208
2312527 -0.2383246025641862
2312974 -0.27832291315180446
2313450 -0.24501439733270258
2313927 -0.244544427621469
2314408 -0.24468811425274228
2314883 -0.27964077264384785
2315319 -0.34779632686566897
2315783 -0.23784048434895433
2316251 -0.24362469143846838
2316717 -0.25655962860477544
2317158 -0.31362336427042475
2317618 -0.23850336599972843
2318082 -0.23516395118397615
2318546 -0.23663585381542435
2318989 -0.2996448975040701
2319441 -0.2369193932267959
2319905 -0.24098676901998428
2320369 -0.2760727652892073
2320811 -0.2948452575824886
2321279 -0.23199250782776282
2321752 -0.23442522851136594
2322224 -0.26785119778111666
2322672 -0.3004844390461201
2323138 -0.23094843749242788
2323616 -0.23766008728822074
2324084 -0.26324770321390256
2324518 -0.3179238290899956
2324982 -0.275268706524184
2325410 -0.29182366335013465
2325867 -0.2463064649231318
2326320 -0.2445401127761878
2326779 -0.2889981339108513
2327213 -0.3026574858852907
2327665 -0.2177469889163604
2328117 -0.23754975959780977
2328536 -0.3118824442699605
2328986 -0.23740857576456453
2329447 -0.2409258861388549
2329907 -0.2738250212705974
2330344 -0.290704292446486
2330800 -0.24050192810586363
2331259 -0.2451624551322541
2331721 -0.2837592611660877
2332164 -0.2671283725964628
2332623 -0.25029549361276393
2333090 -0.2500013173974153
2333552 -0.2909656274994996
2334008 -0.27953046320160846
2334474 -0.2603439361288675
2334937 -0.257981473484441
2335394 -0.3210284022222358
2335833 -0.2725675207840898
2336295 -0.24788572531151382
2336752 -0.259572927539432
2337197 -0.31401086024794533
2337627 -0.30631153430480973
2338083 -0.24311880951609455
2338538 -0.2521129278892149
2338977 -0.3309368026352827
