5423044 -0.3263399256036256
5423458 -0.29452343319280205
5423852 -0.3208952367819213
5424252 -0.27437666539592626
5424652 -0.3055162221766447
5425046 -0.3157818554650698
5425432 -0.28758949845778364
5425852 -0.2726589642628604
5426271 -0.25877287167905205
5426697 -0.2705647684732732
5427125 -0.2819972822583113
5427558 -0.27674206542124585
5427994 -0.3312571938613533
5428431 -0.28812545900379777
5428852 -0.34436271925395506
5429285 -0.2635799627895101
5429696 -0.26073407097292706
5430123 -0.2849054602733873
5430552 -0.26519900023230214
5430987 -0.276644816962093
5431429 -0.2707344106427322
5431865 -0.2697143977296541
5432300 -0.28947462787218736
5432730 -0.26502845032222216
5433164 -0.25882053231592117
5433599 -0.26148490556555504
5434032 -0.2535291293307719
5434469 -0.2606554983692724
5434903 -0.27536666852680974
5435340 -0.27279309186240197
5435774 -0.3042627700355964
5436194 -0.2622382940320361
5436622 -0.2623164880700463
5437054 -0.26573731090862107
5437485 -0.2706667278774451
5437919 -0.28599488377545557
5438339 -0.29171989188053316
5438766 -0.2826598634568098
5439180 -0.40869409505159954
5439594 -0.26174577642772456
5440005 -0.26409735216876273
5440419 -0.27090877626011944
5440833 -0.28479663343485445
5441248 -0.3461260340436398
5441643 -0.298428871212166
5442048 -0.2915190797116647
5442448 -0.29206433957560146
5442854 -0.2586773051507405
5443260 -0.2536560028152954
5443665 -0.26019949163397577
5444068 -0.3244919356665794
5444465 -0.28231981150471963
5444864 -0.274826129737535
5445267 -0.28420744765349193
5445676 -0.2697217957739444
5446076 -0.30148132404848804
5446494 -0.2699486445026984
5446902 -0.28492705835292126
5447313 -0.2751853501077658
5447723 -0.2816109300285905
5448135 -0.2867190564514219
5448543 -0.2847669789547942
5448963 -0.2746742095555201
5449385 -0.28545924794886146
5449809 -0.27975874452066896
5450236 -0.2932821116449673
5450654 -0.3283431584500846
5451065 -0.25978594719300835
5451479 -0.2824249731201982
5451890 -0.2704217956631639
5452309 -0.2799068737401772
