1710838 0.4051601045335853
1711298 0.4322264767758775
1711752 0.4459439102652161
1712217 0.43832613021320627
1712666 0.4181238768830404
1713103 0.39211224975908554
1713567 0.36982989004570377
1714034 0.41880516428041936
1714472 0.37381702587553284
1714936 0.3870330341585132
1715378 0.39455741323830107
1715827 0.4029971470182607
1716288 0.4037136967276606
1716750 0.3906021785501329
1717197 0.4013251691205486
1717635 0.3947611680086866
1718098 0.38185801503248124
1718536 0.3915825558776791
1718999 0.43869318253505873
1719481 0.4362260549437131
1719953 0.42688382278283865
1720403 0.3733857600404359
1720873 0.4446696750148163
1721350 0.41125993903159286
1721792 0.39622335426217264
1722246 0.44034295295788917
1722715 0.5117733014724977
1723157 0.45220874760393404
1723597 0.4549384649340773
1724053 0.4885013820931301
1724497 0.4271823898602779
1724936 0.4663774582570291
1725389 0.4859660855772321
1725834 0.4540380419047259
1726258 0.4085333742996522
1726707 0.4961430697609335
1727159 0.5247356483538227
1727608 0.49743000851708297
1728040 0.5074963257959524
1728470 0.4532654083359744
1728928 0.4638530412327885
1729386 0.5000245595018951
1729834 0.4094298270740131
1730283 0.4797954491616715
1730732 0.42907093705857213
1731183 0.4448359307805506
1731652 0.4980764680146099
1732096 0.45676813624471846
1732562 0.495678786259559
1733025 0.5001543332012313
1733491 0.3452364860465579
1733935 0.3900121833820874
1734356 0.37319391283072095
1734798 0.40377304148163423
1735249 0.46246090474144425
1735656 0.36125452308064226
1736084 0.3397610407287899
1736523 0.43671453350363454
1736954 0.36679571904420566
1737419 0.4090191384217083
1737832 0.3295399232480673
1738290 0.42260519218273684
1738779 0.4386939272606462
1739226 0.3890035827605856
1739670 0.4429848628130223
1740111 0.438952125969851
