4944082 -0.21928801860996777
4944547 -0.19779409511451873
4945014 -0.18711224904340257
4945480 -0.19593568188788657
4945950 -0.2077491310970987
4946432 -0.18478103777717753
4946892 -0.2056581694054035
4947359 -0.19180399809285353
4947830 -0.2138842401545581
4948276 -0.2212342163344433
4948726 -0.18749911366488892
4949230 -0.18784689338033056
4949714 -0.1917798085634796
4950197 -0.191596980980568
4950673 -0.22554235357235636
4951122 -0.21116918820788194
4951613 -0.17081732377699765
4952118 -0.18763936187623642
4952588 -0.20769927613278028
4953060 -0.2238252275916583
4953512 -0.21503640978441296
4953968 -0.2008321982167276
4954422 -0.17718534944077358
4954946 -0.1803853097288925
4955441 -0.21445505891264494
4955909 -0.21474243465471832
4956353 -0.16968783403098164
4956908 -0.16951829273958602
4957488 -0.18117802731207816
4958050 -0.19085573606055983
4958571 -0.2040308207485954
4959062 -0.18652289018854706
4959587 -0.1699318773098102
4960123 -0.18558183312658616
4960645 -0.20712049528099158
4961124 -0.18947239793608828
4961641 -0.17437176900346202
4962112 -0.18684174736461484
4962577 -0.2063762248236719
4963045 -0.1787133552946384
4963540 -0.16958968133009333
4964042 -0.17838854883754074
4964550 -0.20138972588345022
4965026 -0.21664790980867232
4965505 -0.1826715237643815
4966013 -0.18561857178175278
4966529 -0.1980802638535032
4967040 -0.21942771351385565
4967521 -0.19340079935919652
4968028 -0.1831792126529448
4968541 -0.18272441083849827
4969053 -0.1919350746896849
4969543 -0.2170623740192909
4970016 -0.18801539881588786
4970525 -0.1846211102837833
4971037 -0.1845050873075601
4971537 -0.22758583332444887
4972008 -0.19291555756535572
4972512 -0.17755663517955605
4973020 -0.18836029851158131
4973535 -0.20896413250926854
