3210094 1.6870539094861217
3210412 1.5507439700033008
3210728 1.6454768011116796
3211044 1.3791505440124492
3211361 1.4517909576266748
3211680 1.511784839632175
3211999 1.579383422190457
3212320 1.793157417119736
3212648 1.3821151358175259
3212969 1.3485986416038676
3213292 1.5179846372435506
3213616 1.404896392157843
3213936 1.346108987369361
3214258 1.5225898916524385
3214579 1.4766690434203555
3214896 1.483278935235764
3215221 1.4328249157781694
3215535 1.0725971065263933
3215863 1.470195980375892
3216193 1.4703210556134831
3216529 1.5203529354566396
3216864 1.5189375338151494
3217195 1.4863671040221427
3217534 1.443248593209526
3217871 1.3963835113702627
3218213 1.5493356508402796
3218558 1.5215537122446579
3218893 1.3299125653021133
3219240 1.5801710594436793
3219591 1.4994268338831829
3219930 1.4467477160766653
3220281 1.609687346506922
3220631 1.4686379512949808
3220982 1.5679133296646157
3221336 1.6208244359702757
3221685 1.4318123711240713
3222029 1.4161487091099891
3222383 1.5723657534647728
3222727 1.3585160080578702
3223076 1.399883164617683
3223428 1.7507927030973183
3223782 1.513751056198947
3224128 1.3454342602351697
3224476 1.4612028975376568
3224827 1.6709434499456204
3225176 1.4001624591500632
3225523 1.2747660742690095
3225872 1.4193648805775898
3226222 1.28457614579137
3226569 1.383219734283057
3226920 1.530421086710618
3227266 1.2733617549477962
3227610 1.3545842660379248
3227958 1.4985342408143576
3228307 1.3299540420756042
3228652 1.3418253024049027
3229000 1.471558387590672
3229341 1.3446080997011622
3229679 1.3324798499132298
3230022 1.539395148127574
3230367 1.3946011195896595
3230712 1.3949536792170012
3231065 1.5761424134596558
3231419 1.4279857002883718
3231771 1.3363525745534175
3232131 1.503735194296528
3232491 1.282512899805643
3232851 1.3220725946019387
3233210 1.4001546022245228
3233573 1.4924285607786267
3233936 1.3667164378610677
3234297 1.4192133187743665
3234664 1.4285169810353637
3235028 1.3858077126853736
3235393 1.5315752915256304
3235753 1.4261823351457243
3236112 1.396931713993326
3236473 1.486462035050356
3236826 1.3140815358916345
3237186 1.4754133725908722
3237537 1.1891860282762337
3237895 1.2780402850192303
3238253 1.3762778305613397
3238613 1.3808003393595911
3238976 1.600061518486867
3239336 1.3775250427474466
3239679 1.3591977253110965
