7225648 -0.18834435653280512
7226146 -0.18722481780820732
7226656 -0.20092538705518093
7227160 -0.183033875889562
7227699 -0.19379179284548753
7228224 -0.18553341212776225
7228735 -0.1854734845750841
7229283 -0.19487292608249834
7229840 -0.19252060973791874
7230404 -0.18009794510705002
7230968 -0.1933856711015033
7231517 -0.18526408065835764
7232074 -0.18791978076332216
7232619 -0.1823411498340327
7233171 -0.18251408966109145
7233692 -0.1931114713397098
7234205 -0.18943760374907714
7234736 -0.19665867188108332
7235227 -0.193245533821495
7235728 -0.19135560058023138
7236214 -0.19340392301658194
7236685 -0.1879752377858917
7237174 -0.19777310115594393
7237656 -0.18997097510841898
7238128 -0.18431598071176003
7238623 -0.18842199156733247
7239148 -0.1873160621574927
7239651 -0.1864012175128038
7240155 -0.19018120697951624
7240689 -0.20272639786582186
7241192 -0.19075668125387213
7241692 -0.19032402463870418
7242208 -0.19209164607206192
7242708 -0.17933995881540832
7243225 -0.19242858135326962
7243734 -0.19434211892222214
7244225 -0.1908669769402203
7244740 -0.18395663554528113
7245253 -0.17843124158597057
7245753 -0.19711969810488494
7246275 -0.1886592543324016
7246788 -0.19224831012056365
7247304 -0.2004220402703919
7247832 -0.18913281769140977
7248327 -0.187130363324559
7248830 -0.20247762257443236
7249314 -0.18715200668965626
7249786 -0.18977155066689433
7250278 -0.18952585959056106
7250760 -0.19058616335392348
7251225 -0.1928640744066965
7251714 -0.19138672042370075
7252203 -0.19703010597912152
7252665 -0.1815293803548021
7253138 -0.1940728352994736
7253621 -0.18577694538146228
7254082 -0.17448578341051663
7254544 -0.20214231250156445
7255034 -0.19314717637380074
