753086 0.6314023106595686
753570 0.6616462644590684
754077 0.7070056451665637
754553 0.6347836269049001
755044 0.6961130604824466
755545 0.6840298567284773
756011 0.6389453843835736
756485 0.6835841262247592
757001 0.7155633302199627
757486 0.6465957504889346
757978 0.6915140122743126
758502 0.6820085997387835
759005 0.6500535853487952
759516 0.708389583149392
760018 0.6530407757798036
760503 0.6364736844564887
761015 0.7158153468600759
761511 0.6576338933909772
761981 0.6431360438260257
762488 0.7194762938465946
762958 0.6555589900540915
763419 0.6670877938255305
763898 0.7113824122844048
764362 0.6611965271150425
764813 0.6478029120266381
765294 0.6988483377254023
765758 0.6588488493528804
766207 0.6363810549839726
766674 0.7021851701655295
767140 0.6911762222718674
767585 0.6286624650628594
768040 0.6887950312262837
768496 0.6730567476074554
768937 0.6207767158725981
769383 0.6738393764262506
769827 0.6557049838632711
770255 0.5372914483137188
770686 0.6346523038008713
771118 0.626779804877647
771538 0.5775805789606138
771967 0.6435564309997608
772415 0.6932964410477088
772849 0.5769850809994098
773281 0.6214423176896686
773743 0.6767529715162062
774187 0.6023441426631725
774623 0.5600589598564679
775086 0.6512461334058202
775554 0.6688018433142993
775995 0.5584048870321399
776442 0.6294592115519513
776915 0.6708677764246169
777377 0.6142523392066354
777822 0.5703092975074517
778296 0.6566275482886208
778779 0.6834947358727761
779235 0.6032071337491546
779706 0.6560528664614093
780207 0.6934790789940062
780680 0.6088486609669885
781143 0.6144244818159548
781634 0.6848022923841051
782108 0.6386592205850498
782571 0.6097090884750945
