6716535 1.3726270712457
6716959 1.444310356809928
6717401 1.4817351221923185
6717845 1.5429446996703309
6718285 1.3667323791279142
6718701 1.2019896371432588
6719133 1.4013196163591788
6719573 1.5222651652472297
6720016 1.5913771614409198
6720462 1.6545083961829041
6720901 1.6341030111708401
6721339 1.3058886433201682
6721765 1.5756335828993944
6722190 1.3670631319024915
6722607 1.2221236616724194
6723037 1.4646081783038714
6723473 1.5925397861753234
6723909 1.3974822036379497
6724327 1.3655149853784012
6724764 1.5289034793296334
6725203 1.6168825236059128
6725641 1.6598847641773118
6726074 1.4425668963127845
6726487 1.1587606659348781
6726909 1.376336634426755
6727347 1.479690331952216
6727772 1.510240363786481
6728188 1.2071003319965756
6728611 1.500023843666247
6729036 1.444189790667691
6729476 1.6164798719216447
6729918 1.6924609893788367
6730355 1.723014097295519
6730785 1.3406244000966492
6731200 1.2623198406233436
6731639 1.5272118638187013
6732074 1.583419692210563
6732507 1.5841623256362196
6732938 1.3604421596919505
6733360 1.3640830634341583
6733796 1.551494795881022
6734232 1.5725283358781594
6734661 1.637233161089458
6735080 1.2333298316748014
6735511 1.6071844729236258
6735943 1.6539311654586384
6736373 1.6075190004186415
6736791 1.5994778945022332
6737197 1.2571407085122068
6737611 1.4924730916451632
6738044 1.606366583533531
6738480 1.5818312983615548
6738901 1.4244422672639994
6739344 1.6297760955420815
6739782 1.571085021729799
6740205 1.1777181273494708
6740642 1.4643677699546007
6741096 1.5744693464426143
6741542 1.6183631127303135
6741974 1.2466747875805146
6742403 1.4905385709917593
6742831 1.389328132330407
6743266 1.487872809936169
6743691 1.254131242840217
6744139 1.4642145964837976
6744592 1.5433509470045952
6745045 1.5635498037864815
6745494 1.6070531238425356
6745917 1.3206227890376432
