1472209 0.9784182339390616
1472632 0.9551228337097237
1473065 1.0166107853361206
1473500 1.037257435135668
1473920 0.9407177798272438
1474335 0.9824970153007606
1474761 1.0143982280688364
1475178 0.9743919312267275
1475591 0.9376324103522391
1476007 0.9883435293845932
1476422 1.0151599634468327
1476830 0.9426026865414899
1477235 0.9497934846565295
1477657 1.003805713090657
1478076 0.964209210993811
1478484 0.9313397334639552
1478901 0.972816638018154
1479339 1.0079785686455816
1479763 0.9468820114075939
1480178 0.9503739091446606
1480605 0.9917004229202175
1481032 1.0058688949051928
1481447 0.931192947293517
1481865 0.962724059649936
1482291 0.9945785124618011
1482709 0.9454181571905773
1483122 0.9327154884793942
1483539 0.9794333631774901
1483968 1.0181761343749207
1484384 0.9480656691662575
1484795 0.9288260277227751
1485219 0.9872638606016633
1485650 0.9703131427044036
1486071 0.9517114243204257
1486496 0.9790340812471108
1486937 1.0266434891860068
1487359 0.9612200814488308
1487780 0.9563586684354882
1488226 1.0082524893205709
1488660 0.9788149053197264
1489083 0.9433693912314493
1489509 1.0010407522272522
1489942 1.012472035452923
1490366 0.9513444948301149
1490788 0.9311505888436431
1491219 0.9861759214102613
1491655 1.0058988247001153
1492074 0.9424759257200644
1492493 0.9517049191322597
1492940 1.0076344365609806
1493380 0.989197749296943
1493805 0.9462027477850359
1494225 0.9851834434780855
1494658 1.0349415410518674
1495078 0.9433545764180131
1495493 0.9647009876794956
1495916 0.9887722828576393
1496335 0.9495849399467211
1496748 0.9098463927398395
1497171 0.9948120996180847
1497596 0.9944611639666223
1498008 0.934199242705761
1498429 0.9994988106271266
1498844 1.0155211654600906
1499244 0.9138191658478171
1499644 1.0626150820486666
1500042 1.0307502620863098
1500435 0.9972287636014605
1500832 1.0799140511532788
1501228 1.040785414986636
1501618 0.9664829515877587
