6626096 1.43328940246446
6626451 1.350708690484978
6626813 1.4381470962224965
6627174 1.4735748109131213
6627530 1.3850091363216794
6627884 1.4457510127529596
6628240 1.566434432784924
6628598 1.5356255201227713
6628953 1.4010585551210184
6629316 1.4673623680419534
6629676 1.5066832234622436
6630034 1.330079308195204
6630394 1.3026412640618918
6630762 1.4545516619933188
6631130 1.4544908837951571
6631497 1.4880053193198757
6631866 1.338745222328214
6632230 1.3341455186669933
6632597 1.3943976608574449
6632966 1.3723887049841537
6633333 1.5171923312682152
6633692 1.4585963137368814
6634057 1.5733266192543338
6634419 1.546646347611043
6634783 1.5957432145883024
6635142 1.4808413027259315
6635509 1.5624639794275863
6635877 1.578079329353272
6636242 1.5470349829546937
6636613 1.4873149597088007
6636977 1.3333915256389774
6637342 1.3263523305673761
6637702 1.2407343666764208
6638070 1.2032158737196208
6638432 1.2898108407018043
6638790 1.4182011552744183
6639152 1.391539050632196
6639536 1.5277982442317584
6639932 1.622759219315474
6640322 1.5060197693808481
6640708 1.5877349531685034
6641087 1.4585993156894206
6641459 1.3753200662375729
6641840 1.556384545999754
6642219 1.551968977652584
6642589 1.4112572190391224
6642964 1.5722307851561337
6643339 1.5663069247144832
6643706 1.4263058663711172
6644079 1.558747195455631
6644453 1.546165229540751
6644822 1.385038897679864
6645194 1.5406678400033953
6645562 1.3872622285493177
6645928 1.4450487330164963
6646294 1.3112330367238132
6646661 1.3961018282136584
6647027 1.4263869910752773
6647389 1.1572937940006018
6647755 1.3185563231316573
6648120 1.40072662576917
6648488 1.3134944292253685
6648857 1.4218782901951985
6649225 1.3694044128585503
6649593 1.5114912130684384
6649960 1.39445093533829
6650319 1.267938375256495
6650682 1.2957126225920272
6651049 1.407307344731021
6651417 1.4163193709930666
6651783 1.3969506752883707
6652150 1.4372371845091885
6652517 1.4037979882728695
6652877 1.3043904398953485
6653241 1.1892541639343435
6653607 1.270974972960973
6653969 1.2194689004361396
6654337 1.2407186841691669
6654703 1.0961518618857387
6655070 1.1943364786390513
6655440 1.3167521052348183
6655814 1.458535121515188
