4558419 -0.22133726559550515
4558806 -0.2154953725892983
4559184 -0.22964160881726414
4559561 -0.23206478820134274
4559946 -0.22959835847153542
4560331 -0.2146608470263553
4560711 -0.22269616258527564
4561086 -0.23281011498274656
4561468 -0.2270854787000829
4561852 -0.2167649866610723
4562230 -0.22489208477129946
4562602 -0.22614207994699465
4562985 -0.22981692415128163
4563374 -0.2070877167682138
4563754 -0.2234349217318115
4564128 -0.22918743296469796
4564510 -0.2303321869023286
4564895 -0.20613043343221976
4565274 -0.22601231203350486
4565649 -0.213686190319482
4566032 -0.2264506399493258
4566424 -0.2027491074432312
4566805 -0.22518515522174937
4567180 -0.22904934045725178
4567566 -0.22886468683414685
4567952 -0.20649503016746068
4568331 -0.2232401584099365
4568705 -0.23151428475109742
4569091 -0.22460359205420133
4569479 -0.2064744823562602
4569863 -0.21799952284459295
4570240 -0.22221235596413796
4570618 -0.23260086682377645
4571005 -0.23030600418837643
4571395 -0.2195365950323574
4571773 -0.22143964602118194
4572148 -0.23344190426855815
4572534 -0.222459150051447
4572923 -0.22201214681874054
4573301 -0.22308813682819156
4573677 -0.2331859243712628
4574060 -0.21967513355148272
4574449 -0.21964295804237277
4574828 -0.22257741904284722
4575205 -0.23252384255931557
4575593 -0.22755777142906408
4575983 -0.21398202033880087
4576364 -0.226888524974446
4576742 -0.2400637436580802
4577132 -0.22228801711674095
4577529 -0.21106576906982466
4577915 -0.23134763321900892
4578297 -0.23408512649241603
4578686 -0.21585600131256932
4579081 -0.2038777234591862
4579466 -0.22341111019024934
4579848 -0.22987252248344364
4580238 -0.2255147994458726
4580633 -0.20698267035217693
4581017 -0.22554836477306223
4581395 -0.23270283699825134
4581780 -0.20115788108292876
4582170 -0.20310978720225398
4582552 -0.22988935411879324
4582931 -0.23312539134290494
4583317 -0.23328758319802806
4583709 -0.2221585975544852
4584094 -0.21786483063509893
4584474 -0.2205765343725361
4584857 -0.2374441293288877
4585243 -0.220559377867808
4585632 -0.22628710570443933
4586017 -0.2224544596313237
4586398 -0.23396028599059238
4586788 -0.22443213233570747
4587181 -0.21674988049821398
4587563 -0.22655465498974459
4587944 -0.23895667382715724
4588336 -0.22903185875987353
