1352108 -0.05535890980855146
1352555 -0.05258280491765155
1352980 -0.1134757413798636
1353395 -0.10831762510022713
1353829 -0.060573421807638694
1354274 -0.09485598047138177
1354693 -0.09947483266881718
1355111 -0.1285070933420197
1355547 -0.05527032719899605
1355986 -0.091756195519069
1356407 -0.10556330833885907
1356824 -0.10089508965873462
1357255 -0.06139356410881319
1357696 -0.11016720609321867
1358112 -0.08935741259351349
1358526 -0.09471744103151114
1358963 -0.05532114059597243
1359390 -0.10287098505486181
1359806 -0.09080794063700681
1360220 -0.09146657704214922
1360655 -0.02158734299470849
1361069 -0.09066108465276113
1361479 -0.10789177591024285
1361886 -0.08240277223815207
1362310 -0.026154520253744706
1362721 -0.11382297123734197
1363123 -0.13596685249724272
1363522 -0.13254769031898783
1363923 -0.04984100354304255
1364311 -0.09095729664205865
1364695 -0.13770141314193907
1365077 -0.09734554336764956
1365464 -0.11859173814226698
1365848 -0.10579044580489161
1366245 -0.06714377551536621
1366649 -0.1040079832328688
1367045 -0.09754347300109228
1367451 -0.07699304113464733
1367871 -0.03038953247832249
1368277 -0.10929347416481922
1368682 -0.08865589177761796
1369100 -0.07526329467975468
1369520 -0.10732642665149017
1369929 -0.11030230555852438
1370345 -0.07275995606419378
1370779 -0.06280320249469656
1371205 -0.11961946696919246
1371616 -0.09448103158021282
1372046 -0.06682822113176334
1372481 -0.05831650141316247
1372898 -0.10239103855662024
1373322 -0.07503226423229764
1373760 -0.026925081269721485
1374177 -0.1044701533025385
1374597 -0.09550355428993718
1375031 -0.0685334167353327
1375471 -0.11723104398880857
1375887 -0.09358455561159817
1376322 -0.05622927302945019
1376767 -0.06498497615100474
1377203 -0.11286354132747967
1377625 -0.10045554811331892
1378065 -0.0500133433321579
1378512 -0.058065719320980036
1378948 -0.10712163293064447
1379371 -0.09776206737622206
1379803 -0.05822654475980338
1380257 -0.05766947714956411
1380709 -0.11280749859582262
1381135 -0.0994744825452405
1381583 -0.0791894600557087
