4258927 1.504062645187422
4259278 1.7446029060539647
4259621 1.7682083986950299
4259965 1.5264529440334167
4260312 1.5842227571681007
4260669 1.703163343839094
4261021 1.6032262470162428
4261368 1.5730156620637974
4261727 1.6782915374894032
4262086 1.5842743105690529
4262433 1.5897841021550314
4262784 1.7243929741576234
4263142 1.7543594313438984
4263496 1.4496127184312795
4263845 1.34752691469153
4264209 1.4468096586196288
4264575 1.4731273005507841
4264929 1.409533193363664
4265290 1.354475703995102
4265649 1.589144534704378
4266004 1.4457075702376379
4266351 1.396989235635051
4266706 1.7764174891316176
4267053 1.4356629322069738
4267399 1.2975581861453578
4267739 1.4070153984577836
4268084 1.5135850453940283
4268421 0.7936718427420111
4268765 1.076935597803817
4269107 1.072996755576744
4269443 1.02005369518145
4269786 1.2559661436243081
4270135 1.6317950825246073
4270480 1.2953373865561268
4270825 1.3029303753495731
4271182 1.4625928590523956
4271537 1.4962715820041588
4271881 1.2670177422527145
4272235 1.492923388738991
4272591 1.682636263942427
4272941 1.446269077744741
4273289 1.3988000882127385
4273647 1.5811287009004271
4273995 1.0433010536387657
4274340 1.382107775710775
4274694 1.5089198052598034
4275051 1.4576738927234743
4275403 1.35909357140465
4275755 1.5453100058745926
4276117 1.6326514458666683
4276467 1.32616595805603
4276817 1.033362040171108
4277168 1.145361784311493
4277522 1.335193893650251
4277866 1.3475793312517113
4278216 1.5086440488288628
4278565 1.4697007451349204
4278909 1.3065445966256748
4279255 1.5563198851126274
4279608 1.6565651147744616
4279967 1.593404739407895
4280321 1.430986852031774
4280681 1.5440995709117589
4281051 1.440349983793191
4281413 1.3927637914890547
4281790 1.4290710337888424
4282167 1.3356116405034812
4282534 1.7761962006544425
4282917 1.7179149296832414
4283283 1.3247681582349213
4283655 1.0850825161076685
4284022 0.9942634879277882
4284381 1.053288141803744
4284738 1.1680052723379744
4285093 1.176520727177364
4285447 1.1402226382516605
4285799 1.0117150975525346
4286159 1.0720387293610836
4286532 1.0747992732255698
4286893 0.9532941696108904
4287251 0.9603446871758912
4287617 1.0633164124974088
4287977 0.8971075223183751
4288328 0.6597120362686173
4288665 0.6449503007809714
