4438771 0.6774435261979554
4439184 0.660689073956132
4439615 0.7352849280740443
4440045 0.7820976790841361
4440473 0.7649745205820555
4440900 0.7432354607953151
4441319 0.7675702226307404
4441759 0.830894066883332
4442203 0.8381533671309834
4442628 0.8625121659294716
4443054 0.8814176655103015
4443485 0.8990830825844582
4443906 0.8394817485387343
4444350 0.9131428383323311
4444796 0.9335995699043248
4445232 0.9110082574223812
4445662 0.8787293556997572
4446113 0.9479741771179033
4446564 0.9647263411180051
4446996 0.8601823065636769
4447444 0.954628938309265
4447889 0.9483378514356753
4448326 0.8951068716265174
4448758 0.8438352116115659
4449196 0.8744671820446148
4449632 0.8820939557784055
4450055 0.8196913975070179
4450482 0.851458064165775
4450923 0.8309406588989598
4451347 0.8980623661222349
4451773 0.9010464067548811
4452214 0.9806427787893066
4452659 1.0092594376148312
4453089 0.891572010231628
4453530 0.9335222956342911
4453980 0.9574816810321698
4454420 0.948129910994489
4454848 0.8725996816632401
4455294 0.9521722112762913
4455736 0.9718821514465974
4456168 0.9852283066156354
4456598 0.9219952228122346
4457030 0.8705180848082978
4457472 0.9547657100594943
4457917 0.953373308362996
4458347 0.8977936536594527
4458779 0.8678411411663247
4459221 0.9456040446885334
4459659 0.9565476468623901
4460087 0.8813131604480019
4460532 0.9797007801009645
4460973 0.955084066845264
4461402 0.8593721260649362
4461842 0.94582915951261
4462285 0.966970959001606
4462714 0.8793416602243613
4463153 0.9279972792044471
4463593 0.955144436210642
4464027 0.8962194337560232
4464459 0.908635431558759
4464900 0.9656815421371401
4465333 0.952394222830699
4465757 0.9287257395913169
4466197 1.0046663599674766
4466639 1.0091352993395204
4467063 0.9211376493201737
4467503 1.0118598007193613
4467943 1.0233459601494619
4468371 1.0594864334999476
