4049272 0.8899854966828296
4049639 1.0186127630707995
4050033 1.1743549202384274
4050421 1.1551904748535247
4050825 1.2839671369277494
4051218 1.225300236307446
4051608 1.2629978322087565
4051994 1.260094162918139
4052375 1.3447130239186638
4052763 1.4119740902326237
4053162 1.4371935125969204
4053560 1.414839401835982
4053947 1.2912831806698106
4054344 1.3993342029697877
4054752 1.482473125818211
4055162 1.507454496914184
4055583 1.6187490184739222
4055999 1.686757168803839
4056411 1.6928511989844623
4056812 1.6653652727907062
4057222 1.6980881795961231
4057620 1.6155325145925654
4058000 1.3577715777281916
4058388 1.5583746687055569
4058777 1.665524607687269
4059172 1.638893852319811
4059551 1.488460663211887
4059941 1.590679583757805
4060319 1.3901528463488946
4060707 1.528785116007152
4061099 1.5762328822249954
4061480 1.137324054554017
4061868 1.5202918412284783
4062253 1.5565695277425595
4062636 1.4796851120808754
4063010 1.278100226113799
4063385 1.2462504126248832
4063771 1.369305297378341
4064165 1.508122565436499
4064565 1.494795155195821
4064955 1.4232036069397573
4065339 1.4393245396783538
4065746 1.485260987351991
4066157 1.4777133295047344
4066566 1.3330708258035662
4066970 1.4170682328295934
4067388 1.5364613827988864
4067802 1.5241076043656028
4068212 1.4943380150761985
4068627 1.4787644095412422
4069040 1.471552535954253
4069437 1.2492148715965596
4069822 1.254342418115524
4070223 1.4783338900972471
4070624 1.5113819749056325
4071029 1.5182692755139016
4071430 1.4614554141671823
4071821 1.496158924586147
4072221 1.5780690082461215
4072621 1.5106234197421453
4073011 1.3409801175189864
4073411 1.5339657143851444
4073813 1.5428228188768425
4074214 1.4584586567627627
4074606 1.3789375254496958
4075011 1.529447283601251
4075420 1.5718390452678528
4075827 1.4658560893767678
4076215 1.3702345146324046
4076619 1.5306911359273014
4077027 1.5533721639686902
4077433 1.5123350546548462
4077827 1.3562902236435814
4078225 1.5174192207501438
4078628 1.5358597006074974
