6087381 1.5921367903860333
6087738 1.4689258837303139
6088100 1.4706439923467955
6088456 1.0178226755697264
6088812 1.2068267659712288
6089173 1.361494443917942
6089530 1.1508524304793837
6089887 1.2442998907082474
6090251 1.3832132135979256
6090606 1.3594336456352534
6090970 1.435382117903195
6091327 1.2588558231600189
6091684 1.4009190178116233
6092043 1.5621542707720346
6092395 1.3046774590642802
6092758 1.5298404397346004
6093114 1.6089669741462966
6093464 1.3763683701586513
6093825 1.4361850991786926
6094183 1.4507933010914098
6094533 1.2659668408967084
6094894 1.5608641681256314
6095245 1.1084117026260034
6095598 1.2304439251734183
6095958 1.3555731779589828
6096326 1.5482450788923352
6096691 1.3304552876612514
6097055 1.528654039509049
6097436 1.5313673679274564
6097808 1.2969219020581364
6098176 1.3929974797834794
6098555 1.544443861849845
6098923 1.3622432732655256
6099296 1.707391275917154
6099669 1.5996961684089668
6100034 1.4579276794211151
6100405 1.568392636087686
6100775 1.5131805877069824
6101139 1.4554665596313172
6101511 1.563139567884579
6101879 1.4316071314703476
6102244 1.62005656672317
6102611 1.5688230657751374
6102966 1.4694148158327616
6103328 1.7081365895954719
6103692 1.4796515350205808
6104050 1.4595429570924567
6104408 1.4804308722846864
6104774 1.6095917012903311
6105137 1.565373255472062
6105493 1.2615602748724553
6105853 1.4405236540763435
6106215 1.2867842955426745
6106574 1.321976799851162
6106935 1.3965666251798439
6107301 0.8848472696646801
6107666 1.1858071170506947
6108035 1.3979622633604627
6108407 1.6137164676759463
6108770 1.303188842815804
6109138 1.3782828883307725
6109508 1.4215160733936814
6109878 1.5701791493597645
6110246 1.3038193196253929
6110620 1.4621425284286371
6110991 1.2911474383803678
6111377 1.3763849528900725
6111748 1.544965601911287
6112114 1.4256740259135978
6112490 1.4666232107641635
6112868 1.5716580158026248
6113238 1.3470684609309078
6113628 1.4399401231417517
6114017 1.4967919716325002
6114406 1.388703408135882
6114775 1.401630694567877
6115151 1.342277274500245
6115530 1.3043441123663806
6115905 1.4703776440773293
6116275 1.4039332017142179
6116651 1.5279607997797813
6117032 1.628665180025438
