243401 -0.1404617593685115
243844 -0.13508684242621466
244276 -0.14760914167781408
244731 -0.10348655352850342
245211 -0.13507682061832976
245697 -0.14273424225205317
246181 -0.1240662384283382
246630 -0.11941865453710337
247109 -0.10731344696102191
247605 -0.07710011992269761
248093 -0.11673333370569583
248573 -0.14441766166400677
249031 -0.11584859896436006
249487 -0.08538075343994475
249958 -0.1200565390920858
250439 -0.08149182738541673
250908 -0.10465614709606263
251387 -0.12356291479460238
251840 -0.12827609508461846
252298 -0.09609690529100162
252776 -0.11758477651950339
253233 -0.12843642081016682
253684 -0.11605983355227678
254160 -0.07872240019842913
254639 -0.1025698072638287
255085 -0.12015574022845454
255533 -0.05209699208559715
256002 -0.11214961622235342
256474 -0.0896625383890175
256944 -0.07401874124492691
257388 -0.09586441625335129
257833 -0.11502979659352608
258300 -0.10089438821717556
258778 -0.09008688272541077
259221 -0.08847756596001433
259689 -0.09299639577604923
260154 -0.11311662405083622
260604 -0.09902576289576959
261056 -0.10308052924535638
261497 -0.10053930808501532
261958 -0.08177283278255942
262442 -0.09601021068603455
262892 -0.09535851716328897
263367 -0.10963299095140061
263847 -0.04507883940857338
264299 -0.11689598091006209
264750 -0.07787636616564247
265221 -0.06896436459363525
265661 -0.1105370688716133
266113 -0.08488609026834248
266587 -0.10072361525263002
267067 -0.10668108979536378
267515 -0.11948905853407937
267972 -0.08762829621032964
268452 -0.10997928581756805
268937 -0.11599320443667271
269374 -0.08667339424141488
269843 -0.06452477236489455
270320 -0.07228969703960128
270800 -0.0774522215708667
271277 -0.08611075476152913
271752 -0.06517415653496328
272186 -0.11594621775362013
272633 -0.08623245390651768
273099 -0.07328829607425974
