6836131 -0.10867853473490863
6836578 -0.09645271611759021
6837009 -0.15018555252034893
6837431 -0.12781300201602508
6837877 -0.11277266138473685
6838328 -0.10193744550206385
6838759 -0.13050609199850638
6839182 -0.1098917624107989
6839625 -0.09643544639968793
6840058 -0.13761605389125475
6840478 -0.12986840095093544
6840917 -0.10155832419796451
6841365 -0.11083192142294673
6841795 -0.15074888841042056
6842217 -0.12412122702342243
6842659 -0.08542313659999357
6843099 -0.1417857939969307
6843524 -0.12493097455159696
6843968 -0.09968564744291186
6844415 -0.09927955066094685
6844850 -0.13859472493453384
6845274 -0.1284831737594856
6845722 -0.09781726911685062
6846170 -0.13043457639851685
6846596 -0.12632854073585464
6847030 -0.10050204613133107
6847478 -0.09123999993380227
6847915 -0.12325320826475905
6848334 -0.1537326963033423
6848777 -0.10457146795517547
6849220 -0.113921679827091
6849646 -0.13881866695724687
6850069 -0.10677025598584633
6850504 -0.09005461048618502
6850941 -0.11132763247085775
6851360 -0.14873384873056306
6851790 -0.10065551019168284
6852231 -0.09028562479045599
6852657 -0.1285257414302149
6853075 -0.12130771976294563
6853505 -0.07431670353599928
6853930 -0.14159621009830126
6854347 -0.1198630753915575
6854786 -0.10347584684188416
6855226 -0.1350118236654183
6855643 -0.1374630143916109
6856078 -0.09906136105879704
6856514 -0.11661614594206682
6856934 -0.14114960851965885
6857357 -0.10900005587654915
6857793 -0.10056987232154768
6858226 -0.1369866853461148
6858642 -0.14147263060220228
6859076 -0.10944056539141178
6859513 -0.10549684896301015
6859936 -0.15702798450883348
6860357 -0.109965159618295
6860798 -0.09206632726946307
6861234 -0.15178084862655805
6861654 -0.1345579721837904
6862093 -0.10653117151203462
6862535 -0.12799203364411915
6862958 -0.13919626904283067
6863389 -0.10676097950224817
6863833 -0.08561704736820297
6864265 -0.13469538810123483
6864683 -0.12866322172403744
6865126 -0.1058805117339141
6865569 -0.12572154434598326
