423302 -0.3480332410938516
423708 -0.3515478587691505
424118 -0.3783693678300253
424526 -0.3738850440673118
424933 -0.32436710416472914
425334 -0.4104287179598239
425735 -0.41698187845437407
426133 -0.33447796277334463
426535 -0.31930968701625856
426942 -0.3712527680019667
427346 -0.4231057216687605
427736 -0.382569348795235
428140 -0.3268484491499032
428543 -0.3413283027057781
428939 -0.2776709613183719
429336 -0.26118043835708105
429740 -0.27212122230002656
430151 -0.30384165348175585
430560 -0.28603520056303067
430966 -0.25712646758400415
431383 -0.267568449770867
431801 -0.28239342902033016
432221 -0.32282612513673514
432631 -0.27565713442564277
433054 -0.2839680476631442
433478 -0.30396934781701257
433905 -0.28767082948570544
434318 -0.2743382417554331
434745 -0.27463496079923444
435169 -0.30638106285336797
435592 -0.32804800974707315
436010 -0.3081495283649077
436424 -0.21928753130410117
436856 -0.2954190118831559
437282 -0.29967935124708645
437699 -0.28820947858395535
438129 -0.2938639222935513
438556 -0.3029285356130286
438968 -0.28631881326721553
439372 -0.20709487489743783
439871 -0.18902207423083728
440202 -0.152681441543967
440618 -0.18902006561124562
441030 -0.24203115506895273
441440 -0.23097327093936865
441874 -0.27597730409716936
442303 -0.31743568987568505
442729 -0.23999158887733252
443147 -0.2824359622807677
443554 -0.2769936611509556
443964 -0.2475498129724497
444393 -0.31984254188715083
444820 -0.22669529826831908
445246 -0.35734836019660887
445661 -0.22713300482348986
446073 -0.39835716788001907
446483 -0.3152143703391662
446898 -0.405398304888849
447322 -0.4090321416880047
447745 -0.3727375082794424
448174 -0.3201869749305337
448611 -0.22255997360334112
449045 -0.29815565085473394
449465 -0.26077227461325414
449891 -0.1928690825259144
450317 -0.36156853603942896
450737 -0.31171557364586944
451149 -0.5359772590509374
451568 -0.2615033286629477
451992 -0.1604225224580892
452410 -0.23743417691323043
452818 -0.27723694694151046
