4049513 -0.37161635822372474
4049953 -0.3564661658570852
4050387 -0.3441510325311936
4050837 -0.24670208563154883
4051270 -0.31729069437753976
4051724 -0.3198188786582078
4052189 -0.3000865981880405
4052629 -0.3177564615224505
4053070 -0.30418275690826513
4053530 -0.3160524040985623
4053994 -0.32984639717054676
4054435 -0.3169851267719479
4054897 -0.3105008168985156
4055351 -0.32326017394754547
4055809 -0.355238510776843
4056262 -0.3578372314554471
4056692 -0.367883861974593
4057143 -0.345975775536729
4057593 -0.37667896030212056
4058041 -0.370617126600833
4058479 -0.3465052124637751
4058907 -0.35918715241837174
4059348 -0.34676152763477464
4059781 -0.2982693299877298
4060203 -0.3214474582705509
4060651 -0.33254232321361954
4061099 -0.33814992918116316
4061554 -0.3345769248877104
4062003 -0.28801486609428695
4062443 -0.3419361275904701
4062903 -0.36328101477595665
4063361 -0.35021822489631316
4063810 -0.40095439410453415
4064246 -0.31384838509046153
4064689 -0.3733153275215271
4065142 -0.37477432070228545
4065595 -0.3650670130707099
4066053 -0.32801383658759486
4066488 -0.3526658903118228
4066936 -0.3526419733890872
4067391 -0.3546717589653071
4067850 -0.36611405732965074
4068307 -0.32195881499675905
4068740 -0.39449503165635325
4069193 -0.34277684151066545
4069642 -0.3416486920131765
4070076 -0.318430676728362
4070514 -0.32322538563083836
4070964 -0.3432442063200891
4071414 -0.3199715689565732
4071850 -0.2859652208422485
4072291 -0.3107954747320376
4072741 -0.32546621359620664
4073189 -0.32915572591369857
4073622 -0.31522127189295734
4074065 -0.3105977975798295
4074516 -0.33489265469727847
4074972 -0.34431170999486815
4075414 -0.3183385270733271
4075841 -0.3427250893339535
4076290 -0.330378449915396
4076740 -0.33850752062624856
4077186 -0.2989935040125412
4077615 -0.3014548010853967
4078060 -0.30522510871789377
4078511 -0.31946196772840085
4078958 -0.3024605552276163
