5667276 0.6286938805981822
5667744 0.6081509246951091
5668238 0.6831895105586581
5668725 0.6456259294684233
5669186 0.5815265198643761
5669686 0.6826334540144631
5670196 0.6789758157477492
5670666 0.6252246712149452
5671172 0.6573239402961695
5671651 0.5993167255317147
5672147 0.6747440963235096
5672653 0.688470019966526
5673144 0.6165718430558884
5673617 0.601561508893947
5674111 0.6682538555081812
5674616 0.6640181996574775
5675095 0.5783424257517351
5675582 0.6505358962377491
5676081 0.6662462020120817
5676564 0.6015022104368881
5677030 0.5931580905279144
5677516 0.6624655159369329
5678005 0.6607022113264295
5678466 0.5758069507850423
5678950 0.6530669393735549
5679448 0.6689848709792876
5679936 0.6214361759447489
5680403 0.5741528838113291
5680896 0.6645988495284401
5681392 0.6731805783427685
5681885 0.6167007015440558
5682355 0.579215412379446
5682856 0.6679783260537664
5683363 0.673409056007344
5683851 0.608648244771756
5684319 0.5543276713327828
5684813 0.6473375933309036
5685313 0.6652685798104425
5685791 0.588477556595721
5686263 0.5995972612119025
5686766 0.6634881274073569
5687268 0.6331819297170859
5687735 0.5547339586112967
5688224 0.635367352738027
5688734 0.6747891043890817
5689249 0.6311160208958293
5689741 0.5858856667689953
5690272 0.674905383028072
5690792 0.6276535368826047
5691271 0.5874522366300673
5691781 0.6776273318449327
5692291 0.6360145099486817
5692766 0.5709636509204568
5693270 0.6687126756295839
5693768 0.6779359632075512
5694247 0.588605262091965
5694715 0.5918438569941664
5695213 0.6685729562356573
5695716 0.6420149282334955
5696188 0.5681888531690171
5696681 0.645347818836406
