4468491 -0.34971489630939234
4468963 -0.3733510945443821
4469417 -0.3863389759301853
4469854 -0.36909951455821044
4470327 -0.30027433306431994
4470775 -0.09468273708962538
4471242 -0.4539452726024631
4471698 -0.32544389338049806
4472155 -0.3042948833181711
4472584 -0.29563425442241664
4473029 -0.38271273448886567
4473480 -0.3124392216861668
4473889 -0.4086771276739227
4474321 -0.433180380819372
4474744 -0.3747264808460785
4475174 -0.31356449151289434
4475614 -0.38359565142155366
4476051 -0.2287742820480677
4476464 -0.3046691962480892
4476882 -0.3874881621947091
4477316 -0.277320388739903
4477740 -0.3159004152774755
4478169 -0.39861843375993433
4478598 -0.2965541621536762
4479039 -0.35757659480739645
4479469 -0.3289793878795585
4479894 -0.3523746136303471
4480336 -0.3366016646343747
4480773 -0.398508155784986
4481202 -0.3555024997132871
4481646 -0.3713760180162227
4482074 -0.402513037840771
4482523 -0.3749319916993552
4482961 -0.341112964560246
4483408 -0.30883390857645754
4483861 -0.29236946650324
4484296 -0.2994012355565193
4484760 -0.29539599393532445
4485215 -0.3006503075855681
4485663 -0.29634324223364894
4486112 -0.3490683308906537
4486589 -0.33146447591633765
4487045 -0.3280201409389809
4487522 -0.29734334978937893
4487990 -0.31862339760917824
4488440 -0.3116967520015338
4488875 -0.3081797090505708
4489327 -0.30167057387926166
4489770 -0.2892619755431214
4490242 -0.2747912493788232
4490711 -0.29902883492528676
4491180 -0.3043367575452824
4491647 -0.33607811029809553
4492092 -0.340157853935444
4492530 -0.3264644137758983
4492971 -0.2322917261532853
4493430 -0.3219517992812444
4493883 -0.3981830868691487
4494325 -0.15312812008721688
4494784 -0.41632857933394396
4495244 -0.2895852769728406
4495679 -0.2943941022863697
4496120 -0.3266840913350685
4496571 -0.30180832395252816
4497001 -0.2710554378888586
4497436 -0.310783714446542
4497898 -0.31975955264688705
4498359 -0.29789313085937114
