4588807 1.4720985664944821
4589246 1.4480294954429402
4589671 1.2213472463447306
4590109 1.3765887159314838
4590546 1.4792641353101317
4590968 1.3302346614298097
4591398 1.381030662667032
4591817 1.2496012205200007
4592232 1.3472320343261428
4592660 1.3803132784417338
4593087 1.4118875817992733
4593499 1.2473303025004316
4593919 1.389855950364916
4594353 1.4704284253588904
4594779 1.307178478370353
4595201 1.3304710612664477
4595635 1.4318025803515364
4596069 1.42865307362626
4596490 1.2895828141742447
4596919 1.384924104970545
4597354 1.4106855418767568
4597798 1.4659850090941098
4598224 1.3514300144689262
4598663 1.4487503651123659
4599101 1.4248047637503969
4599526 1.3167325050355057
4599958 1.417578571716464
4600382 1.4240807836029916
4600799 1.408940844789462
4601213 1.4529444229068293
4601623 1.47161646241451
4602026 1.312899566127708
4602424 1.1965167345730294
4602832 1.3571194401153868
4603244 1.4173355776887817
4603659 1.4493623075083188
4604067 1.2760972325656956
4604483 1.4543999066086601
4604909 1.422137671531277
4605323 1.2941930305471203
4605738 1.3173920663317118
4606164 1.4136752520810707
4606592 1.4133622160859953
4607008 1.280357120796352
4607439 1.3936595567504888
4607870 1.4555467067060095
4608287 1.2836460263474843
4608715 1.3838259296910214
4609152 1.4299527972998867
4609586 1.4143597153139726
4610012 1.3433708871136312
4610452 1.449429552889325
4610894 1.462009740044408
4611319 1.3021187784590054
4611753 1.3940510454724473
4612193 1.4748240819233986
4612615 1.3165968693609782
4613041 1.375338763641791
4613468 1.4274366595296184
4613886 1.3068470859429544
4614310 1.4333797412077571
4614741 1.4890926828682698
4615170 1.44791470066974
4615590 1.323406375808962
4616022 1.4089258136654308
4616459 1.4251327289262818
4616887 1.3562753682788702
4617317 1.3808030709056693
4617759 1.4665617365268624
4618199 1.4540669669466997
