4738313 -0.3238066149776214
4738715 -0.4410302074772513
4739112 -0.34040368805195775
4739503 -0.29655465132936193
4739909 -0.32220226434696486
4740312 -0.3083267492009467
4740695 -0.3110418313739033
4741087 -0.48884363870840275
4741490 -0.16427067231420778
4741893 -0.3492428776034753
4742281 -0.4672720841165582
4742683 -0.3494879271792908
4743079 -0.2974633467434583
4743475 -0.36172398632037817
4743867 -0.4877605642275728
4744248 -0.44915832333759553
4744627 -0.31098192022969534
4745013 -0.2835406881129423
4745385 -0.32706922688575496
4745782 -0.17635043892612112
4746184 -0.23373139445992536
4746591 -0.2480522525031741
4746996 -0.4489172397510539
4747382 -0.3064439029917501
4747778 -0.3151289788564203
4748166 -0.5371897193971966
4748551 -0.35418146431722397
4748931 -0.35086495107619287
4749312 -0.3572496394809224
4749706 -0.2507703336286906
4750103 -0.3621260455584822
4750497 -0.40306391314364715
4750894 -0.24249339362062394
4751286 -0.10879092931908863
4751670 -0.49496081203461806
4752044 -0.3236292029458392
4752422 -0.2697834305067135
4752789 -0.2830381633375689
4753161 -0.3533872992481798
4753526 -0.2759795016076477
4753886 -0.25131723526548605
4754259 -0.4300750748172794
4754626 -0.3769410745882147
4755001 -0.37732732362337473
4755374 -0.45205376835488087
4755742 -0.2764803367125223
4756117 -0.2761464964168676
4756491 -0.29334722412250136
4756856 -0.36482178557435263
4757220 -0.3077670394636851
4757581 -0.27946187876890316
4757945 -0.23661962312070825
4758316 -0.2660830277601139
4758685 -0.2952629535531467
4759063 -0.3466615166604764
4759443 -0.13494945418918858
4759815 -0.33238896007174157
4760173 -0.4351136261929702
4760537 -0.37054072162325746
4760904 -0.36632848659016215
4761269 -0.42732461790847887
4761622 -0.461982625491203
4761973 -0.2034708069786416
4762318 -0.29081048145504895
4762673 -0.2708895811861426
4763035 -0.4387065773683641
4763393 -0.37124383603132094
4763744 -0.3668073334904517
4764158 -0.1631549467122776
4764463 -0.18733754817055503
4764818 -0.43587693546351414
4765177 -0.2179630395788934
4765543 -0.23646168204976226
4765915 -0.4125850804906712
4766283 -0.4350559875041038
4766654 -0.333015799529756
4767029 -0.344506997758842
4767391 -0.23450952720047746
4767763 -0.3009245608044886
4768126 -0.4302422209189303
