6746052 1.2066725094094648
6746546 1.2181784514958973
6747004 1.1074598945753085
6747472 1.195095180683671
6747965 1.2193496033161642
6748452 1.2004559612741228
6748906 1.1085720134905968
6749392 1.2101706670894181
6749878 1.2163255166439364
6750360 1.1699628849137187
6750806 1.0831611055880597
6751275 1.189871320191381
6751760 1.2156265043918784
6752247 1.2091146133194695
6752729 1.1827431811402391
6753173 1.0804055317127275
6753641 1.1840623499095706
6754115 1.202132046551754
6754593 1.2151360968909475
6755070 1.184077451514579
6755515 1.0933324715962187
6755958 1.1268687102615933
6756426 1.2008793864576077
6756893 1.212541681663048
6757358 1.1794617137525854
6757805 1.1259818759669014
6758230 1.033547502929332
6758682 1.1575844667113522
6759144 1.215497333375182
6759614 1.1947252683784586
6760045 1.1235272481689065
6760510 1.305549728422521
6760961 1.2321360507739623
6761389 1.1351401127524716
6761846 1.244082621142474
6762309 1.269077152262372
6762742 1.1789913078321574
6763179 1.0479520397716175
6763588 0.92145346610993
6764019 1.0948695969511069
6764457 1.1577561346000351
6764894 1.1279692268535817
6765307 1.0572832863714767
6765746 1.147227712781489
6766163 1.1470021247650397
6766580 1.131071477976106
6767016 1.1738377344074307
6767431 1.0376480941061617
6767882 1.1444919494440446
6768342 1.1728628201205846
6768814 1.1925786945589532
6769262 1.0804302267531316
6769708 1.087708310801653
6770177 1.1709500068261016
6770644 1.1116272867924082
6771085 1.0550098013765044
6771549 1.1186444992496876
6772027 1.2829631323708348
6772492 1.1668873401371858
6772924 1.0912275579938344
6773386 1.2956997469821778
6773851 1.2455115185362648
6774284 1.1282876756412044
6774751 1.2295914008638649
6775213 1.2827970941229294
6775651 1.1491933033200137
