5937386 1.089628317904944
5937849 1.1818744320100172
5938317 1.1846375929998407
5938759 1.0896517212396202
5939222 1.173760922996595
5939696 1.1677494412555613
5940144 1.0980093376332076
5940583 1.1208805328797022
5941034 1.179139734529522
5941471 1.0897486160705776
5941905 1.1294406694058257
5942365 1.2121853297485945
5942826 1.1696960005050712
5943262 1.0929990543775556
5943719 1.1823443262068367
5944186 1.180503589393569
5944626 1.0872637566238499
5945086 1.175398742534003
5945561 1.2387111389555738
5946004 1.1096534150235255
5946445 1.1167587474335225
5946908 1.2003710506019636
5947380 1.1602475088099062
5947817 1.0903294697910844
5948282 1.181432550753079
5948760 1.207818205006141
5949202 1.1009431304073576
5949659 1.1890207964011192
5950132 1.2640116764022296
5950570 1.1248364411646623
5951014 1.1774329851570675
5951476 1.2252113515302572
5951921 1.1621301403455933
5952364 1.1259496244655498
5952824 1.2233065717366969
5953286 1.1945504799778734
5953723 1.120173807748301
5954171 1.2228137733919358
5954641 1.2322553215436938
5955078 1.1265292575908776
5955525 1.2153135125721306
5955984 1.258595135444986
5956415 1.1404537871244187
5956866 1.1928492222030784
5957324 1.2304189609384628
5957769 1.1620218353945555
5958213 1.1267536591014289
5958674 1.2147763614481564
5959144 1.2396494879170046
5959589 1.1360613455876323
5960032 1.1311503070147793
5960496 1.2193933657315263
5960954 1.1910344460590419
5961390 1.0375284867036498
5961843 1.1281415690657493
5962303 1.166333721888761
5962740 1.075507872025586
5963194 1.0950622494114195
5963661 1.1483725839368577
5964131 1.125555254602967
5964581 1.0746932336374195
5965041 1.1277455739444173
5965524 1.1816149492558594
5965998 1.127663039957561
5966451 1.0715549117904188
5966929 1.1549281788304713
