1891659 -0.161965800838611
1892108 -0.16686279892344313
1892549 -0.13865313802890994
1893027 -0.13270300455142414
1893503 -0.15402435101163303
1893943 -0.15086215310062984
1894412 -0.12402121991844095
1894903 -0.12437726799474286
1895353 -0.1694542725597667
1895793 -0.13714830797275934
1896281 -0.1105493287493377
1896754 -0.15182804717748466
1897197 -0.17011835263530373
1897669 -0.12009354409869066
1898157 -0.12641544505017188
1898604 -0.14967831333399345
1899045 -0.1594897022897636
1899532 -0.12491740391450701
1900011 -0.15400765210693534
1900454 -0.14598143442568812
1900919 -0.1547515512858491
1901406 -0.16558074162109943
1901865 -0.15046013916082923
1902306 -0.12791434942053564
1902784 -0.12581758641454044
1903268 -0.16951675536005817
1903710 -0.1464402229056293
1904187 -0.12375655495088533
1904681 -0.14854820531350954
1905126 -0.14283463775969907
1905583 -0.1525967375116326
1906063 -0.12546550831333064
1906529 -0.17397158375037897
1906973 -0.1358044038131076
1907450 -0.1294448476841495
1907941 -0.18172181680227684
1908386 -0.15600375035991554
1908836 -0.13152494582129087
1909326 -0.14160014892673073
1909808 -0.15214335812684476
1910260 -0.14205048208777432
1910733 -0.12463322749926992
1911232 -0.14856329818182062
1911693 -0.17861877856520286
1912143 -0.16319042298465292
1912630 -0.13940815602387885
1913110 -0.15513364176995292
1913563 -0.15156042888068905
1914051 -0.14671588733701668
1914558 -0.1559035454407247
1915010 -0.13912535787567715
1915477 -0.12595702528615327
1915972 -0.1425700901019767
1916432 -0.17016796832974562
1916882 -0.13641082816774036
1917357 -0.14699359633110132
1917850 -0.14239138869663537
1918299 -0.15028646407584523
1918747 -0.13482867761578987
1919233 -0.14074372662741969
1919691 -0.1531606586144248
1920137 -0.13937793646153707
1920614 -0.1339743185409797
1921105 -0.18337061532651588
