692841 -0.040447992409195166
693275 -0.08607268179189931
693728 -0.06848261847614279
694149 -0.09367276481200687
694586 -0.04904951052096662
695031 -0.06870272005946942
695511 -0.06414418120301424
695996 -0.03869879336504978
696466 -0.05948451305652147
696957 -0.027312442578656115
697448 -0.042032338635076716
697936 -0.05377681279140034
698435 -0.05506892288239418
698926 -0.046559183985628305
699424 -0.06102655423008019
699892 -0.1255915537990443
700373 -0.07458945479536377
700858 -0.06039832381426019
701347 -0.058861525443395735
701820 -0.03686394138649557
702304 -0.04198704582873136
702776 -0.09235165905466353
703245 -0.0608057164288901
703724 -0.05713316089497067
704207 -0.05321775707287324
704694 -0.06778266666660104
705178 -0.0592403041486631
705662 -0.06325226215859392
706151 -0.06251103479847475
706644 -0.06626697696698325
707129 -0.0674229337502355
707617 -0.07041350593903006
708108 -0.06810424051600455
708595 -0.0872169974779603
709062 -0.10579300199567226
709524 -0.09270694005450247
709983 -0.09798998596829978
710458 -0.05441356530935132
710903 -0.06962209062202734
711362 -0.042598270139036054
711829 -0.07545751394215422
712382 -0.06812167504357869
712756 -0.07160776396401436
713272 -0.06670472668069843
713681 -0.0882750789750179
714126 -0.08266288093942803
714583 -0.07358205826361791
715041 -0.06444819064760843
715518 -0.05095711429836636
715981 -0.061193509175699656
716434 -0.052282255875562234
716899 -0.04667554281378372
717362 -0.07223012547210073
717824 -0.04294160057960694
718316 -0.04351475217621459
718802 -0.050234655911286674
719261 -0.11686037962891316
719743 -0.07122782969336516
720219 -0.05228585695438104
720702 -0.08087340931491904
721187 -0.03815371267765877
721643 -0.09981728027110731
722098 -0.07430101018084667
722558 -0.056291431635458355
