5218447 1.3072236284884544
5218832 1.281021775765211
5219233 1.496179266313288
5219628 1.642883828570731
5220016 1.368968981429916
5220404 1.5974125482879362
5220790 1.3344925850033023
5221175 1.46971793525185
5221555 1.6529217706043546
5221946 1.6854455257675733
5222345 1.4235758849901734
5222740 1.424515275869201
5223136 1.5357451600727794
5223528 1.4533766253516336
5223923 1.5342158523003975
5224322 1.6651276797479526
5224716 1.4217716000714102
5225107 1.6310711045860715
5225497 1.6221485424303972
5225876 1.3745402332093766
5226266 1.4100979262273041
5226645 1.5278303238177162
5227024 1.379162046614452
5227407 1.5106514032420157
5227799 1.6902940666744097
5228185 1.460198311689761
5228570 1.404000910712195
5228955 1.6516462279331938
5229338 1.300664876111878
5229723 1.548761597810354
5230116 1.4107339621684685
5230494 1.5165043835615442
5230890 1.4778308033233023
5231272 1.4746752356490425
5231652 1.2121003296526165
5232039 1.5791783260447674
5232426 1.6697948989119746
5232807 1.6395740968757706
5233193 1.6070322397334718
5233576 1.1794148968092897
5233954 1.374800887819506
5234347 1.4955350908245697
5234481 0.23983290371949517
5234737 1.4349520832603324
5235117 1.4679885419764735
5235506 1.4389975912708566
5235897 1.3226790420118024
5236282 1.2500347029852044
5236664 1.3889297333273198
5237053 1.4159950769904568
5237439 1.2612159456309304
5237833 1.5563975957536298
5238231 1.6310505892017177
5238624 1.450226335695235
5239022 1.6667692380198482
5239427 1.5698722392004498
5239814 1.167760281692935
5240212 1.2012918727226178
5240600 1.28205430885971
5240978 1.2188362429898416
5241356 1.5338123111631008
5241742 1.4106617730066273
5242119 1.4192768030078073
5242511 1.3875345193653934
5242894 1.3619359684337597
5243280 1.182016711477337
5243659 1.4423692549882774
5244051 1.3077258306867483
5244431 1.1846822261279102
5244823 1.3112705704924539
5245219 1.395028369247527
5245608 1.1790703715570758
5246000 1.4578565278653663
5246396 1.5224194130220412
5246782 1.259616114613642
5247173 1.4338815346322948
5247551 1.1597439194980304
5247934 1.382728452790988
