7075835 -0.1716397202086717
7076233 -0.19379482619141752
7076628 -0.1913381946874062
7077015 -0.17878886077227074
7077400 -0.1706726917275201
7077790 -0.19835226490237023
7078177 -0.15413637766158472
7078553 -0.19587543764411186
7078930 -0.17268433293569763
7079309 -0.18327267254601065
7079686 -0.16904348586222817
7080057 -0.1763185968823131
7080430 -0.17793294314099029
7080816 -0.17146464818267237
7081203 -0.11791364092373335
7081604 -0.15536749163337948
7082002 -0.12695035548387523
7082389 -0.12898104133158472
7082784 -0.15307880619636016
7083183 -0.11580034702693787
7083568 -0.1518365965581765
7083961 -0.36436383183668686
7084356 -0.24095601991455495
7084741 -0.12216957312840271
7085131 -0.12216260642100663
7085524 -0.11989088910780443
7085914 -0.10070747131794378
7086302 -0.10289447081563441
7086694 -0.11694328256784581
7087090 -0.10583040526961984
7087476 -0.11707388596097901
7087860 -0.11241702166671874
7088252 -0.10384647287315019
7088649 -0.12726020809430616
7089041 -0.1137111451306041
7089426 -0.09963403017377293
7089814 -0.0955989736091945
7090206 -0.12211976100780603
7090596 -0.12405914200851142
7090985 -0.13113544468724303
7091375 -0.15603187446537958
7091762 -0.13590434141563146
7092146 -0.09942918171226267
7092533 -0.11969474058377627
7092922 -0.08294722877004512
7093340 -0.10777897121803659
7093764 -0.11128780700794783
7094183 -0.14029963250334332
7094614 -0.10585298322224068
7095038 -0.10129664237399394
7095448 -0.09374713458099104
7095864 -0.11244967166541808
7096279 -0.11750450902617227
7096682 -0.11522801824904205
7097075 -0.1276288579677699
7097472 -0.2942807447684536
7097863 -0.2404467491940655
7098245 -0.22633804300506222
7098636 -0.2015356160115097
7099034 -0.19878785483835637
7099420 -0.20000066509271608
7099822 -0.16090681784567962
7100239 -0.19027011301306862
7100639 -0.23277791009288462
7101031 -0.20853704591687428
7101432 -0.1929139103395573
7101831 -0.1857996317435825
7102223 -0.2011924588017101
7102612 -0.21108030015919632
7103000 -0.18218243251261124
7103383 -0.18685173855739756
7103765 -0.20789067433036224
7104145 -0.21465359416667096
7104523 -0.1773834055669672
7104893 -0.20736459986154288
7105276 -0.21871150544330575
