1532075 -0.10053972993220683
1532513 -0.09729916763032537
1532959 -0.0874965560964095
1533396 -0.11413455361571412
1533815 -0.09292419972764798
1534253 -0.10199345450112174
1534698 -0.08814757029950482
1535120 -0.11444590358700724
1535547 -0.09509769492971365
1535983 -0.09436324252369882
1536424 -0.09619664505795622
1536845 -0.11504131003608975
1537273 -0.09676781106142801
1537707 -0.09802096582668246
1538141 -0.0928753601940926
1538561 -0.09647188883739505
1538983 -0.11258911001415112
1539415 -0.09472064669011632
1539837 -0.09683766188636567
1540255 -0.10015436987382847
1540675 -0.10239794832912069
1541107 -0.07970066655044922
1541531 -0.09602667346368321
1541946 -0.09234910729354945
1542370 -0.08070156590137972
1542800 -0.09366435943429141
1543212 -0.09467463430907969
1543628 -0.10129370557487505
1544057 -0.08125378190229182
1544494 -0.09175435417431688
1544914 -0.09599510096333103
1545334 -0.10036072643016164
1545766 -0.08690615174424637
1546193 -0.11109473823764454
1546608 -0.08956744594659755
1547031 -0.09709239406469139
1547467 -0.08471903374592166
1547897 -0.09890841195412059
1548311 -0.1116854548276166
1548725 -0.09058613832404278
1549154 -0.08605326482492043
1549574 -0.09941481386614387
1549996 -0.09354747155940435
1550413 -0.08737675856881633
1550848 -0.0946606062919157
1551281 -0.10157016974229793
1551698 -0.10205968368329482
1552114 -0.09557013136854409
1552544 -0.0907230336785197
1552974 -0.10724966588839085
1553392 -0.08704248888493138
1553811 -0.08432502942179859
1554238 -0.0835392836769624
1554651 -0.0830505092342162
1555063 -0.09699147434763927
1555491 -0.09087389319498212
1555931 -0.08841370984832897
1556351 -0.09726677014859764
1556772 -0.08945833186211127
1557210 -0.08601625574527066
1557647 -0.10478486457328817
1558066 -0.09438204364099212
1558493 -0.08934321650466748
1558938 -0.08022056505255215
1559378 -0.0901223012984238
1559802 -0.09378404763355608
1560228 -0.09470449356621635
1560675 -0.0772521942403287
1561109 -0.09698518241726706
1561532 -0.09643282588975227
