1022845 -0.20530559211056637
1023352 -0.19273549688447933
1023823 -0.16679759406278688
1024315 -0.19666471706436234
1024822 -0.2109841740053
1025295 -0.18290337440024662
1025757 -0.18201260454646784
1026243 -0.1979038981503733
1026710 -0.1659826913915925
1027181 -0.17721295583004887
1027671 -0.19681462126313604
1028142 -0.17019260617258414
1028601 -0.18036850413509642
1029088 -0.2037630823473397
1029569 -0.1682544536181093
1030032 -0.15752835723665282
1030511 -0.1841566467984288
1030980 -0.1785610592773062
1031443 -0.17594966528944
1031924 -0.17926938076951837
1032390 -0.17563966563292244
1032852 -0.1761498066105543
1033337 -0.19523831647132334
1033810 -0.18614469236207154
1034271 -0.16621405197070993
1034758 -0.19073104351867276
1035233 -0.1718909196336248
1035698 -0.18679659393882486
1036196 -0.1928589106355283
1036678 -0.17486344705065138
1037152 -0.1658346589345714
1037647 -0.19856541164781322
1038134 -0.18140540923985754
1038598 -0.17293469659877325
1039087 -0.19366408794321155
1039581 -0.17915757591553755
1040047 -0.17398840343154953
1040525 -0.18439184959160804
1041011 -0.191487489282397
1041478 -0.15827028442477298
1041966 -0.17938402089938954
1042448 -0.15979156587320598
1042914 -0.1494367453756894
1043394 -0.19287302954839514
1043879 -0.1672857879414883
1044354 -0.14484344792649584
1044855 -0.18480028101998236
1045353 -0.17372699465869873
1045821 -0.12132134003349354
1046311 -0.17677251743626127
1046786 -0.15807312772502752
1047249 -0.14202101205147571
1047711 -0.25873194260303906
1048159 -0.25024063904423577
1048586 -0.11100295646434777
1049011 -0.09851878234195999
1049441 -0.2866294495550691
1049863 -0.3383814107854659
1050279 -0.26876283247202437
1050686 -0.13926817289771137
1051103 -0.35069609337951085
1051619 -0.012959545658652621
1051983 -1.3833774927766207
1052310 -0.26563862240960523
