2341028 1.414933628985896
2341427 1.1600759797537548
2341839 1.4838770081473727
2342257 1.3442414817610095
2342673 1.6152262173352767
2343071 1.238666576293662
2343481 1.431222868974128
2343890 1.4729110902646074
2344300 1.291291947955188
2344701 1.3982719288261407
2345109 1.4338200387420599
2345514 1.3956469176366544
2345914 1.388322498139127
2346316 1.3742538792678982
2346720 1.2606193423822727
2347125 1.2445923414841442
2347553 1.4277659553482176
2347983 1.4319903481311407
2348402 1.3410117751026056
2348807 1.1908563706545918
2349232 1.4224480413553118
2349651 1.4198610318450524
2350061 1.247630990978815
2350463 1.1770363430296769
2350882 1.5048932043879648
2351302 1.466554149008216
2351715 1.4271546142393936
2352118 1.2754915831346778
2352515 1.1816950960152885
2352929 1.3704753917117296
2353349 1.3967820806133704
2353773 1.410425440127406
2354183 1.2507189637242913
2354586 1.177293660419348
2355010 1.3898055072435544
2355438 1.400331102138851
2355866 1.3918154537074283
2356280 1.246636935892342
2356688 1.1972020015910927
2357121 1.3983210640783377
2357549 1.4052127735889495
2357980 1.3933643952042956
2358400 1.375254274947212
2358830 1.4241731474489077
2359256 1.4347561540183584
2359663 1.1566826355468334
2360079 1.34068970365132
2360501 1.3606728081753015
2360904 1.240666618280819
2361316 1.2954327261836744
2361733 1.3489051033056638
2362139 1.1242832556199889
2362549 1.2088855756523493
2362975 1.2751781583832456
2363397 1.254211492994695
2363825 1.3531793463390838
2364244 1.240962915356292
2364648 1.018483741882248
2365064 1.1881079525640375
2365476 1.2490838252261134
2365890 1.2962601723412688
2366299 1.2068430348051253
2366697 1.0841361425743548
2367115 1.2490564358593685
2367540 1.2624350859965092
2367959 1.2864434410637815
2368375 1.2200043410707764
2368781 1.0845721084913682
2369201 1.2459270059626253
2369628 1.312225338504255
2370059 1.2993663570612524
2370468 1.1200228621907138
2370892 1.275588903125385
