4858707 -0.4742067227142748
4859136 -0.29831947475032483
4859557 -0.4648967185197219
4859992 -0.2425275913033161
4860412 -0.22353462395817622
4860825 -0.35358323416834536
4861245 -0.3261788139189319
4861643 -0.4090462826195662
4862057 -0.3569578136719074
4862466 -0.4303097925246414
4862871 -0.20075912216577774
4863287 -0.4197153844071828
4863696 -0.3641968564158852
4864110 -0.6376177459261047
4864529 -0.3970510629222849
4864939 -0.45468989734555376
4865371 -0.38266053174821013
4865789 -0.2292069693728359
4866199 -0.34913458102531536
4866616 -0.42857176313153145
4867022 -0.3662764371415683
4867438 -0.29668153642657646
4867863 -0.29467118425291083
4868268 -0.3060332312565177
4868688 -0.33330470902718445
4869100 -0.17273013830433248
4869502 -0.31078231876889967
4869913 -0.5194704124048493
4870309 -0.409041550906512
4870698 -0.31504687293151823
4871066 -0.2828559443960686
4871458 -0.05263998019116567
4871860 -0.37247518336446994
4872263 -0.3211711525481433
4872670 -0.4350442027757515
4873081 -0.2611275707970574
4873505 -0.26802769270523036
4873900 -0.3238203822546117
4874323 -0.2480583176802171
4874744 -0.25768606936199123
4875170 -0.29392211907728616
4875588 -0.3858242048419673
4876006 -0.4086548233532735
4876415 -0.40294924742596755
4876838 -0.39244495685219427
4877261 -0.3400815217797606
4877676 -0.3975489288239359
4878093 -0.34503838727196334
4878522 -0.30903394387353766
4878939 -0.3490644408987149
4879361 -0.3525530516980394
4879784 -0.37945290810068677
4880200 -0.3557547157633637
4880627 -0.3793136363337246
4881047 -0.3957240024319739
4881471 -0.3705480967321012
4881883 -0.4110229419454311
4882309 -0.3619948586852402
4882726 -0.31948133987519933
4883143 -0.3972953131009216
4883556 -0.40535606301526117
4883956 -0.4080826643650852
4884364 -0.28908884545842667
4884770 -0.41045966326021543
4885165 -0.34860447254739835
4885571 -0.36741301252115344
4885969 -0.3328975812859327
4886373 -0.4225209816529468
4886775 -0.4478044025240955
4887168 -0.24784984544873923
4887568 -0.26820675693872814
4887971 -0.17857769973391185
4888364 -0.3883460546784637
