183427 1.4588831978365224
183773 1.6167179447768163
184118 1.562073664071756
184461 1.2979376801913567
184804 1.3247528214575572
185145 1.3161734868971626
185487 1.3039055636432315
185825 1.2489131847012023
186172 1.314703837317844
186520 1.3347597018286614
186868 1.3966490522223072
187210 1.1470870104800084
187554 1.3053733061109063
187901 1.2766552143414667
188246 1.139175532440711
188597 1.2170530623573934
188947 1.1232916988118349
189299 1.1790704712645996
189649 1.30448131069859
189995 1.1886823382025304
190339 1.1019642856710505
190694 1.3915052002815105
191047 1.4586749821820801
191392 1.1584481240749034
191746 1.122308059093773
192101 1.1842257649454588
192455 1.1495700308098855
192810 1.1208024618477852
193164 1.3094015372273708
193513 1.2206259223706895
193855 1.1336617697108307
194198 1.0628051789806072
194545 1.2609561787003538
194886 1.1552279000329715
195223 1.4430440329008076
195568 1.4429110385327688
195917 1.363947985611417
196268 1.4909599115472085
196620 1.618770811544485
196968 1.245869875613163
197322 1.3288309351326855
197681 1.4316732004232553
198041 1.5249974850637655
198400 1.4110870718681323
198757 1.2315543251285477
199101 1.086959863547345
199459 1.4176017082546606
199816 1.4148355529321606
200158 1.2064733254166065
200505 1.2203076308238612
200859 1.519453482132798
201217 1.7150318401544353
201572 1.354344435170681
201936 1.1791567430720962
202309 1.324343111462884
202667 1.190571825591191
203041 1.292807597666871
203405 1.1624155932897975
203781 1.248835212898975
204160 1.4114412887211627
204535 1.1633472398714642
204906 1.1744381483881434
205294 1.351966031733475
205677 1.2561317040459028
206050 1.127409523661361
206436 1.3114054605988121
206811 1.2837446172213465
207193 1.2366907039088435
207573 1.1401831473381692
207952 1.252821024636639
208331 1.3269943144135827
208710 1.2758669944179801
209074 1.0499614595915159
209449 1.2053294395852228
209822 1.2266216407219384
210194 1.215464989445322
210563 1.2223247850102492
210925 1.1235529310593497
211288 1.0860902181457315
211661 1.3654003462645967
212032 1.405785956054591
212392 1.170208075171801
212761 1.255433735961485
213131 1.2457493652641056
