6206983 -0.11163549835118519
6207380 -0.08216477260555374
6207794 -0.002427475330357226
6208223 -0.11193241253700359
6208583 -0.11094568478145084
6209070 -0.10249352169398773
6209322 -0.029076846505671772
6209781 -0.17605448361328258
6210183 -0.06178667097901214
6210452 -0.15313356048516258
6210824 -0.12768053920056066
6211202 -0.0718813819730616
6211570 -0.07556245095466552
6211918 -0.1321224726740664
6212267 -0.2158119320356906
6212628 -0.15861685483294968
6213006 -0.15042250062102486
6213390 -0.13977006010366821
6213779 -0.13048551278628673
6214167 -0.12183021721043258
6214546 -0.0981423100937544
6214948 -0.12055883832159431
6215350 -0.1355766662568617
6215754 -0.11708772489974095
6216161 -0.1211303345927105
6216566 -0.11553690161477981
6216966 -0.10713239561722021
6217370 -0.10888214067175617
6217762 -0.0968105177991927
6218159 -0.1057160870803816
6218561 -0.10927661297970492
6218965 -0.10253816103662772
6219368 -0.10050675765665051
6219780 -0.0859526356058497
6220164 -0.12515971039683516
6220563 -0.10730228395448238
6220960 -0.1054229914773177
6221360 -0.09107545276109957
6221741 -0.11067825149616123
6222137 -0.10222428229557845
6222530 -0.09862576202861562
6222920 -0.09720145828790377
6223300 -0.10888674925022074
6223688 -0.10719374450280894
6224088 -0.045329472444450236
6224490 -0.07427168649580757
6224889 -0.10183166221681506
6225279 -0.09503908194310284
6225651 -0.08530347674599031
6226037 -0.0953685990980695
6226434 -0.09213405164409838
6226793 -0.17399616341705793
6227156 -0.5631013798161542
6227524 -0.19151361563769287
6227881 -0.21240548193027742
6228250 -0.2552601768430527
6228622 -0.2147435071916698
6228987 -0.24166072616144474
6229367 -0.2698014619278059
6229743 -0.23293845928221052
6230109 -0.16626282304820145
6230482 -0.19619731998634482
6230856 -0.18439632197112338
6231227 -0.27082307668160605
6231595 -0.22689573101389549
6231959 -0.25309850921225674
6232323 -0.2580845031441421
6232684 -0.1900883490232792
6233037 -0.20192539304048118
6233401 -0.2240997906926664
6233765 -0.17758723720945369
6234125 -0.21788438642700858
6234494 -0.22227415151377605
6234866 -0.20975298091217887
6235243 -0.21819677956509487
6235619 -0.21214349409611843
6235991 -0.20196557822821404
6236365 -0.18883343394445373
