6416550 1.4087151338357329
6416918 1.3207702841359044
6417278 1.2006488384266574
6417640 1.2871430003121715
6418006 1.3416525152544243
6418370 1.3351835872875806
6418737 1.2995521756393222
6419108 1.3095060129454335
6419475 1.382552727043132
6419841 1.4265434451669763
6420205 1.4408479183666993
6420570 1.4594944694211995
6420938 1.2231303850266237
6421307 1.470603251974142
6421675 1.466489621050683
6422038 1.3807679207304469
6422406 1.6332772183663211
6422777 1.5413153980098686
6423142 1.445752818068664
6423513 1.5766654599390544
6423872 1.3674565799438225
6424238 1.4066511903916163
6424621 1.4255223420016914
6425003 1.4493784895876238
6425393 1.5858288090426222
6425778 1.4066908906979627
6426155 1.2609019903766692
6426549 1.4912898670826944
6426950 1.4576118425635962
6427347 1.2985039687943503
6427755 1.407750014236637
6428166 1.2804550518752724
6428602 1.4733123950677052
6428910 1.1420230783356895
6429431 1.2767938699814303
6429852 1.5253776011848963
6430263 1.3374118340899124
6430664 1.2971683805982837
6431079 1.3759736627161991
6431520 1.304198223833935
6431949 0.9958693175268554
6432407 1.2797528080987823
6432870 1.3875697502568765
6433357 1.4900615368180425
6433858 1.5988716031725931
6434339 1.6264058439030165
6434765 1.4906763233809068
6435200 1.41784960930983
6435640 1.5656943128956158
6436066 1.5405262866902598
6436469 1.2734277861491572
6436854 1.2155518895363402
6437241 1.2966218820138211
6437626 1.3572130027068754
6438005 1.112678683404587
6438381 1.1568094822298625
6438777 1.3600730131761916
6439164 1.3356302701535476
6439554 1.3459035352720892
6439940 1.2385945084443009
6440325 1.2862545018148055
6440710 1.2341533323503147
6441109 1.358882845755716
6441512 1.3934439973897383
6441915 1.4039652077037776
6442315 1.3875244888653724
6442712 1.3859601438184608
6443107 1.4606916893908168
6443498 1.2033081233381604
6443872 1.1046626161721098
6444248 1.1684518783180586
6444627 1.265530745641986
6445007 1.336516802929526
6445392 1.363376335132477
6445782 1.3838978053633342
6446171 1.2751303440169723
