6626287 1.1138825726101063
6626689 1.1347173792812244
6627089 1.1998109119012692
6627493 1.2401923981683147
6627888 1.1650318690060735
6628294 1.2369955334810312
6628698 1.2858951984694162
6629102 1.3130598488573464
6629504 1.2183822983080792
6629911 1.2747997906898383
6630321 1.3067451069658143
6630732 1.2887925592305636
6631134 1.0728325502047742
6631538 1.111730230260145
6631938 1.2158854374648498
6632336 1.241522027187215
6632724 1.199721144367384
6633119 1.1772093910537254
6633513 1.2076193320692044
6633906 1.2662301991121288
6634297 1.2874147844824553
6634680 1.1565489427960418
6635068 1.2242026138591398
6635463 1.326364820868379
6635854 1.149083914778987
6636247 1.2300714171775757
6636640 1.1218577745885716
6637034 1.1949781637951413
6637433 1.2529288946774297
6637826 1.2303450182327684
6638229 1.2817969068488009
6638630 1.3147683196982993
6639025 1.2043080046148429
6639416 1.1715768534164015
6639813 1.2736332926074874
6640211 1.3319886406447152
6640605 1.2342197239273214
6641011 1.3197128152645383
6641415 1.167573304482851
6641821 1.1212815237553333
6642233 1.1707757274397124
6642643 1.0777027583413021
6643045 1.0794232431030384
6643443 0.9566612150029141
6643842 1.0276333548858017
6644247 1.1104593588891418
6644646 1.067602209261028
6645027 1.0618403685246942
6645415 0.9538927874885466
6645814 1.0070650729741524
6646213 0.9686057204381008
6646612 1.0162383262585173
6647009 1.0437234878314106
6647404 1.0086922038060373
6647795 0.8884243174155928
6648191 0.9125920738181351
6648580 0.9707520810621921
6648976 1.0530639718008425
6649372 1.1002038978743653
6649774 1.115404587347427
6650169 0.9441909747979659
6650574 0.9584616180036565
6650983 1.0109466275568901
6651388 1.0218425070909103
6651794 1.0211968403890135
6652201 1.0324488938929044
6652595 0.950940020483189
6653000 0.9328539220377389
6653402 0.9701050725721705
6653794 0.9519429315087804
6654206 1.0580378462005524
6654613 1.077221689149789
6655021 1.0955884499113162
6655426 1.1348175017449933
6655833 1.158331860709259
