1951363 1.2647860740996584
1951765 1.2840170403406885
1952153 1.0347218981416564
1952551 1.2120588208925036
1952954 1.2975716855595578
1953340 0.9230448917958862
1953729 1.119907268221318
1954128 1.2144196506848957
1954530 1.2183793043474744
1954913 1.0225204543712538
1955310 1.132532045647388
1955707 1.2351553962122612
1956089 0.9926669285556933
1956483 1.1772099617362353
1956878 1.3541637671658364
1957261 0.9625053467710376
1957646 1.11770064515472
1958039 1.2393326151272575
1958434 1.1102808768612897
1958815 1.0452515494728887
1959210 1.242857423556776
1959605 1.2996152165752597
1959984 1.0494367469751718
1960369 1.132232494791356
1960759 1.3339610347248023
1961139 0.980108402956884
1961519 1.064917346494951
1961907 1.2449839308699526
1962303 1.1758341034914483
1962684 1.0479293334484012
1963077 1.249928097378672
1963472 1.2046588700461172
1963851 0.960027808662439
1964246 1.2088591365283234
1964639 1.3565091666283142
1965019 0.9956116700816924
1965402 1.1457936034495924
1965791 1.328915943135463
1966175 1.165627403627593
1966555 1.1198241248554268
1966946 1.2912231101411198
1967338 1.2552602840245393
1967719 0.965347629998324
1968117 1.1043533727075001
1968514 1.299805353641239
1968897 0.9788880346374187
1969292 1.2033541231224072
1969690 1.282659528249054
1970077 1.0448712177245885
1970460 0.8321219235706794
1970863 1.177493290777676
1971262 1.2792590204640764
1971653 0.9213192830320838
1972029 1.0487900949695828
1972420 1.3020167649774166
1972812 1.263378892168726
1973189 0.9184310269084262
1973573 1.2321875546023988
1973960 1.261429236982154
1974338 0.9853869821514017
1974715 1.0610373616293345
1975103 1.228497617222089
1975489 1.2808441554163619
1975865 0.9880199636530205
1976255 1.229750149236818
1976649 1.2566542572649104
1977031 0.9095682659875245
1977415 1.0717709841622511
1977810 1.2503472425733664
1978198 1.166407670079622
1978579 0.9979699692323882
1978980 1.2336435490730209
1979377 1.3644381479423413
1979759 0.9778930241695654
1980140 0.9743273941210067
1980536 1.2445562643676418
1980928 1.1648407502074343
