6716270 -0.2991526551230502
6716636 -0.1337881160107296
6716999 -0.16597314159501853
6717362 -0.24907278689844237
6717722 -0.19870241822902934
6718084 -0.1966654310487338
6718439 -0.36031009716777673
6718793 -0.27763902508619964
6719144 -0.23065190664253732
6719501 -0.17322194953323145
6719858 -0.13075591031314837
6720217 -0.13940848924612725
6720592 -0.23335714291849508
6720959 -0.12577584107270823
6721318 -0.13203424006892417
6721687 -0.05599854429407003
6722050 -0.21692668915968727
6722411 -0.2673875689304721
6722773 -0.22458866781637477
6723134 -0.28403842574474747
6723485 -0.24601118603959926
6723835 -0.3106402621458506
6724190 -0.2846668233297822
6724546 -0.2900473223794552
6724894 -0.20494122649679702
6725248 -0.28551451193468647
6725605 -0.18416596852645306
6725953 -0.18783768731816997
6726308 -0.2562595750399279
6726658 -0.28819857279327854
6727004 -0.4273224274169827
6727353 -0.3803554987066542
6727707 -0.22909936965154143
6728056 -0.14686955275529412
6728413 -0.12669584732486983
6728776 -0.16253726207424568
6729136 -0.15123945773667324
6729503 -0.13127643268669242
6729879 -0.12253105394585495
6730259 -0.1202913025450012
6730644 -0.132148734051992
6731017 -0.15258478897201866
6731398 -0.1287450446169388
6731781 -0.11590052186146205
6732169 -0.11629805670788507
6732549 -0.14177200910578025
6732934 -0.12511036172533863
6733323 -0.10642787583918811
6733715 -0.1275148684807742
6734106 -0.12715499822159415
6734487 -0.15631224223667795
6734870 -0.1258113012324107
6735256 -0.12423701601864723
6735639 -0.22297670254327923
6736017 -0.3247107905105724
6736375 -0.33213527025630896
6736745 -0.34910216546032985
6737198 -0.03595230162466634
6737482 -0.33074774665485535
6737844 -0.3286092660001173
6738208 -0.21472860024422047
6738572 -0.22750994877564035
6738933 -0.3309233076476146
6739291 -0.2733633329222944
6739652 -0.24446768527835017
6740011 -0.2586823511844589
6740366 -0.2120027029819802
6740727 -0.36111145597854855
6741081 -0.26717407066549614
6741435 -0.2962494221015173
6741797 -0.3205437577330196
6742158 -0.23186127458342243
6742520 -0.2381396848868702
6742890 -0.22196373071537456
6743264 -0.26987544055753687
6743643 -0.271370672158315
6744027 -0.24353090352909434
6744417 -0.2771180850028713
6744817 -0.24167744437414285
6745214 -0.276543728370074
6745632 -0.2483264659674982
