7405835 -0.31774451927584213
7406283 -0.19899381748308115
7406723 -0.11842430758450201
7407186 -0.5698426092260378
7407581 -0.18857636033612923
7408002 -0.1589632920755541
7408418 -0.14115597189540408
7408836 -0.20724667300917943
7409246 -0.16448798795339048
7409656 -0.19819603623643112
7410084 -0.20044590947840746
7410501 -0.15901211430774564
7410918 -0.17474309354240058
7411358 -0.1710513702700286
7411809 -0.18704078481192943
7412245 -0.15969053878407147
7412684 -0.16900191369134376
7413149 -0.18880335697579054
7413606 -0.17551126358017477
7414052 -0.14963205577933514
7414556 -0.16987712558575951
7415079 -0.18643084294161483
7415554 -0.18319538827152126
7416021 -0.17858092957552973
7416537 -0.20115194052705776
7417064 -0.19133785690470217
7417546 -0.1924531185292263
7418018 -0.17903123480032024
7418539 -0.20362503885978234
7419052 -0.20715180418254298
7419539 -0.20976278039566887
7420008 -0.21862937930861304
7420488 -0.22042437198051257
7420980 -0.21573542312884308
7421451 -0.22363419666535622
7421915 -0.2087332236992031
7422390 -0.21010568574379096
7422865 -0.2027427985633692
7423321 -0.1567659702050752
7423762 -0.19226312294338777
7424209 -0.1922467270534005
7424643 -0.15157887372998868
7425074 -0.17042911223120116
7425526 -0.19649908263816596
7425968 -0.14835834770606893
7426402 -0.1598875000945399
7426874 -0.17754101481888052
7427325 -0.1599433263983583
7427774 -0.15562195098898735
7428255 -0.17944005120007456
7428727 -0.1702063447212795
7429184 -0.12929038590568143
7429658 -0.16992114944838582
7430150 -0.18790775384985658
7430614 -0.13803657585157147
7431068 -0.13213642489027938
7431544 -0.18732076312482987
7432024 -0.16850077618599635
7432488 -0.1365137084546968
7432951 -0.16785109093578654
7433453 -0.18517113915384614
7433949 -0.17900679726757396
7434414 -0.15171217344824373
7434897 -0.17778475479435424
7435401 -0.18545300179591306
