6327147 0.6769966013002129
6327620 0.7217555515712624
6328082 0.6573531822470255
6328535 0.62866887398782
6329003 0.7156449669095667
6329472 0.7252874445020802
6329926 0.649577155917679
6330378 0.660777371032881
6330869 0.7225925320423434
6331353 0.6693735625614927
6331812 0.642260175369509
6332293 0.717681356809705
6332773 0.6768913850103375
6333231 0.6312563500252782
6333710 0.7116579904984117
6334190 0.6919434588991189
6334647 0.6470437577710519
6335118 0.7093182203486204
6335607 0.726168395642289
6336074 0.6560283568675266
6336535 0.6629842623871431
6337015 0.721295731657605
6337500 0.6633676502310983
6337956 0.6301963610543739
6338433 0.7110548737731412
6338907 0.6761051788575818
6339362 0.6326216523888576
6339831 0.7110082078451452
6340312 0.729114955028225
6340778 0.645404958790115
6341239 0.6437174733438316
6341719 0.7119877867958572
6342191 0.6622638735545455
6342647 0.6363079205788902
6343120 0.7126569226716222
6343591 0.6875728469827898
6344044 0.6320240191915273
6344510 0.7108228732115026
6344986 0.7210350345741412
6345457 0.6602725902989195
6345912 0.6784851475748928
6346399 0.7297084771712763
6346876 0.6517380063484515
6347336 0.6436429549594387
6347821 0.716839746467194
6348296 0.665026923147775
6348753 0.6287753882160998
6349224 0.7119302663277061
6349706 0.7058934028913979
6350164 0.6388965283322839
6350620 0.6734242773002569
6351099 0.7133175105489284
6351575 0.663454556134099
6352029 0.6219017519319521
6352489 0.6965602789544316
6352972 0.7208661899004423
6353443 0.6463185382248094
6353901 0.653193949916117
6354379 0.7235901445692391
6354865 0.6695322238761761
6355331 0.6271599778558494
6355802 0.7140159460654307
6356280 0.6809633033447168
6356741 0.6363663642354419
