32.30
32.30
32.30
32.50
32.90
33.00
32.90
33.50
33.50
33.70
33.60
33.60
34.00
34.00
34.00
34.00
34.10
34.00
34.20
34.20
34.60
34.50
34.60
34.60
34.60
34.60
34.50
34.60
34.60
34.70
34.70
34.80
34.70
34.80
34.80
34.80
34.80
35.00
35.00
34.80
34.60
34.80
34.80
35.00
35.00
34.80
34.80
34.70
34.70
34.80
35.10
34.80
35.00
34.80
34.60
35.00
35.00
35.00
35.10
35.10
35.10
35.00
35.10
35.10
35.10
35.10
35.30
35.20
35.30
35.20
35.50
35.30
35.30
35.60
35.30
35.60
35.50
35.20
35.30
35.20
35.20
35.20
35.20
35.20
35.20
34.80
34.80
34.70
35.00
34.80
34.70
35.00
34.70
34.80
34.80
34.60
34.70
34.60
34.70
34.60
34.80
34.70
34.80
34.60
34.70
34.60
34.50
34.70
34.80
34.70
34.70
34.70
34.70
34.70
34.70
34.80
34.60
34.80
34.80
34.70
34.80
34.60
34.80
34.80
34.60
34.70
34.70
34.70
34.70
34.50
34.80
34.70
35.00
34.80
34.60
34.80
34.80
34.80
34.70
34.60
34.60
34.60
34.70
34.70
34.60
35.00
34.70
34.70
34.80
34.70
34.80
34.80
34.60
35.00
34.70
34.70
34.80
34.80
35.00
34.80
35.00
35.00
34.80
34.80
34.80
35.10
34.80
35.10
34.80
34.80
35.00
35.00
35.00
34.80
35.10
35.10
35.00
35.10
35.20
35.10
35.50
35.30
35.50
35.20
35.60
35.30
35.30
35.50
35.50
35.10
35.30
35.50
35.30
35.30
35.50
35.20
35.30
35.00
35.10
35.00
35.10
34.80
35.20
35.10
35.10
35.20
34.80
34.70
34.70
35.10
35.10
35.00
35.00
35.10
35.10
35.00
35.20
35.10
35.00
35.20
35.20
35.60
35.00
35.30
35.30
35.20
35.30
35.20
35.20
35.20
35.10
35.10
35.10
35.20
35.20
35.10
35.30
35.20
35.30
35.20
35.30
35.30
35.30
35.30
35.30
35.30
35.30
35.30
35.30
35.50
35.30
35.10
35.50
35.50
35.30
35.20
35.60
35.30
35.50
35.30
35.10
35.30
35.10
35.30
35.20
35.30
35.50
35.30
35.10
35.30
35.30
35.20
35.20
35.00
34.80
34.80
35.10
34.80
35.00
35.00
34.80
35.10
34.80
34.80
35.00
34.80
34.80
35.00
35.10
35.00
35.10
35.00
34.70
35.10
35.10
34.80
35.00
34.80
34.80
35.00
35.10
35.10
34.80
35.00
35.10
35.10
34.80
34.80
35.00
35.10
35.00
35.00
35.20
34.80
35.00
35.10
35.00
35.00
34.80
34.80
34.80
34.80
34.70
34.50
34.80
34.70
35.00
34.80
35.00
34.80
35.00
35.30
35.30
35.20
35.50
35.60
35.60
35.60
35.60
35.60
35.30
35.80
35.50
35.60
35.80
35.50
35.60
35.20
35.60
35.60
35.50
35.20
35.30
35.50
35.30
35.10
35.30
35.30
35.30
35.50
35.30
35.30
35.30
35.50
35.20
35.10
35.30
35.50
35.20
35.60
35.50
35.30
35.20
35.20
35.10
35.10
35.00
35.10
34.80
35.10
35.00
35.00
34.80
35.00
35.10
34.80
34.80
34.80
35.00
35.10
34.80
35.20
35.10
35.10
35.10
35.00
35.10
35.20
35.10
35.00
34.80
35.30
34.80
35.10
35.00
35.00
35.00
35.20
35.10
35.30
35.50
35.20
35.50
35.30
35.30
35.60
35.60
35.60
35.60
35.60
35.70
35.30
35.60
35.50
35.30
35.50
35.00
35.30
35.20
35.20
35.20
35.00
35.20
35.20
34.80
35.10
35.10
35.20
35.10
35.20
35.30
35.00
35.10
34.80
35.00
35.20
34.60
35.10
35.00
35.00
35.00
35.50
35.10
35.20
35.30
35.30
35.30
35.50
35.30
35.60
35.60
35.10
35.10
35.20
35.30
35.00
35.10
35.10
35.20
35.20
35.00
35.50
35.30
35.50
35.30
35.60
35.30
35.30
35.60
35.50
35.10
35.60
35.20
35.20
35.30
35.50
35.60
35.50
35.50
35.10
35.50
35.60
35.50
35.50
35.20
35.10
35.10
35.20
35.30
34.80
35.00
35.10
