53.39
52.88
51.97
51.62
52.19
53.72
55.89
57.38
57.10
56.22
56.06
56.57
57.31
58.05
58.58
58.64
57.99
57.17
57.19
58.06
58.96
59.27
58.70
57.62
57.04
57.41
58.51
59.80
60.19
59.43
59.29
60.63
62.06
62.34
61.58
60.12
58.15
56.20
55.22
55.47
56.14
56.46
56.10
55.05
54.28
54.66
55.72
56.42
56.44
56.09
55.80
56.04
56.94
58.00
58.64
58.24
56.81
55.85
56.37
57.79
59.23
60.35
60.96
60.82
59.88
59.18
59.77
61.16
62.34
63.10
63.38
62.10
58.96
56.63
56.68
57.25
56.35
54.51
52.82
51.88
52.07
53.04
53.87
54.09
54.05
54.13
54.56
55.52
57.01
58.88
60.44
60.64
59.81
59.33
59.67
60.66
61.80
62.31
62.05
61.39
60.88
61.07
61.87
62.84
62.93
61.14
58.37
55.90
54.15
53.19
52.70
52.23
51.69
51.23
51.01
51.20
51.86
52.62
53.02
53.00
52.86
52.86
53.28
54.30
55.84
57.67
59.02
59.00
58.20
57.95
58.49
59.44
59.84
58.45
55.87
53.74
52.80
53.29
54.81
55.79
55.07
53.62
52.51
52.18
52.84
53.93
54.43
54.01
53.34
53.04
53.64
55.43
57.23
57.40
56.40
55.71
55.48
55.12
54.75
55.09
56.42
58.20
59.77
60.50
60.06
59.07
58.22
58.05
58.69
59.17
58.54
56.96
55.06
53.82
53.98
54.71
54.70
53.96
53.38
53.45
54.17
55.42
56.70
57.47
57.70
57.51
57.27
57.33
57.67
58.11
58.49
58.70
58.57
57.95
57.30
57.51
58.40
58.67
57.86
56.72
55.93
56.00
57.01
58.14
58.60
58.20
57.12
56.07
55.71
56.24
57.72
59.50
60.52
60.66
60.31
59.19
56.91
54.73
54.10
54.44
54.13
52.86
51.58
50.91
51.01
51.91
53.10
53.89
54.09
54.01
54.01
54.47
55.53
56.47
56.60
56.24
56.06
56.68
58.75
61.76
64.18
65.26
65.26
64.74
64.21
63.43
62.12
61.02
60.43
58.98
56.14
53.64
52.59
52.74
53.74
55.04
55.90
56.09
55.80
55.55
56.22
57.93
59.30
59.29
58.62
58.00
57.29
56.52
56.71
58.66
61.42
63.41
64.22
63.79
60.79
55.54
51.97
51.70
52.63
52.43
51.20
50.05
49.48
49.46
50.00
51.18
53.09
55.26
56.73
57.11
56.99
56.85
56.68
56.60
57.20
58.80
60.32
60.43
59.12
57.06
55.42
55.01
55.22
55.11
54.50
53.59
52.67
52.12
52.12
52.70
53.77
54.88
55.49
55.81
56.37
57.18
57.88
58.38
58.96
59.59
59.72
59.15
58.30
57.60
57.55
58.08
58.19
57.31
56.12
55.26
54.95
55.32
56.28
57.63
58.84
59.19
58.60
57.41
56.47
56.74
57.97
58.97
59.14
58.68
58.04
57.78
58.19
59.22
60.51
61.17
60.61
59.07
57.33
56.71
57.52
58.50
58.68
58.30
57.69
56.97
56.37
56.58
58.13
60.03
60.83
60.28
58.90
58.11
59.20
61.51
63.63
64.96
65.46
65.35
64.98
64.59
64.33
64.22
64.03
63.16
60.74
56.19
51.71
49.98
50.62
51.42
50.97
50.29
50.51
51.55
52.84
54.02
54.97
55.58
55.76
55.59
55.66
56.58
57.89
58.64
58.56
57.96
56.98
55.61
54.55
54.95
56.81
58.50
58.79
58.27
57.71
57.60
58.10
58.60
58.53
58.15
57.87
57.80
57.94
58.20
58.48
58.76
59.03
59.04
58.46
57.85
58.07
58.84
59.15
58.76
58.05
57.47
57.43
57.99
58.90
59.71
59.78
58.93
57.61
56.56
56.74
58.18
59.27
58.97
58.43
58.45
58.17
57.22
56.96
58.27
59.51
58.84
57.24
56.16
55.85
56.23
57.19
58.53
59.74
60.03
59.18
57.56
56.16
56.27
58.03
60.62
62.85
63.02
61.13
59.38
58.60
58.50
59.01
60.36
62.29
63.88
64.87
66.08
67.62
68.89
70.75
74.29
75.85
73.17
70.59
70.26
72.39
74.84
75.93
76.58
77.17
77.80
79.26
79.98
77.97
78.28
81.02
81.05
79.42
80.61
87.79
88.13
82.27
82.16
83.78
84.62
84.72
85.13
85.69
86.22
86.96
87.55
88.18
89.18
90.12
90.42
90.38
90.82
91.78
91.99
92.25
92.90
91.08
89.25
86.95
83.17
79.28
75.50
72.65
71.64
71.29
70.84
70.79
71.24
71.99
72.90
73.79
74.47
74.81
74.80
74.90
75.29
75.79
77.13
79.23
79.16
77.53
76.46
74.92
72.79
70.70
68.41
66.42
66.20
67.46
68.60
68.28
66.12
64.30
64.19
65.52
67.17
66.98
64.97
62.85
61.18
60.01
59.30
58.97
58.72
58.34
58.23
58.76
59.19
58.60
57.68
57.51
57.91
58.28
58.64
59.32
59.89
59.48
58.74
59.18
60.53
61.18
60.34
58.25
56.10
55.25
55.43
55.25
54.39
53.76
53.90
54.70
55.93
57.03
57.41
57.36
57.48
57.80
58.06
57.88
56.87
55.14
53.14
51.54
51.17
52.20
53.77
54.94
55.56
55.82
56.12
56.92
58.28
59.83
60.93
60.65
59.04
57.37
56.41
56.41
57.24
58.23
59.01
60.11
61.94
64.20
66.46
68.34
69.63
70.51
71.26
72.17
72.86
72.81
72.01
71.38
72.26
72.73
71.26
70.93
72.36
73.20
73.37
73.63
73.71
73.55
73.38
73.07
72.01
69.10
65.85
64.32
63.30
61.47
59.54
58.32
58.39
59.79
61.08
61.23
61.46
62.68
64.08
64.93
65.59
66.32
66.95
67.35
67.47
67.42
67.37
67.24
67.03
67.29
68.19
69.16
69.29
67.76
65.98
65.36
65.02
64.72
65.92
68.14
67.91
66.40
67.82
71.14
73.44
74.90
76.21
77.21
78.05
78.91
79.33
79.11
78.39
77.09
74.50
70.36
66.92
65.11
64.51
64.70
65.35
66.47
68.01
68.82
67.78
65.09
61.65
58.58
56.35
55.10
54.59
54.34
54.09
53.76
53.45
53.59
54.38
55.10
54.92
54.39
54.61
55.51
56.14
56.16
56.07
56.27
56.80
57.49
57.69
57.02
56.68
57.77
59.24
59.54
59.51
60.85
63.02
64.42
65.14
65.77
64.50
60.42
57.01
56.09
56.71
57.65
57.16
54.46
52.19
52.49
54.19
54.96
54.38
53.82
54.18
55.84
58.90
62.25
64.53
66.04
67.54
69.02
70.35
71.43
72.07
72.10
72.40
73.45
73.49
72.02
69.94
66.43
61.42
56.66
53.33
52.10
52.70
53.50
53.34
53.27
54.50
56.26
56.74
55.98
55.66
56.42
57.80
59.35
60.74
61.77
62.52
62.73
61.36
58.56
56.24
55.06
54.39
53.84
53.46
53.37
53.59
54.15
55.06
56.30
57.50
57.99
57.70
57.43
57.79
58.99
60.90
62.47
62.49
60.24
56.68
54.57
54.80
56.30
57.83
57.93
55.81
53.43
52.55
53.18
54.92
56.58
56.19
54.13
53.31
54.89
57.64
60.18
62.19
63.52
63.67
62.55
61.68
62.06
62.95
63.36
62.43
60.33
58.63
58.08
58.52
59.58
60.43
60.54
60.02
59.25
58.91
59.01
58.60
57.62
57.67
59.36
61.03
61.31
61.08
61.31
62.27
63.87
65.26
65.67
64.81
62.41
58.39
54.51
52.74
52.55
52.19
51.24
50.87
51.85
53.66
55.48
56.65
56.65
55.81
55.15
55.22
56.04
57.40
58.56
58.94
58.94
59.02
59.17
59.39
59.99
61.18
62.36
62.49
60.27
55.91
52.67
52.10
52.26
51.15
49.61
49.41
50.88
53.06
54.99
56.32
56.91
56.90
56.60
56.46
57.03
58.06
58.60
58.42
58.21
58.31
58.58
58.94
59.45
59.99
60.07
59.46
58.60
57.99
58.16
59.00
58.91
57.33
56.66
58.41
60.98
62.39
63.33
64.77
65.49
64.43
62.59
61.06
60.56
61.16
62.16
63.12
63.92
64.56
65.13
65.66
66.14
66.50
66.37
64.27
60.00
56.43
54.59
53.00
50.97
49.57
49.66
50.88
52.51
53.89
54.46
54.03
53.31
53.01
53.45
54.82
56.52
57.36
57.32
57.80
59.34
61.04
62.37
64.00
65.78
65.69
63.42
61.02
59.53
59.15
58.94
57.42
55.17
53.75
53.46
53.91
54.68
55.19
55.13
54.95
55.12
55.78
56.91
58.08
58.62
58.61
58.66
59.02
59.70
60.78
62.39
63.76
63.21
61.34
60.22
60.16
60.54
60.84
60.64
59.88
58.80
57.78
57.22
57.47
58.83
60.49
60.78
59.56
57.99
56.90
56.77
57.44
58.28
58.59
57.77
56.32
55.96
57.26
58.99
60.13
60.97
61.73
61.78
60.89
60.14
60.25
60.91
61.56
61.26
59.83
58.49
57.93
57.98
58.57
60.00
62.08
63.20
62.43
61.38
61.22
61.93
63.38
65.29
66.90
66.74
65.18
64.05
63.70
63.85
64.52
65.59
65.68
63.97
61.89
60.62
60.70
61.82
62.52
62.19
61.53
60.84
60.00
59.29
59.27
59.79
60.10
59.83
59.05
58.41
58.96
60.36
60.88
60.06
59.08
58.60
58.76
59.52
60.61
61.37
60.70
58.88
57.51
57.16
57.40
57.87
58.21
58.16
57.62
56.93
57.05
58.47
60.22
61.15
60.78
59.22
57.69
57.07
57.38
58.40
59.37
59.42
58.30
56.26
54.81
55.21
56.63
57.39
57.12
56.41
55.76
55.52
55.83
56.68
57.81
58.53
58.46
58.25
58.47
58.96
59.51
60.37
61.63
62.24
61.40
60.58
61.05
62.09
62.68
62.19
60.71
59.78
60.13
60.90
61.47
62.01
61.92
59.23
54.72
51.92
51.79
53.10
54.72
55.65
55.07
53.77
53.01
53.21
54.29
55.80
56.64
56.15
55.33
55.14
55.81
57.41
59.54
61.49
62.49
61.90
60.31
58.85
58.23
58.86
60.02
60.45
59.43
56.96
54.80
54.82
56.63
58.72
59.93
59.71
58.59
58.05
58.60
59.77
60.94
61.38
60.71
59.22
57.91
