66.44
63.36
59.86
57.58
56.65
56.80
57.59
58.51
59.28
59.81
60.36
61.41
62.81
63.79
64.18
64.40
65.02
66.54
67.87
67.70
67.22
67.23
66.45
65.14
65.19
66.22
66.46
66.08
65.91
65.53
64.69
64.13
64.31
65.08
65.99
66.37
66.25
66.18
66.23
66.35
67.00
68.33
69.49
69.60
68.23
66.72
66.77
67.68
68.30
68.21
67.33
65.99
64.90
64.84
65.46
66.11
66.93
67.94
68.04
66.80
65.25
64.72
66.46
69.09
69.92
70.22
71.40
71.17
69.43
68.75
68.97
68.87
67.98
66.18
63.59
60.57
57.65
55.65
55.33
56.26
57.31
57.93
58.23
58.44
58.93
59.99
61.66
63.58
64.48
64.00
63.60
63.88
64.46
65.23
66.27
67.20
67.40
67.07
66.64
66.28
66.04
65.82
65.58
65.35
65.54
66.55
67.26
66.45
65.27
64.74
64.66
64.99
66.00
67.12
67.07
66.15
65.47
65.38
65.82
66.09
65.69
64.71
63.67
63.31
63.67
64.30
64.66
64.32
63.83
63.92
64.62
65.60
65.88
65.18
64.68
65.01
65.98
67.06
67.57
67.85
68.58
69.19
69.33
70.09
71.18
70.82
70.45
71.86
71.91
70.02
70.41
71.93
70.92
69.20
68.23
66.74
64.84
63.65
63.53
64.39
65.08
64.60
63.85
63.76
64.39
65.56
66.73
67.62
68.25
68.50
68.25
68.02
68.34
69.15
70.05
70.29
69.55
68.16
67.38
68.01
69.41
70.68
70.95
69.98
68.24
67.12
67.42
68.72
70.34
71.47
72.12
72.80
73.67
74.70
75.70
76.63
77.46
77.89
78.12
78.21
75.72
71.71
69.89
70.10
70.51
67.92
62.45
56.87
53.23
52.56
53.73
54.94
55.53
55.90
56.42
57.23
58.46
60.20
62.37
64.25
65.16
65.37
65.39
65.67
66.45
67.73
68.86
68.78
68.17
68.04
67.44
66.15
65.86
66.77
67.59
67.50
66.39
65.28
65.21
66.38
68.54
70.59
71.77
72.07
71.35
69.81
68.65
68.42
68.68
68.57
67.34
65.74
64.25
61.61
58.38
57.37
59.11
61.52
62.99
63.51
63.37
62.98
62.74
62.94
63.42
63.63
63.40
62.87
62.02
60.88
60.14
60.48
61.61
62.88
63.43
62.67
61.53
60.99
61.16
61.97
63.08
64.14
64.75
64.78
64.56
64.57
65.33
66.70
67.84
68.07
67.17
66.12
65.52
64.21
62.23
61.52
62.47
63.91
65.00
65.32
65.40
66.26
67.38
67.65
67.13
66.31
65.81
65.83
66.11
66.53
67.09
67.28
66.64
66.23
66.76
67.17
67.12
67.77
68.94
69.36
69.11
68.89
69.09
69.61
69.80
69.75
70.09
70.44
70.27
70.00
70.10
70.91
71.77
71.76
71.24
70.57
69.57
69.11
70.07
70.24
68.42
67.57
67.91
67.11
65.54
64.66
64.35
64.07
63.02
61.20
59.87
59.65
60.38
61.66
62.68
62.98
62.72
62.47
63.19
64.78
66.21
67.12
67.74
68.03
67.96
67.88
68.09
68.64
69.02
68.37
67.27
66.76
66.66
66.74
67.22
67.97
68.33
68.45
68.91
68.90
67.94
67.98
69.75
71.61
72.88
73.71
73.22
71.23
69.34
68.11
67.28
66.35
64.86
62.52
59.56
56.64
54.35
53.19
53.26
54.23
55.68
56.77
56.83
56.89
58.31
60.60
62.28
63.20
64.19
65.33
66.33
66.97
67.16
66.85
66.13
65.29
64.58
64.19
64.35
65.26
66.18
66.06
65.47
65.24
65.21
65.33
66.01
67.17
67.82
67.46
66.23
64.78
63.88
64.10
65.48
66.53
66.26
65.30
64.27
63.58
63.75
65.19
66.61
66.26
65.82
66.88
67.31
66.05
65.38
66.03
66.99
67.43
66.83
65.38
63.61
62.24
61.78
62.47
63.97
64.80
64.41
63.84
63.65
63.94
64.79
66.28
67.66
68.04
68.27
69.17
70.07
70.41
70.29
69.63
68.42
67.09
65.74
63.76
61.52
60.11
59.53
59.19
58.97
59.00
59.55
60.91
62.76
64.13
64.56
64.19
63.82
64.35
65.46
66.43
67.21
67.81
67.75
67.02
66.29
65.94
66.06
66.23
65.92
65.07
64.02
63.76
64.64
65.84
66.60
66.48
65.69
64.93
64.65
65.12
66.02
66.89
67.31
67.10
66.48
65.72
65.09
65.01
65.83
66.52
66.03
65.45
65.45
64.83
63.42
62.57
62.56
62.74
62.79
62.62
62.40
62.30
61.84
60.66
60.41
62.74
65.56
65.85
65.01
64.86
64.43
63.32
62.85
63.21
63.10
62.10
60.78
59.79
59.70
60.34
61.07
61.54
61.62
61.73
62.52
64.01
65.78
66.80
66.23
65.46
65.80
66.61
67.28
67.82
67.98
67.23
65.86
64.58
63.94
64.22
65.24
66.50
67.03
66.53
65.78
65.56
66.46
67.84
68.59
68.84
68.91
68.62
68.22
68.38
69.38
71.04
72.29
72.40
72.17
71.83
71.08
70.52
70.34
69.54
68.23
67.42
66.77
65.86
65.77
66.96
68.10
68.23
67.37
66.54
66.94
67.95
68.67
69.39
70.21
70.48
70.28
70.22
70.03
69.65
70.20
71.33
71.01
70.06
70.17
70.82
71.26
70.98
70.28
69.71
68.84
67.70
67.47
67.98
67.77
67.13
66.91
66.76
66.35
66.27
66.65
66.95
67.08
67.35
68.02
69.14
70.10
70.43
70.36
70.25
70.40
70.60
70.54
70.33
70.12
70.08
69.93
69.34
68.63
68.44
69.67
71.43
71.29
70.79
71.97
72.75
72.66
74.03
75.18
73.91
73.32
74.16
74.64
75.25
76.44
76.89
76.96
77.71
78.50
78.95
79.23
79.51
79.78
79.99
80.53
81.28
81.64
81.90
82.92
84.99
85.23
84.51
85.33
85.33
85.45
85.77
83.69
83.53
84.74
83.65
84.65
85.95
84.64
84.72
85.45
85.21
84.26
84.07
84.24
83.56
82.50
80.47
77.25
73.92
71.30
69.68
68.81
67.76
65.53
62.89
60.82
59.76
59.72
60.07
60.46
61.54
63.65
66.07
68.24
70.67
72.69
71.88
68.66
65.08
62.59
61.56
61.29
61.39
61.84
62.39
62.42
61.93
61.59
61.89
63.18
65.18
67.02
68.12
68.26
68.20
68.64
69.09
69.32
69.71
69.56
67.86
66.41
66.71
67.83
69.04
70.37
70.37
67.31
64.60
64.63
64.83
64.03
64.76
67.15
67.96
66.77
65.97
66.96
70.31
73.68
74.52
73.62
72.50
72.20
71.38
70.06
71.16
72.98
71.16
68.12
65.97
63.21
60.30
59.02
59.15
59.46
59.41
58.97
58.40
58.18
58.70
60.34
62.76
64.74
65.89
66.83
67.52
67.47
66.93
66.47
66.67
67.64
68.50
68.45
67.16
65.83
65.94
67.13
68.51
69.24
68.88
67.81
66.77
66.54
67.15
68.25
69.11
69.12
68.29
66.98
65.83
66.03
68.53
71.42
72.45
72.39
72.27
72.50
72.15
70.85
70.94
72.08
71.19
69.45
69.02
69.57
69.90
68.27
65.90
64.82
64.13
63.12
63.48
66.00
68.65
69.83
69.79
69.08
68.36
68.82
70.77
71.19
69.39
68.69
68.82
68.02
67.14
66.94
66.60
65.88
65.36
64.64
62.87
60.83
59.60
59.28
59.74
60.67
61.73
62.85
63.93
64.53
64.37
64.27
64.84
65.87
67.02
68.02
68.41
67.75
66.70
66.21
66.26
66.65
67.44
67.92
66.40
63.83
62.65
62.62
62.72
63.01
63.79
64.72
65.27
64.89
63.65
62.86
63.12
64.05
65.01
65.15
64.04
61.91
60.49
61.60
64.09
65.76
66.52
66.92
66.25
64.15
61.65
59.92
60.22
62.43
64.96
66.83
68.15
69.13
69.86
69.89
68.72
66.49
63.80
61.48
59.68
58.14
56.52
54.55
52.70
51.76
51.95
53.12
55.01
57.01
58.45
59.56
60.84
62.25
63.51
64.67
65.94
67.33
68.60
68.90
68.09
67.55
67.76
68.22
68.34
67.70
66.53
64.82
61.83
58.36
56.31
56.06
57.04
58.56
59.61
59.69
59.48
59.51
59.91
60.74
61.96
63.32
64.10
63.97
63.47
63.15
63.36
64.23
65.59
66.82
67.06
66.51
65.67
64.11
62.07
61.35
62.42
63.70
64.31
64.73
64.99
64.60
64.01
64.18
64.87
65.37
65.50
65.17
63.81
61.69
60.51
60.83
61.66
62.56
64.01
65.74
66.30
65.60
64.89
64.32
63.61
63.57
64.90
66.36
66.69
66.41
65.86
64.62
62.97
61.80
61.60
62.56
63.82
63.99
62.98
61.51
60.73
61.44
62.83
63.91
64.60
65.03
65.26
65.25
64.84
64.44
65.01
66.25
66.90
67.09
67.49
67.31
66.01
64.94
64.67
64.61
64.52
64.54
64.35
63.50
62.54
62.24
62.51
63.13
64.24
65.78
66.79
66.48
65.11
63.55
62.98
63.46
64.25
64.67
64.19
62.95
61.43
60.46
60.56
61.28
62.18
63.30
64.63
65.45
65.17
64.00
62.79
62.97
64.59
66.37
67.46
67.54
66.97
66.34
65.86
65.72
66.21
67.06
67.20
66.64
66.25
65.68
64.44
64.03
65.36
66.77
66.87
66.10
65.17
64.72
64.76
64.97
65.47
66.42
67.35
67.51
66.16
63.85
62.51
62.69
63.86
65.06
65.09
64.20
63.40
63.16
63.65
64.48
65.21
65.53
65.26
64.33
63.55
64.56
67.01
68.81
69.70
70.77
72.28
74.06
75.51
76.47
77.24
77.55
77.23
76.53
75.76
75.24
75.29
75.58
75.32
73.50
70.59
67.97
65.69
63.81
63.34
63.88
62.92
60.21
57.75
56.30
55.83
56.18
57.17
58.41
59.19
59.17
58.68
58.20
58.21
58.95
60.21
61.67
62.92
63.53
63.06
61.82
61.38
62.25
63.18
63.56
63.84
63.72
62.15
59.99
59.04
59.32
60.02
60.82
61.65
62.28
62.36
61.88
61.13
60.71
61.28
62.66
64.29
65.08
64.20
63.08
63.02
63.54
64.18
65.16
66.22
66.08
64.37
61.96
60.33
