53.27
52.94
52.27
51.32
50.63
50.85
51.78
52.56
52.59
52.13
51.55
51.24
51.57
52.43
53.33
53.85
53.75
52.93
51.60
50.08
48.98
48.91
49.67
50.09
49.31
48.36
48.49
49.51
50.08
49.32
48.21
47.85
48.31
49.23
50.28
51.26
52.00
52.47
52.72
53.00
53.73
55.06
56.13
56.06
55.18
54.19
53.56
53.57
54.05
54.44
54.40
53.97
53.25
52.42
51.70
51.54
52.39
53.68
53.93
52.72
51.58
51.50
51.98
52.30
52.54
53.18
54.09
54.42
53.83
53.38
53.95
55.14
56.18
56.59
56.10
54.76
52.87
51.08
50.29
50.79
51.83
52.57
53.00
53.46
54.17
55.13
56.29
57.45
58.35
58.82
58.75
58.39
58.03
58.00
58.48
59.01
58.92
57.76
55.48
53.26
52.35
52.69
53.62
54.65
55.46
55.83
55.87
55.75
55.66
55.75
56.05
56.52
56.65
55.71
54.27
53.69
54.41
55.89
57.60
58.99
59.61
59.52
58.96
58.15
57.37
57.13
57.79
59.05
60.24
60.16
57.93
55.66
55.76
57.97
61.01
63.56
64.22
63.16
61.69
60.26
58.87
57.74
57.02
56.13
54.38
52.20
50.39
49.24
48.83
49.08
49.69
50.37
51.10
52.01
53.03
53.79
54.11
54.51
55.65
57.47
59.62
61.48
62.26
62.02
61.60
61.09
60.15
59.21
58.89
58.30
56.05
53.25
51.72
51.65
52.37
53.38
54.37
55.11
55.82
56.79
58.10
59.69
61.26
62.27
62.47
61.89
60.63
58.98
58.01
58.84
60.30
60.00
57.56
54.07
51.04
49.68
49.78
50.36
50.82
51.40
52.43
53.89
55.58
57.09
57.77
57.44
56.80
56.45
56.53
57.04
57.68
58.05
57.58
56.00
54.29
53.48
53.61
54.36
55.04
54.60
53.08
51.85
51.67
52.10
52.66
53.27
54.02
54.81
55.42
55.80
56.28
57.13
58.29
59.46
59.66
58.13
55.76
53.60
51.97
50.94
50.15
49.13
47.94
47.14
47.11
47.77
49.02
50.55
51.75
52.15
52.05
51.93
52.21
53.27
55.00
56.55
57.01
56.07
53.99
52.29
52.15
53.00
53.70
53.90
54.01
54.35
55.02
55.86
55.94
54.49
52.50
51.12
50.58
50.74
51.23
51.35
50.70
50.00
50.00
50.67
51.62
52.54
53.29
53.75
53.94
53.96
54.15
55.00
56.30
57.05
56.88
56.57
56.52
56.10
54.93
53.71
53.05
52.78
52.56
52.45
52.73
53.43
54.29
55.04
55.45
55.40
55.32
55.70
56.48
57.34
57.99
58.14
57.54
56.05
54.25
53.33
53.64
54.41
55.01
55.49
55.99
56.16
55.56
54.53
53.78
53.34
52.75
51.89
51.14
50.73
50.60
50.61
50.76
51.07
51.51
52.00
52.40
52.45
51.91
51.18
50.92
51.41
52.54
54.12
55.69
56.68
56.97
56.71
56.33
56.42
57.22
58.68
60.26
60.64
59.04
55.92
52.53
50.55
50.42
51.05
51.35
51.19
50.77
50.30
49.95
49.89
50.21
51.01
52.17
53.41
54.48
55.10
55.18
55.14
55.43
56.17
57.36
58.74
59.84
60.30
59.86
58.97
58.43
58.24
57.89
56.98
55.30
53.38
52.22
51.95
51.77
51.16
50.51
50.28
50.56
51.29
52.25
52.93
52.98
52.75
52.76
53.19
54.12
55.33
56.27
56.65
56.85
57.10
56.91
56.01
55.18
55.14
55.23
54.53
53.25
52.18
51.84
52.64
54.52
56.38
57.05
56.87
56.48
55.67
54.10
52.49
51.88
52.00
51.72
50.66
49.84
50.06
51.11
52.55
53.97
55.05
55.48
55.11
54.09
53.32
53.57
54.75
56.44
58.08
58.98
58.79
57.74
56.17
54.44
52.92
51.98
51.73
51.73
51.61
51.66
52.46
54.08
56.17
58.06
58.42
56.71
54.91
54.51
54.88
55.14
55.16
55.11
54.78
53.74
52.30
51.40
51.46
52.21
53.30
54.25
54.55
54.39
54.43
54.99
55.90
57.05
58.37
59.59
59.87
58.59
56.45
54.32
52.82
52.33
52.55
53.01
53.35
53.31
52.93
52.73
53.14
54.33
56.36
58.26
58.47
57.31
56.41
56.35
56.94
57.81
58.37
58.29
57.71
56.91
56.29
56.03
55.85
55.56
55.45
55.73
56.12
56.18
55.74
54.81
53.85
53.53
53.80
53.94
53.52
52.91
52.49
52.58
53.40
54.61
55.45
55.68
55.65
55.77
56.42
57.67
58.59
58.23
56.60
54.27
52.51
52.29
53.03
53.61
53.60
53.27
52.90
52.72
52.85
53.07
53.12
53.17
53.52
54.23
55.05
55.88
57.01
58.53
59.62
59.51
59.06
59.27
59.64
59.47
59.57
60.87
62.29
62.20
61.02
59.81
59.06
58.98
59.39
59.90
59.80
58.52
56.62
54.88
53.84
53.84
54.42
54.80
54.83
54.90
55.18
55.52
55.89
56.64
57.90
58.80
58.47
57.92
58.44
59.56
60.24
60.12
59.32
58.63
58.87
59.39
59.05
58.75
60.22
62.48
62.87
61.71
61.03
60.80
60.26
60.14
61.48
63.46
64.58
64.79
64.66
64.15
63.17
61.89
59.80
55.41
49.89
46.33
45.50
46.25
47.54
48.89
50.11
51.03
51.61
51.89
52.06
52.46
53.27
54.45
55.91
57.40
58.60
59.17
58.86
58.24
58.08
58.43
58.98
59.32
58.95
57.71
55.74
54.01
53.80
55.03
56.39
56.99
57.16
57.30
57.60
58.18
58.91
59.61
60.10
60.15
59.28
57.32
55.47
54.82
54.85
54.67
54.23
53.91
53.95
54.49
55.50
56.61
57.52
58.24
58.81
58.85
58.18
57.77
58.66
60.13
60.89
60.44
58.91
57.01
55.52
54.85
55.22
56.09
56.48
56.12
55.53
55.09
54.94
55.11
55.36
55.55
55.91
56.68
57.53
57.96
57.90
57.53
57.08
56.75
56.48
56.05
55.61
55.66
56.19
56.35
55.74
55.01
54.84
55.52
57.20
59.13
60.11
60.02
59.46
59.05
59.35
60.19
61.01
61.45
61.33
60.78
60.09
59.43
58.88
58.31
57.59
57.07
57.25
57.85
58.08
58.03
58.46
59.36
59.90
59.71
59.14
58.65
58.71
59.29
59.76
59.73
59.36
58.56
56.92
54.90
54.01
54.58
54.93
53.71
51.95
50.84
50.56
50.97
51.77
52.43
52.60
52.55
52.59
52.93
53.69
54.60
54.96
54.56
53.99
53.69
53.58
53.48
53.35
53.16
53.30
54.38
56.27
57.78
57.80
56.24
53.77
52.00
51.94
52.92
53.95
54.47
54.26
53.55
53.03
53.07
53.46
53.96
54.37
54.52
54.26
53.50
52.57
52.13
52.48
53.28
54.14
54.57
54.14
53.34
53.05
53.59
54.88
56.49
57.25
56.40
55.06
54.41
54.68
55.86
57.19
57.47
56.54
55.06
53.71
53.05
53.11
53.18
52.80
52.24
51.85
51.71
51.82
52.22
52.93
53.83
54.44
54.33
53.74
53.06
52.77
53.32
54.39
54.83
54.11
53.03
52.28
51.93
51.93
52.14
52.37
52.48
52.42
52.10
51.44
50.49
49.93
50.51
52.01
53.24
53.33
52.77
52.24
52.13
52.75
53.67
53.90
53.14
52.16
51.59
51.64
52.41
53.55
54.44
54.82
54.81
54.68
54.89
55.69
56.55
56.92
57.08
57.49
57.70
56.91
55.32
53.67
52.83
53.75
56.48
59.44
61.10
61.79
62.03
61.58
59.78
55.63
50.38
47.47
48.06
50.12
51.06
50.52
50.33
51.37
52.68
53.16
53.35
54.49
56.40
57.58
57.35
56.84
56.83
57.21
57.84
58.75
59.87
60.48
60.04
59.40
59.52
60.47
62.12
63.98
65.36
65.59
64.37
62.38
60.18
57.92
55.71
53.61
51.72
50.23
49.33
49.34
50.55
52.46
53.98
54.58
55.01
55.85
56.76
57.38
58.22
59.96
61.49
61.05
59.60
59.05
58.77
57.44
55.77
54.95
54.56
53.56
52.31
52.12
53.31
54.82
55.67
56.04
56.37
57.06
58.39
59.68
59.71
58.72
57.94
57.54
57.05
56.61
56.80
57.46
57.65
57.15
56.95
57.31
57.13
55.95
55.13
55.55
56.34
56.48
56.43
57.04
58.00
58.46
58.34
58.16
58.17
58.42
59.02
60.10
61.37
62.01
61.00
57.60
53.35
50.64
49.78
50.01
50.70
51.24
51.11
50.54
50.11
50.20
51.00
52.52
54.05
54.60
54.36
54.28
54.81
55.91
57.29
58.19
58.06
57.44
56.93
56.71
56.82
57.01
57.02
56.59
55.60
54.33
53.22
52.58
52.67
53.34
53.89
53.82
53.58
53.71
54.37
55.56
56.83
57.32
56.92
56.51
56.48
56.48
56.32
56.17
56.09
55.58
54.38
53.23
52.93
53.22
53.49
53.34
52.64
51.69
51.47
52.57
54.17
55.01
54.84
54.19
53.52
53.28
53.67
54.60
55.87
57.02
57.49
57.00
55.52
53.89
53.13
53.30
53.95
54.65
54.95
54.65
54.35
54.52
54.89
54.99
54.88
54.86
55.08
55.58
56.31
57.09
57.72
57.90
57.37
55.89
53.67
51.92
51.59
52.48
54.10
55.85
56.93
56.95
56.35
55.69
55.46
55.94
56.66
57.11
57.25
57.17
56.54
55.00
53.21
52.19
51.95
51.85
51.53
51.20
51.09
51.34
52.05
52.91
53.32
52.96
52.12
51.19
50.57
50.58
50.98
51.25
51.32
51.75
52.98
54.67
56.20
57.27
57.79
57.86
57.75
57.70
57.94
58.33
58.25
57.14
54.75
51.69
49.47
48.86
49.27
49.97
50.49
50.55
50.18
50.11
50.98
52.44
53.72
54.50
55.07
55.70
56.30
56.88
57.79
59.30
60.35
59.61
58.10
57.43
57.52
57.79
58.06
58.28
58.15
57.28
56.03
55.18
55.07
55.67
56.93
58.66
60.38
60.93
59.95
59.28
59.92
60.50
59.95
59.01
58.09
56.35
53.68
51.67
51.23
51.44
51.22
50.45
49.61
49.03
48.94
49.45
50.33
51.21
51.85
52.09
51.99
52.11
52.98
54.54
