75.71
77.14
78.04
78.58
78.99
79.15
78.66
77.05
74.91
73.27
72.27
71.70
71.25
71.32
72.23
73.16
73.64
73.98
74.82
76.29
76.79
76.53
77.12
77.63
77.38
76.90
76.73
76.91
76.85
77.02
77.66
77.42
77.16
78.44
79.69
79.34
77.22
75.35
74.01
72.05
70.65
70.21
69.15
68.06
68.56
69.52
69.44
68.55
67.76
68.13
69.19
69.60
69.17
68.40
68.25
68.88
69.46
69.33
68.40
68.34
70.09
71.97
73.21
74.76
76.54
77.97
79.19
80.01
79.93
78.97
77.29
75.20
73.66
72.77
71.78
70.22
68.07
65.97
64.49
64.00
63.99
63.64
63.05
62.67
62.93
63.98
64.87
64.97
65.25
66.28
67.49
68.34
68.57
68.23
67.64
67.23
67.32
67.75
68.09
67.65
66.88
66.99
68.07
69.64
70.79
70.84
70.12
69.47
69.72
70.32
70.33
69.43
68.14
67.56
67.57
67.47
67.01
66.24
65.58
65.14
64.61
63.98
63.55
63.32
63.19
63.27
63.64
63.68
62.91
62.17
62.15
62.64
63.31
63.80
63.85
63.51
63.25
64.00
65.72
67.36
67.94
67.00
66.39
67.55
68.09
66.67
65.52
65.06
63.89
62.70
62.99
64.03
64.49
64.67
65.25
66.09
66.77
66.65
65.94
65.93
66.55
66.65
65.86
64.51
63.83
64.41
64.75
63.92
63.00
62.64
62.68
62.74
62.28
61.33
60.34
59.84
60.33
61.13
60.97
60.23
60.23
61.21
62.83
64.32
64.71
64.52
64.75
65.25
65.63
66.04
66.60
67.21
67.88
68.75
70.02
71.79
73.10
73.02
72.16
70.84
69.05
67.76
67.39
66.44
64.68
63.67
63.64
63.85
64.26
65.18
66.47
67.95
70.01
72.37
72.35
70.14
69.13
69.12
68.72
67.54
65.94
64.83
64.41
64.36
64.49
64.66
64.51
63.87
63.39
63.52
63.72
63.49
62.62
61.53
61.24
61.71
61.76
61.08
60.32
60.07
60.84
62.15
62.65
62.33
62.22
62.28
61.93
61.50
61.61
61.86
61.52
60.67
59.69
59.07
59.13
59.60
60.10
60.56
61.05
61.57
62.07
62.37
62.27
61.68
60.74
60.08
60.11
60.39
60.41
59.89
59.00
58.90
60.17
61.41
61.36
60.95
61.11
61.73
62.48
62.95
62.83
62.31
61.89
62.55
64.11
64.66
63.74
62.77
62.45
62.87
63.40
63.12
62.21
61.41
61.57
63.26
65.24
65.97
65.91
65.87
66.01
66.40
67.02
67.44
66.95
65.97
65.39
65.40
65.93
66.53
66.83
66.68
66.30
66.21
66.47
66.86
66.95
66.59
66.63
67.49
68.46
68.96
68.71
68.04
67.48
67.25
67.32
67.46
67.31
66.52
65.58
65.34
65.66
66.00
65.62
64.46
63.92
64.44
65.07
65.41
65.68
65.80
65.60
65.64
66.45
66.97
66.28
65.00
63.76
62.86
62.55
63.01
63.40
62.44
61.19
61.41
62.61
63.49
63.70
63.32
62.72
62.33
62.61
63.55
63.93
63.15
62.20
61.76
61.80
62.12
62.29
62.31
62.58
63.32
64.55
65.76
66.14
66.21
66.89
67.84
68.41
68.43
67.97
67.32
66.85
66.78
66.49
65.44
64.49
64.21
64.28
64.38
64.31
63.85
62.85
62.19
63.10
64.74
65.28
64.80
64.23
64.49
65.89
66.98
66.87
66.56
66.44
66.12
65.80
65.89
65.61
64.31
63.11
62.79
62.97
63.26
63.52
63.66
63.71
63.97
65.00
66.50
67.57
67.88
67.61
67.65
68.60
70.18
72.34
75.34
76.90
74.69
71.97
70.29
69.00
68.71
69.88
71.20
71.47
70.24
68.30
66.81
66.39
67.02
67.60
67.38
66.31
65.39
65.71
65.90
64.54
63.01
62.31
61.79
61.19
60.96
61.23
61.66
62.29
63.68
65.45
66.08
65.61
65.46
66.13
67.71
70.46
73.19
70.05
63.57
62.62
65.19
65.35
64.24
65.20
67.57
70.06
72.69
75.46
77.86
79.48
79.85
78.04
75.86
75.83
76.85
77.01
74.85
71.72
69.26
68.27
68.33
68.59
68.62
68.29
67.80
67.78
69.17
71.60
73.71
74.14
72.88
72.13
72.12
72.03
72.62
74.32
76.27
77.57
77.69
77.28
76.20
73.95
72.02
70.69
68.61
65.84
63.23
61.83
61.96
62.49
62.61
62.39
62.12
62.24
62.72
62.94
62.92
63.39
64.19
64.53
64.31
63.90
63.69
63.93
64.10
63.73
63.20
62.84
62.53
62.18
61.87
61.47
60.68
59.86
60.01
61.17
62.36
62.74
61.87
60.53
60.26
61.21
62.63
63.85
64.39
65.07
67.25
69.11
68.08
66.13
65.11
64.60
64.23
63.93
63.56
63.02
62.54
62.50
62.63
62.52
62.37
62.44
62.50
62.24
61.62
60.79
60.15
59.85
59.39
58.62
58.25
58.79
60.08
61.72
62.67
62.26
61.46
61.16
61.50
62.23
62.47
61.90
61.28
61.14
61.66
62.55
63.01
62.75
62.11
61.36
60.66
60.33
60.73
61.75
62.93
63.75
63.76
63.55
64.01
64.93
65.70
65.92
65.36
64.25
63.14
62.96
63.07
61.38
58.76
57.75
58.18
58.36
57.87
57.34
57.36
58.45
60.56
62.71
64.26
65.40
66.59
68.45
70.03
69.35
68.14
68.50
69.04
68.60
67.45
66.24
65.54
64.78
63.31
61.59
60.23
59.58
59.62
59.59
59.09
58.66
58.60
58.42
57.96
58.10
59.34
60.63
60.89
60.73
60.95
61.53
62.22
62.66
62.59
62.31
62.14
62.35
62.86
62.98
62.60
62.59
62.97
62.86
62.33
62.37
62.90
63.12
62.85
62.38
62.21
62.86
64.30
66.26
68.18
69.23
68.48
66.50
65.72
65.96
65.30
63.78
62.34
61.87
62.76
63.77
63.77
63.32
63.00
62.88
63.16
64.36
66.24
67.54
67.58
66.61
65.93
66.69
67.87
68.37
68.58
68.86
69.15
69.55
70.08
69.76
68.16
66.70
65.88
65.12
64.45
64.11
63.71
62.95
63.13
65.20
67.68
69.11
69.90
70.37
70.35
69.94
69.44
69.03
68.63
67.88
66.88
66.07
65.79
66.11
66.37
66.15
66.17
67.08
69.05
71.46
72.94
73.58
74.13
74.21
74.05
74.62
76.20
78.06
77.83
74.97
70.85
67.27
64.98
63.94
63.24
61.99
61.09
61.42
62.00
61.85
61.44
61.37
61.85
62.76
63.35
63.23
62.97
63.05
63.56
64.17
64.03
63.32
63.10
63.19
62.77
62.06
61.70
61.72
61.94
62.24
62.48
62.64
62.74
62.93
63.27
63.64
63.89
63.98
64.00
64.28
64.91
65.66
66.09
65.70
64.97
64.65
64.50
64.11
63.56
63.09
63.12
63.77
64.60
65.41
66.36
67.54
68.91
69.92
69.90
68.98
67.96
68.25
69.24
68.61
67.07
66.25
66.07
66.12
65.97
65.33
64.17
63.22
63.49
64.31
64.36
63.83
63.49
64.12
65.93
67.05
66.42
65.72
65.85
66.60
67.24
66.93
66.52
67.09
68.09
69.00
70.26
71.89
73.16
73.51
72.83
71.90
71.10
70.21
69.19
68.09
67.06
66.08
65.02
64.11
63.74
63.59
63.16
62.76
62.90
63.64
64.78
65.59
65.58
65.24
65.00
64.92
64.94
64.91
64.91
65.14
65.36
65.20
64.35
62.99
62.33
62.86
63.69
64.00
63.47
62.63
62.71
63.43
63.41
62.75
62.52
63.03
64.17
65.06
64.78
63.86
63.22
63.68
65.27
66.21
65.61
64.48
63.74
63.95
64.58
64.59
64.00
63.39
63.47
64.56
65.43
65.18
64.64
64.52
64.91
65.65
66.34
66.35
65.20
63.83
63.29
63.47
63.96
64.27
64.22
64.34
64.83
65.26
65.68
66.64
68.09
69.47
70.29
70.26
69.69
69.24
69.73
70.56
70.40
69.57
68.70
68.05
67.74
67.79
67.87
67.55
66.55
65.20
64.86
65.82
66.95
67.54
67.40
66.97
66.87
67.43
68.58
69.27
68.93
67.98
67.15
67.11
67.45
67.58
67.24
66.60
66.20
66.19
66.34
66.25
65.60
64.85
64.44
64.16
64.02
64.59
65.71
66.23
65.92
65.47
65.10
64.84
64.80
65.08
65.64
66.15
65.80
64.65
63.98
64.18
64.97
65.62
65.30
64.51
64.11
64.12
64.46
65.17
66.16
66.94
67.10
66.49
65.40
64.46
64.24
65.00
65.68
65.37
64.79
64.44
64.03
63.67
63.98
64.83
65.45
65.54
65.17
64.94
65.34
66.05
66.85
68.39
70.49
71.31
70.42
68.88
68.18
69.11
70.90
73.12
75.89
76.60
73.20
70.05
68.53
67.26
65.80
64.36
64.06
65.02
65.21
64.12
63.50
63.95
64.96
65.95
66.38
66.95
68.51
69.96
70.33
70.62
71.17
71.34
71.05
70.60
70.40
70.63
71.06
71.26
70.95
70.74
70.74
70.04
69.29
69.83
70.70
70.72
70.03
69.44
69.96
70.97
71.35
71.12
70.51
69.69
69.43
70.37
70.89
70.03
69.32
69.04
68.38
67.86
68.03
67.86
66.85
65.90
65.58
66.12
66.67
66.21
65.98
66.97
67.60
66.88
65.88
65.36
65.66
66.43
66.99
67.11
66.98
67.57
68.87
68.79
67.29
66.31
66.08
65.97
65.15
63.49
62.44
62.62
63.33
64.00
64.38
64.22
63.32
62.68
63.75
65.59
66.13
65.48
64.71
64.77
65.80
66.16
65.08
63.65
62.46
61.54
61.03
61.02
61.13
60.80
60.64
61.60
62.99
63.40
63.17
63.27
63.99
65.27
66.32
66.43
65.82
64.98
64.43
64.05
63.19
62.15
61.68
61.90
62.61
63.26
63.28
62.89
62.57
62.67
63.26
63.74
63.62
63.11
62.59
62.59
63.07
63.37
63.13
62.48
62.20
63.32
65.26
66.32
66.25
65.71
65.16
64.94
65.21
65.69
65.31
64.10
63.36
63.36
63.62
63.82
63.74
63.44
63.18
63.47
64.60
65.61
65.63
64.94
64.20
64.30
65.18
65.84
65.86
65.34
64.67
