71.05
70.85
70.97
72.92
75.06
75.80
75.28
74.81
75.19
74.78
74.07
75.00
76.68
77.44
76.09
73.81
72.17
71.49
71.58
72.01
72.93
74.46
76.22
76.73
74.80
73.33
73.33
73.15
72.77
72.92
74.15
75.97
76.92
76.78
75.76
74.05
72.43
71.77
72.51
74.05
74.68
73.44
70.90
69.46
69.16
68.75
69.14
71.04
72.52
72.55
72.16
71.32
69.91
69.10
69.04
68.58
68.44
70.06
72.05
72.66
72.01
70.90
70.12
69.50
68.74
68.08
67.98
69.06
71.08
73.09
73.33
71.76
71.77
73.26
73.83
74.31
75.36
75.50
74.75
73.93
72.67
71.01
69.55
68.54
68.14
68.69
70.13
71.80
72.49
71.18
69.26
68.01
67.56
67.47
67.07
67.28
69.17
71.33
72.06
70.98
69.41
69.19
69.44
69.18
69.67
71.43
73.48
74.82
74.81
74.16
73.02
70.79
69.18
69.53
70.40
70.75
70.60
69.76
68.15
66.83
66.34
66.11
66.18
67.18
68.90
70.46
70.65
69.20
68.30
68.56
68.68
68.92
70.27
72.14
73.48
73.62
73.18
73.61
74.79
75.77
75.12
74.26
75.21
76.32
76.09
74.48
72.74
71.70
70.98
70.59
70.79
71.79
73.36
74.33
74.10
72.88
71.49
70.41
69.51
69.42
70.92
73.18
74.90
75.04
73.90
72.60
71.28
70.42
71.04
72.63
73.79
74.05
73.64
73.37
72.92
71.92
71.67
72.66
74.16
75.27
75.22
74.12
72.42
70.84
70.53
71.66
72.34
72.71
74.29
74.54
72.09
70.41
69.95
69.52
69.80
71.25
72.98
74.03
73.75
72.46
71.00
70.33
70.40
70.61
71.28
72.65
73.88
74.01
72.62
71.47
71.64
71.74
71.31
71.00
71.70
73.56
74.52
73.97
73.25
73.97
75.72
74.45
72.23
72.91
73.95
74.00
74.73
74.87
73.04
71.21
70.44
70.74
71.86
73.39
74.63
74.87
73.81
72.47
71.72
71.55
71.76
72.14
72.93
74.09
74.83
74.60
73.28
71.56
70.25
70.08
70.99
72.54
73.98
74.63
74.28
73.43
72.66
71.95
71.82
73.18
74.81
75.16
74.69
74.10
73.82
73.64
73.41
73.31
73.77
75.02
76.18
75.98
73.62
71.30
70.36
69.62
69.25
70.20
71.38
71.55
71.33
70.92
69.87
68.72
68.19
68.60
69.91
71.65
73.22
73.97
73.43
72.10
71.67
71.94
71.80
72.53
74.65
76.06
75.72
74.12
72.52
71.55
71.08
70.91
71.01
72.03
73.73
74.65
73.84
71.71
70.57
70.72
70.75
70.79
71.33
72.14
73.20
74.77
76.05
76.21
76.13
76.14
75.90
75.27
74.79
75.45
76.52
76.66
75.27
73.44
72.46
71.43
70.46
71.01
72.56
73.72
73.72
72.49
70.73
69.53
69.59
70.17
71.00
72.63
74.44
75.08
74.02
72.21
71.61
71.35
70.39
70.66
72.50
73.78
74.30
74.68
73.84
72.40
72.51
73.53
74.38
75.49
76.86
77.73
76.97
75.06
74.13
73.79
73.14
72.28
71.93
72.86
74.29
75.06
74.32
72.70
71.39
70.75
71.01
72.30
73.76
74.33
74.54
74.41
73.24
72.97
74.74
75.43
75.16
76.75
78.22
77.61
75.66
73.58
72.05
70.88
70.26
70.52
71.33
72.42
73.81
74.16
71.85
69.62
69.13
69.08
68.85
68.57
68.90
70.26
71.76
72.29
71.14
69.41
68.62
68.48
68.68
69.49
70.70
71.67
72.58
73.45
72.76
71.09
70.98
71.65
71.88
73.00
75.04
76.00
75.60
74.54
73.35
72.29
71.45
70.99
71.07
71.79
72.46
72.11
71.08
70.12
69.91
70.37
70.99
71.79
72.89
74.33
75.35
74.86
73.76
72.82
71.55
70.93
72.19
74.17
75.34
74.83
73.36
72.22
71.91
72.22
72.53
73.14
74.31
75.10
74.88
73.83
72.69
71.95
71.54
71.93
73.58
75.23
75.88
76.07
76.67
77.80
77.41
75.92
75.49
76.18
77.22
77.43
76.16
73.99
72.62
71.85
71.29
72.38
74.89
76.23
76.04
74.97
72.90
71.10
71.03
71.54
71.93
73.29
75.31
76.44
75.94
74.36
73.30
72.72
72.28
72.56
73.42
74.08
74.55
74.86
74.44
73.32
72.01
70.86
70.52
72.06
75.01
77.91
79.70
80.80
82.22
78.69
80.82
125.46
166.98
159.88
100.68
81.20
89.40
89.62
90.83
92.15
91.51
90.43
89.06
86.47
83.25
80.89
80.25
80.56
81.31
83.05
84.29
84.07
83.32
81.63
79.94
79.65
79.24
79.21
81.02
81.92
80.99
79.81
78.79
77.84
76.66
75.01
74.23
76.07
78.33
78.98
78.52
77.69
76.92
76.16
75.17
74.31
75.38
77.67
78.45
77.12
74.85
73.44
73.22
73.64
73.59
73.72
75.26
76.78
76.75
75.04
73.45
73.00
72.34
72.42
74.97
77.05
76.33
74.81
73.52
72.56
71.56
70.92
71.55
73.15
74.72
74.74
73.43
72.41
71.78
71.35
71.23
72.03
74.29
76.04
75.71
74.51
73.89
74.74
76.46
78.35
79.83
80.64
80.36
78.45
75.60
73.00
71.54
70.35
68.86
68.66
69.98
71.28
71.25
69.41
67.23
65.89
65.64
65.93
65.69
65.71
67.35
69.61
70.79
70.46
69.11
67.94
67.30
67.14
68.09
70.39
72.24
72.35
71.35
70.24
69.72
69.26
68.77
69.28
70.94
72.96
73.39
71.57
70.88
71.68
71.77
72.61
75.54
77.10
76.56
76.34
74.55
71.39
70.32
70.21
69.22
69.23
71.02
72.88
73.20
71.26
68.92
67.54
67.10
67.12
66.98
67.14
68.27
70.09
71.66
71.21
69.47
68.90
68.95
68.62
68.56
69.21
70.38
71.52
71.98
71.62
70.77
70.12
69.68
69.15
69.62
71.70
72.72
71.72
70.87
70.57
70.39
70.17
70.21
71.20
72.59
73.09
72.23
70.57
69.58
69.44
69.64
70.28
71.46
72.71
73.22
72.30
71.08
70.52
69.86
69.07
68.88
69.33
70.22
71.61
72.73
71.59
69.62
69.32
69.38
68.86
69.14
70.56
72.31
73.62
73.89
72.94
71.58
71.06
70.87
70.49
71.01
72.59
74.08
74.38
73.37
72.98
73.21
72.38
71.77
72.60
73.86
74.92
75.57
74.66
72.25
70.36
69.59
69.61
69.18
68.32
69.07
71.26
72.84
73.38
73.24
72.64
72.13
72.26
71.92
70.83
71.40
73.60
75.04
75.39
74.81
72.84
70.89
70.52
70.21
69.52
70.48
72.78
74.36
74.22
72.68
71.33
70.76
70.75
70.70
70.73
72.15
73.99
73.75
73.13
73.91
75.58
77.37
78.50
78.74
78.16
76.97
75.04
72.79
71.11
70.12
69.88
70.98
72.85
73.53
72.63
70.98
69.83
69.38
68.89
68.48
68.65
69.98
72.31
73.77
73.60
72.41
71.08
70.16
69.71
69.47
69.23
69.81
71.70
73.47
74.09
73.60
72.15
70.45
70.28
71.08
70.38
69.82
71.41
73.20
73.40
71.98
70.08
68.85
68.42
68.72
69.56
70.79
72.13
72.34
71.07
70.37
70.44
70.08
70.21
71.81
73.85
74.50
72.63
74.88
86.45
94.01
90.26
84.96
83.01
82.84
79.76
76.98
75.10
72.76
71.84
73.07
75.19
75.33
72.14
69.68
68.77
67.78
67.08
67.46
68.91
70.63
70.60
69.01
67.65
66.51
65.41
65.40
66.75
68.23
69.04
69.07
68.51
67.73
67.42
67.72
67.50
67.09
68.38
70.71
71.80
71.19
69.68
68.85
68.82
68.56
68.00
67.64
68.13
69.62
71.11
71.66
70.84
69.65
69.14
69.19
69.50
69.81
70.52
72.13
73.32
72.93
71.57
70.30
69.97
70.14
70.49
71.71
73.22
73.28
72.48
71.86
71.25
70.65
70.46
72.11
75.93
77.60
77.28
79.53
80.98
79.87
79.61
79.33
78.40
78.20
79.31
80.17
77.47
74.36
73.06
71.99
70.81
70.09
71.16
73.87
75.80
76.12
75.39
74.09
72.59
71.11
69.48
68.06
68.21
69.74
70.94
70.49
68.17
66.04
64.98
64.25
63.89
64.61
66.32
68.41
69.79
69.60
68.96
68.71
68.56
68.37
68.21
68.37
69.11
70.37
71.59
71.52
70.35
69.18
68.09
67.07
66.47
66.58
67.55
68.83
69.47
68.99
67.68
67.03
67.47
68.01
68.63
69.96
70.75
69.81
68.89
68.81
68.69
68.36
68.13
68.01
68.11
68.93
70.50
71.98
72.48
71.64
71.37
72.31
72.11
71.42
72.53
74.01
74.23
73.59
72.43
71.04
70.25
70.14
69.85
69.75
70.76
72.58
74.13
73.67
71.68
70.18
69.78
70.24
70.48
70.66
71.80
72.92
72.81
72.03
71.20
70.70
71.31
73.26
74.85
74.92
73.68
72.37
71.69
70.87
69.56
68.07
68.09
70.37
72.46
72.56
70.89
68.78
67.44
67.11
67.58
68.26
69.18
70.85
72.56
73.40
73.97
74.20
72.98
71.38
70.79
71.29
72.19
72.18
70.81
68.61
67.35
67.18
66.74
66.35
67.15
68.62
69.75
69.78
68.91
68.52
68.65
68.53
68.73
69.88
71.58
72.88
72.61
71.57
71.13
70.73
70.50
71.99
74.22
74.78
73.78
72.17
70.78
69.88
69.50
69.46
69.88
71.22
73.04
74.20
74.08
73.07
72.69
72.81
72.49
71.90
71.76
72.90
74.68
75.66
75.14
73.60
72.32
71.70
71.40
70.50
69.85
71.42
73.77
74.52
73.68
72.26
71.44
70.99
70.48
70.09
70.39
72.04
73.87
74.36
74.07
73.59
73.11
72.45
71.93
73.02
75.24
76.38
75.33
73.04
72.11
71.89
71.22
71.75
73.55
74.28
74.28
74.59
73.87
72.69
72.88
72.51
70.81
71.29
73.54
74.19
73.46
72.40
71.06
70.10
70.25
70.65
70.75
71.42
72.80
74.12
73.75
71.42
69.80
69.45
69.48
69.41
69.31
70.18
71.90
72.83
72.60
71.91
71.94
72.59
72.31
