68.95
70.19
71.05
70.49
68.79
67.84
67.72
67.63
67.57
67.78
68.55
69.78
70.87
70.99
69.72
68.72
69.08
69.68
70.29
71.90
73.77
74.26
72.53
69.75
68.35
68.01
67.78
68.03
68.84
69.19
68.68
67.70
66.64
65.88
65.88
66.90
68.65
70.23
70.06
68.59
67.38
66.73
66.52
66.55
66.97
68.37
69.95
69.86
68.70
67.80
67.27
66.95
66.63
66.58
67.34
68.91
70.82
71.86
71.22
69.69
69.02
70.98
73.80
74.86
74.58
73.81
72.89
71.51
69.45
67.10
65.26
64.74
65.21
65.96
66.20
65.47
64.18
62.92
62.32
62.34
62.35
62.44
63.26
64.42
64.92
64.92
65.18
65.51
65.49
65.34
65.49
66.65
68.74
70.25
70.25
68.94
67.44
66.77
66.97
67.82
68.95
69.94
70.31
69.88
68.89
68.48
68.73
68.13
67.39
68.44
70.18
70.65
69.87
68.80
68.85
69.56
69.57
69.48
70.08
70.99
71.07
69.00
66.74
66.39
66.47
66.17
66.96
68.88
69.90
69.38
68.11
67.38
67.68
67.49
66.85
67.89
69.89
70.17
69.14
68.23
67.73
67.44
66.83
66.25
66.49
67.45
68.57
68.67
67.54
67.04
67.55
67.97
67.75
67.01
67.12
68.83
70.36
70.47
69.60
68.38
67.38
66.71
66.34
66.17
66.23
66.75
67.56
68.15
68.18
67.54
66.80
66.37
66.14
66.36
67.59
68.89
68.63
68.21
69.13
69.73
69.52
70.64
72.97
74.68
75.56
75.88
75.66
75.95
77.74
79.56
80.21
79.60
78.19
76.21
73.80
72.57
72.65
72.17
70.56
68.37
67.10
66.91
66.42
65.81
66.24
67.72
69.66
70.91
70.69
69.67
68.74
68.56
68.64
68.46
68.95
70.30
71.05
71.62
73.60
75.12
74.46
73.69
73.00
71.44
70.04
69.57
69.86
70.39
70.42
69.21
66.88
65.02
64.06
63.41
62.95
62.82
63.20
64.18
65.07
65.10
64.76
64.70
65.10
65.76
65.87
65.72
66.78
68.24
67.77
66.48
66.14
65.76
64.84
64.89
66.21
67.35
67.71
67.62
67.12
66.25
65.76
65.91
65.80
65.23
65.12
65.70
66.53
66.60
65.11
63.93
64.53
65.28
65.12
65.56
67.08
68.15
68.04
67.12
66.37
66.57
67.02
67.13
67.46
68.20
68.86
68.88
67.97
67.04
66.90
66.97
67.04
67.77
69.01
69.80
69.08
66.72
65.12
65.33
65.76
65.83
66.34
67.26
67.77
67.08
65.14
64.26
65.50
66.91
67.47
68.27
69.63
70.90
70.84
69.00
67.80
68.05
68.20
68.38
69.80
71.58
72.24
71.40
69.68
68.31
67.55
67.33
67.74
68.73
69.71
70.13
69.64
68.45
67.03
65.76
65.00
65.13
66.14
67.54
68.36
67.57
66.32
65.95
65.91
65.80
66.22
67.28
68.28
68.55
67.71
66.41
65.42
64.79
64.46
64.35
64.43
64.70
65.42
67.02
68.82
69.49
68.79
67.28
66.20
66.01
66.29
67.02
68.43
69.93
70.60
69.90
68.02
65.95
64.62
64.68
65.58
66.39
67.03
67.57
67.69
67.27
66.57
65.82
65.19
64.81
64.80
65.43
66.79
68.13
68.78
68.68
68.26
68.18
68.48
69.00
70.56
73.20
74.15
72.70
70.88
69.79
69.74
70.17
70.99
72.50
73.34
72.20
70.50
69.30
68.77
68.65
68.67
69.20
70.15
70.46
70.01
69.45
68.25
66.21
64.88
64.91
65.74
67.00
68.38
68.58
66.41
64.08
63.26
63.13
63.38
65.00
67.53
68.08
66.75
66.39
67.53
69.65
71.80
73.27
74.61
75.55
75.06
73.91
72.64
70.68
68.93
68.52
68.70
68.48
67.14
65.08
63.47
62.66
62.61
62.76
62.71
63.26
64.82
65.43
64.03
62.96
63.24
63.75
64.05
64.65
65.70
66.99
67.72
67.13
66.32
66.37
66.51
66.30
66.26
66.72
67.65
68.46
68.31
67.41
66.32
65.59
65.32
65.05
65.04
66.05
67.21
66.90
66.03
65.82
65.73
65.33
64.91
65.08
66.62
68.78
69.46
68.78
67.93
67.52
67.52
67.13
66.73
67.66
69.35
70.21
69.71
68.36
67.75
68.00
67.79
67.28
67.28
67.85
68.71
69.28
69.16
68.40
67.60
67.51
67.96
68.69
69.72
70.91
71.72
71.94
71.67
71.36
71.11
70.47
70.22
71.55
73.04
73.27
73.02
72.37
70.97
70.21
70.44
69.46
67.96
68.36
69.51
69.44
68.33
66.94
66.10
65.92
66.08
66.51
67.16
67.61
67.67
67.85
68.33
68.69
68.68
68.33
68.41
69.43
70.37
70.44
69.62
68.53
67.87
67.49
67.20
67.12
67.46
68.35
68.98
68.26
67.35
67.33
67.37
67.05
67.02
67.54
68.47
69.29
69.36
68.46
67.02
66.25
66.66
68.10
69.27
68.88
69.77
73.48
75.26
74.30
75.05
76.35
76.30
75.77
75.10
74.08
72.39
70.21
68.04
66.07
64.66
64.81
66.35
67.10
66.30
65.08
64.17
63.87
63.69
63.24
63.38
64.69
66.01
66.25
65.58
64.62
64.30
64.49
64.42
64.66
66.25
68.19
68.81
68.05
66.80
66.66
67.37
66.98
66.47
67.93
69.71
69.64
68.49
67.38
66.85
66.48
65.54
65.24
66.71
68.22
68.13
67.01
65.86
65.59
65.79
65.50
65.36
66.30
67.63
68.40
68.03
66.94
66.54
66.67
66.39
66.24
67.06
68.55
69.77
69.20
67.34
66.46
66.65
67.05
67.07
66.72
67.13
68.49
69.21
68.68
67.40
66.32
66.03
65.84
65.46
65.80
67.03
68.31
68.60
67.27
66.04
66.35
66.62
66.10
66.48
68.08
69.48
69.94
69.52
68.85
68.62
69.17
70.01
69.86
69.61
70.75
72.33
72.99
72.05
70.47
69.69
69.09
68.32
68.35
69.32
70.43
70.74
69.76
68.66
68.15
67.83
67.36
66.72
66.70
67.92
69.21
69.43
68.56
67.42
67.14
67.26
66.92
66.66
67.01
67.73
68.16
67.32
65.81
64.97
64.64
64.44
64.99
66.51
67.65
67.56
66.83
66.07
65.67
65.51
65.33
65.21
65.48
66.69
68.48
68.39
66.42
65.22
65.07
65.22
65.68
66.55
67.45
67.93
67.64
66.95
66.82
66.98
66.62
66.56
67.62
69.01
69.97
70.48
70.37
69.42
68.61
68.70
68.76
68.63
69.56
70.99
71.12
70.21
69.14
68.26
67.77
67.73
67.73
67.42
67.74
69.21
70.54
70.84
70.32
69.60
69.21
68.83
68.57
69.54
71.21
71.60
70.79
69.76
69.03
68.80
68.95
69.42
70.18
71.16
71.94
71.54
70.38
69.83
69.76
69.58
68.93
68.31
68.94
70.06
70.07
69.19
68.12
67.43
67.07
66.60
66.63
67.94
69.46
69.91
69.16
67.54
65.66
64.65
65.56
67.51
69.21
70.62
71.50
70.79
69.13
68.19
67.63
67.01
67.18
68.24
68.95
68.98
68.89
68.80
68.63
68.11
67.61
68.34
69.65
69.57
68.94
69.01
68.76
67.77
67.05
66.72
66.38
66.70
68.34
70.10
70.47
68.83
66.43
65.38
65.36
65.45
65.90
66.96
68.01
68.63
68.97
68.80
67.66
66.64
66.81
67.39
67.93
69.30
71.12
71.47
70.18
68.34
67.15
66.94
66.99
67.26
68.22
69.43
69.88
68.58
66.11
65.24
66.18
66.99
67.60
69.00
70.56
71.04
69.58
67.25
66.60
66.96
66.52
66.45
67.99
69.70
70.10
68.89
67.04
65.97
65.80
66.30
67.43
69.13
71.21
73.05
73.58
72.67
71.01
69.87
69.42
68.78
68.66
70.10
72.37
72.71
66.80
59.88
58.08
59.29
60.40
60.92
61.36
62.13
63.43
64.24
63.62
63.19
64.32
65.94
66.96
67.69
68.74
70.85
73.02
72.98
71.08
69.00
68.43
68.51
66.94
66.28
69.44
73.62
75.14
73.58
70.96
69.50
68.49
67.59
68.06
70.23
73.42
75.41
74.22
71.89
70.36
70.30
70.58
70.33
71.23
73.20
73.49
71.91
69.91
68.83
68.70
68.35
68.16
69.11
70.50
71.34
71.26
70.34
69.07
68.32
68.60
69.09
69.38
70.15
70.78
69.94
69.07
69.37
69.62
69.61
70.65
71.94
71.63
69.60
67.04
65.88
66.02
66.30
66.82
68.10
70.04
71.86
71.68
69.78
68.43
67.84
67.65
68.12
69.30
70.65
71.05
69.47
67.71
67.40
67.66
67.88
68.38
69.50
71.36
72.49
71.54
69.78
68.20
67.02
66.66
67.55
69.36
71.36
72.36
71.63
69.47
67.60
67.38
68.21
69.54
71.29
72.72
72.63
71.51
70.35
69.58
69.07
68.45
68.74
70.80
72.78
72.81
70.56
68.01
67.11
66.90
66.62
66.92
67.86
68.62
68.82
68.46
67.34
65.69
64.73
64.80
65.03
65.53
67.29
69.41
69.87
68.97
67.79
66.72
66.04
66.02
67.03
69.39
71.79
72.42
71.87
71.04
70.18
69.61
69.57
69.85
70.29
71.02
71.72
71.65
70.72
69.43
68.81
68.74
68.09
67.57
68.33
69.48
70.07
70.42
70.30
68.97
67.86
68.37
69.07
69.05
69.49
70.56
71.36
71.60
71.43
71.14
70.94
70.88
70.55
69.77
69.79
70.89
71.59
71.29
70.35
69.66
69.54
69.17
68.68
68.85
69.12
68.92
69.50
70.81
70.25
68.71
68.92
69.43
68.71
68.31
68.96
69.98
70.58
70.23
69.66
69.31
68.36
67.53
68.56
70.44
71.08
70.16
68.51
67.66
67.47
66.88
66.36
66.63
67.54
68.65
69.38
69.40
68.80
68.18
68.14
68.40
68.78
69.61
70.71
71.27
71.06
70.30
69.50
68.95
68.60
68.62
69.26
70.03
70.34
70.05
69.33
68.62
68.49
69.21
69.58
69.24
70.26
72.58
73.85
73.35
71.89
71.36
71.74
71.55
71.50
72.38
73.00
72.99
73.14
73.12
72.56
72.04
71.65
71.18
71.43
72.77
73.71
73.29
