143
142
163
157
139
136
113
114
110
113
117
119
130
132
137
137
131
127
132
142
142
128
127
139
142
143
139
122
116
122
124
124
121
116
120
120
126
121
117
121
119
119
118
120
122
114
115
122
118
120
119
121
123
118
122
116
119
115
111
114
111
114
115
126
114
121
120
122
115
112
112
124
124
130
140
135
136
138
130
135
125
125
123
120
125
123
119
125
122
118
113
117
136
143
127
127
127
118
118
123
122
119
121
120
122
118
116
118
125
113
115
118
115
121
123
120
121
120
114
118
136
135
125
148
146
145
142
132
129
137
136
123
130
122
120
117
117
121
117
117
119
116
115
114
114
112
113
112
108
110
114
126
130
129
127
129
120
128
129
132
132
129
129
129
125
129
128
127
123
131
136
133
134
134
127
127
125
128
132
136
130
129
131
130
130
136
137
133
133
127
125
129
129
129
126
123
122
130
127
113
110
132
132
132
125
115
116
101
105
110
108
115
126
127
138
129
157
156
147
130
115
112
115
117
116
116
118
114
115
116
119
120
111
122
116
110
115
121
113
105
101
115
130
150
147
139
117
113
101
99
