4650328 1.0300640886361603
4650779 1.0019695967512785
4651219 0.9800033320513092
4651640 1.0285008287648891
4652058 1.0371851550618985
4652477 1.0507037526848753
4652902 1.03479379338295
4653335 1.015702466902851
4653780 0.973652337028991
4654212 1.034346767248121
4654656 1.03413890826697
4655112 1.090280963743632
4655573 1.071052887103903
4656038 1.0466831064564746
4656486 0.9772919522505126
4656930 1.0801258599865962
4657368 1.0662816184911033
4657811 1.0934399042656127
4658254 1.0768544999382055
4658691 1.0353161555668857
4659111 1.0541151030929174
4659539 1.0603976228420517
4659955 1.0388914454094174
4660392 1.0897279764947834
4660822 1.083735879672111
4661241 1.0659773459012483
4661655 1.0461956616236046
4662064 1.133623392427224
4662480 1.0748695831196735
4662910 1.103581190161588
4663338 1.0854658653965772
4663778 1.0486336486928476
4664215 1.0111998685207633
4664657 1.0713046139770546
4665100 1.0408544669175797
4665542 1.0572099075319548
4665988 1.0430328291896342
4666443 1.0255202946685693
4666882 0.967243424883639
4667317 0.9865604350922538
4667757 1.0381356985955774
4668205 1.056735385482535
4668663 1.0438378862096636
4669127 0.9822450947510972
4669578 0.9791379056429501
4670025 0.9699562854250774
4670487 1.0467502336520913
4670950 1.0453588906268054
4671412 1.0157148564983085
4671869 0.9540329891133685
4672320 1.0102465507216765
4672774 1.024165853745593
4673239 1.0546252696908298
4673703 1.0218365182023748
4674158 0.9480411160275064
4674587 0.9605655238453474
4675007 0.9438821604505299
4675443 1.03570669833848
4675892 1.0286418548115335
4676351 1.01257765140174
4676811 0.9307233229599141
4677268 0.9248814022847724
4677741 1.0181956292360046
4678234 1.0086355058986904
4678741 0.9728706847718884
4679248 0.9492263036496336
4679736 0.8755550074225862
