6838169 -0.0470513183529101
6838587 -0.07453158334083221
6838784 -0.0958801165442491
6839080 -0.041818993043698516
6839497 -0.03355489554160093
6839803 -0.014827708891089371
6840074 -0.18599173862245538
6840279 -0.3380431538310739
6840694 -0.5244864266550129
6840877 -0.031215104956356265
6841168 -0.1962654733320645
6841504 -0.08761844979136751
6841744 -0.5614594374929496
6842184 -0.07333597544459947
6842371 -0.23998550677182529
6842710 -0.21399868359141722
6843037 -1.3552989484179816
6843379 -0.3293643135332942
6843678 -0.08044969750658176
6843918 -1.507603957239159
6844278 -1.2133060744541317
6844488 -1.4807672968368717
6844747 -0.46858779518628857
6845359 -0.839867631081113
6845781 -0.012582588579199694
6846055 -1.2730701939308255
6846356 -1.3466416525209317
6846609 -0.14053295802675425
6846891 -0.22188155217418087
6847202 -0.2936956669025039
6847540 -0.20154948089980373
6847794 -0.2989442720314439
6848112 -0.8295284361430668
6848555 -0.3045236753161751
6848847 -0.7560260655105244
6849153 -1.6827850231793822
6849431 -0.32561961885470914
6849775 -0.3990657916410232
6850567 -1.7636475815407877
6850778 -0.07574687537058988
6851151 -0.6844256732599425
6851469 -1.9000907575716321
6851827 -0.41565466820871666
6852125 -0.4524922199421939
6852468 -0.09807367927484567
6852837 -0.22940452769013453
6853189 -1.2714194021752288
6853512 -0.6042910514256887
6853720 -1.7997945000996174
6853948 -1.6487850751948927
6854151 -2.166655017181757
6854595 -0.6227902421695806
6854871 -2.0953510560739907
6855130 -0.18643457475976383
6855437 -0.3529448763622841
6855884 -0.6318337996749518
6856086 -0.23697994821048007
6856293 -0.2572200566930408
6856487 -0.6006981789350878
6856803 -0.6581467878597633
6857190 -0.5751273958805843
6857533 -0.6577441084461926
6857978 -2.462768503840724
6859040 -3.46595613515817
6859678 -0.44083296769764146
6860167 -0.42187224742992857
6860523 -0.11313470820558535
6860862 -0.1293659340884208
6861183 -0.06461062830992326
6861532 -0.09175648631801314
6861864 -0.041962265080828676
6862208 -0.08942739177249548
6862516 -0.032570569715624664
6862878 -0.07231654946501997
6863223 -0.061894889829441024
6863568 -0.07114926585317177
6863883 -0.05025111384005408
6864253 -0.06744206112380306
6864604 -0.04342424400361186
6864971 -0.04702134943821029
6865333 -0.0446589056448605
6865654 -0.03976357694256719
6866050 -0.03557103032403869
6866404 -0.053832137318846646
6866747 -0.04780629903213586
6867090 -0.05893171092593699
6867414 -0.06991766112495118
6867751 -0.059185261375268645
