5129875 0.6613766260223943
5130218 0.7197348642396535
5130573 0.6985224769062681
5130928 0.7641139217955334
5131286 0.7476929132466067
5131650 0.708179309059251
5131998 0.7096194064823769
5132362 0.7156044504200759
5132726 0.7151685682270646
5133083 0.73723659469177
5133428 0.7482147802425041
5133772 0.7656428821545882
5134124 0.7228470421809176
5134482 0.8104167606939745
5134845 1.2164193817959925
5135217 1.885275399422767
5135931 0.2933438239629853
5136264 0.8120603099053354
5136594 1.068013939629472
5136926 1.2196746258340943
5137258 1.0382216433962306
5137582 0.953632935211463
5137910 1.0824443465023696
5138239 1.0550993207287458
5138564 0.7932376360988959
5139206 0.9901292978246834
5139523 0.9567320686174917
5139830 0.7668857602627133
5140147 0.9811243185741836
5140467 1.3785102711943318
5140784 1.0006542765893036
5141109 1.0225747810296597
5141438 1.2761723480317682
5141769 1.0507031337304762
5142096 1.1527049450405877
5142432 0.7805490051981911
5142770 1.1592554887308915
5143113 0.9852958234866125
5143462 1.14618407917841
5143816 1.2557830786848947
5144159 1.2173835203044798
5144506 1.5069321984228954
5144860 1.5786700330394008
5145210 1.1238029166567316
5145542 1.167084883343821
5145893 1.1473789963244294
5146244 1.1407696164906813
5146589 1.173723915992933
5146931 1.1204338453874203
5147257 1.0849616642086204
5147593 1.1011699229139595
5147936 1.178131989975635
5148289 1.0941873594293523
5148645 1.0914172309128358
5149012 1.1383798139164722
5149387 1.18668389314651
5149765 1.2851483148872735
5150141 1.7642037752043997
5150496 1.3656254220544186
5150856 1.3572022580956924
5151206 1.4329005470606875
5151555 1.0119144106638593
5151888 0.9670907552424823
5152225 1.1203616684837443
5152555 1.1180646293249974
5152875 1.2868509521170162
5153190 1.109970613695363
5153508 0.9080441495552366
5153825 0.8118204763917266
5154141 1.2113706268350364
5154453 0.9416337606755568
5154771 0.9566215261743795
5155091 0.9787902857412624
5155417 1.0166547199948404
5155753 0.988454369534784
5156092 1.0862132252417194
5156430 1.0621050973508845
5156762 1.0872337030619024
5157086 1.132317180037011
5157411 1.0957826072552648
5157736 1.0971556549071
5158059 1.0820202522000026
5158390 1.2808105416007107
5158725 1.2077587513481385
5159065 0.9033185187599886
5159393 1.0483308430218685
