1352983 0.9843454445242393
1353288 0.9773445903586668
1353596 1.1559575464314333
1353910 1.1158311177840856
1354225 1.0903182556526099
1354543 1.0940039358859246
1354859 0.989157148855321
1355177 1.1039693975371505
1355495 1.1355879186443154
1355813 1.1124799819536484
1356124 0.9957293487516088
1356431 0.9658445148252044
1356741 1.0771771636416048
1357050 1.091773843532982
1357360 1.128425682703173
1357675 1.0962984080981473
1357984 0.9892099004121011
1358295 1.000413281840324
1358612 1.0605669496965455
1358934 1.0802025947033649
1359261 1.0905843703396942
1359589 1.015063927636929
1359913 0.9312501938416603
1360238 1.0181588179709344
1360564 1.0718078487826013
1360892 1.0897397451499236
1361221 1.0558015885293748
1361553 0.9863057683213297
1361878 0.9571592411223561
1362209 1.0123438052024156
1362544 1.0796955420521241
1362882 1.0787168059425636
1363226 1.0505376612619917
1363559 0.9788839509298357
1363892 0.9601416094220816
1364230 1.0876805629993294
1364567 1.0884423328149069
1364904 1.0634966301334998
1365233 0.9756055342930239
1365561 0.9748899828482296
1365895 1.0694134097329515
1366231 1.0956760094011841
1366571 1.0849336503814728
1366911 1.0209240802036776
1367246 0.9912998938723865
1367582 1.0119927904709938
1367921 1.0708874699154864
1368261 1.095569188065082
1368602 1.0775283481736546
1368932 0.9671997632648792
1369260 0.939312491633904
1369591 1.0805846712587415
1369921 1.099983295752838
1370254 1.1115653884489936
1370590 1.0291520150999318
1370916 0.9806117844658084
1371253 1.016726028761623
1371588 1.0558792050670474
1371921 1.0548003297627386
1372258 1.1131305205185802
1372588 0.9917571506898567
1372915 1.0061399514865321
1373248 1.0754162857217993
1373580 1.1006390850851178
1373912 1.1042945163099123
1374246 1.0850900788245785
1374573 1.0180538407260364
1374901 1.0090610750313167
1375236 1.0579603911134028
1375576 1.08182636051561
1375919 1.057432902310966
1376259 0.9405225053516595
1376594 0.9862538276735231
1376924 1.091890019421279
1377256 1.1616040665422296
1377585 1.185431322833177
1377912 1.1673116336634062
1378234 1.005409765589074
1378556 1.0327594124780444
1378881 1.06263856845456
1379208 1.1063553124347845
1379535 1.1025841916905792
1379859 0.9951834535331323
1380179 0.9617949813824523
1380503 1.055439869254714
1380830 1.1094530865531447
1381161 1.1305301912025385
1381492 1.0689503441273494
1381814 0.9764408185137334
1382142 1.050722814106933
1382467 1.1353175819957304
1382791 1.125959589341563
