3361328 0.8917542508871394
3361649 0.8338150675550319
3361981 0.8821595790628349
3362314 0.8236995477102991
3362646 0.8322387586030917
3362981 0.9428627672262793
3363306 1.1173657561667798
3363636 1.0892740717356064
3363948 1.1022349450368982
3364265 1.1045601708687696
3364584 0.9468710725072533
3364907 1.31619995346124
3365230 1.0092382651621095
3365556 0.9881830145140462
3365871 1.0158091495316224
3366186 0.8803535279479358
3366497 1.0440620676575463
3366805 1.0535319018841827
3367118 1.0310567451566768
3367435 1.0365040176213987
3367751 0.9542809241789411
3368066 0.7816864435674027
3368378 0.9428790235665601
3368692 1.174022734459038
3369326 0.7564698560495452
3369638 0.7336692462291818
3370260 0.4304530612329991
3370333 0.42533694245888753
3370571 0.700789169516615
3370879 0.4535854461968525
3371183 0.5954433028574981
3371480 0.5181040839391837
3371783 0.4618975243305088
3372088 0.5188020943749776
3372402 0.48847209478806763
3372725 0.5132743079616167
3373058 0.5173804183862363
3373400 0.5167747319787658
3373740 0.46447762737408294
3374077 0.6346877062013851
3374403 0.5349621838330314
3374730 0.5493785397162478
3375063 0.5277498168301283
3375401 0.524960524386385
3375748 0.5202832001898828
3376102 0.509654141592494
3376465 0.5082583031498814
3376826 0.6342566682578703
3377168 0.5416524184816803
3377501 0.50215199341924
3377837 0.526289687380765
3378168 0.517066128046
3378497 0.5657400104498174
3378821 0.5478940305713251
3379136 0.5809447027116268
3379451 0.6558685408386752
3379772 0.7246918408134148
3380099 0.6299778125732679
3380423 0.5898353403451428
3380756 0.6050199545659544
3381099 0.63737203155958
3381449 0.6942405456563331
3381801 0.7559022581666509
3382147 0.5938203645009485
3382491 0.5794720549868756
3382846 0.6027133103743741
3383207 0.5943441993773436
3383574 0.5904349120642438
3383947 0.5946562109433302
3384323 0.6634404129440621
3384690 0.6011900132019048
3385043 0.5577394542416422
3385402 0.5981533976446963
3385764 0.6805513288820136
3386127 0.6905660313785578
3386487 0.5905439907031435
3386846 0.607414823635095
3387216 0.6406978958360228
3387591 0.6804897618940684
3387975 0.7270361555881611
3388343 0.6063506053109
3388719 0.6049645140766177
3389110 0.6360948037702177
3389501 0.7086738020403157
3389893 0.6524459471151044
3390274 0.5877418390839998
3390667 0.6316708075642633
3391067 0.686249609868701
