1802780 1.0825780167818293
1803126 1.0914797710428519
1803471 1.1157937092753825
1803815 1.1208036389912934
1804152 1.0109651658988417
1804487 1.0020420748521819
1804824 1.092237045683635
1805164 1.1027462793595084
1805506 1.131402834589232
1805846 1.068145331709701
1806178 0.9682385958237187
1806512 1.0233361885394296
1806854 1.1147120499361312
1807196 1.134509763025029
1807540 1.124748466703033
1807890 1.0943392152359959
1808230 0.9845188871553501
1808568 0.9734367232474127
1808911 1.1016742987031793
1809256 1.1510782622632687
1809603 1.147715503313913
1809951 1.0138478729387992
1810287 0.9782765474474242
1810627 1.0521682731055217
1810973 1.1646073453860568
1811323 1.1300035310696281
1811675 1.1437136841839177
1812031 1.1124292820894814
1812379 0.9674136094881083
1812725 0.963633968288683
1813080 1.0833586038457637
1813435 1.1055531395205338
1813781 1.106568949078124
1814121 1.1046808299638458
1814456 0.9902793549401245
1814790 0.9583434655614982
1815130 1.1000452172837878
1815473 1.1240435111087401
1815817 1.1237896015052047
1816167 1.1211517458051568
1816509 1.0061554390255854
1816855 1.0272734324539878
1817209 1.0601823068112124
1817568 1.0530498962970638
1817928 1.1033996902911583
1818290 1.0277502141114458
1818643 0.9061137814623246
1818996 0.9328906924730727
1819357 1.0414290309675016
1819719 1.0603686627510767
1820082 1.0786536235828699
1820446 1.0197562479929565
1820799 0.9201056469010986
1821147 0.9587962020372502
1821507 1.0106516511740515
1821869 1.050623685343418
1822235 1.070840765533263
1822599 1.0177052759073604
1822950 0.8811414564039837
1823308 1.047722890438568
1823661 1.0297369319186376
1824012 1.013337474664636
1824359 0.9643152858457703
1824714 1.0275725235667466
1825070 1.038656954818413
1825424 1.0185699879160408
1825773 1.0790447952463145
1826109 1.0013457001751889
1826431 0.863687674676243
1826759 1.015788558003787
1827086 1.058355741991785
1827423 1.045321867027817
1827758 1.0796271994636388
1828090 0.954719845444647
1828419 0.8700969799096149
1828759 1.014434044415545
1829102 1.0317612883575573
1829448 1.0137071985737616
1829804 1.028559370332784
1830168 0.9694752495460732
1830513 0.9433478246609832
1830868 1.0199359795301524
1831234 0.995214312888892
1831596 1.0487868766186208
1831961 0.9620972354734315
1832319 0.8932682551322428
