123983 1.6641655217368192
124358 1.9172450596175536
124723 1.152597124068516
125081 1.0397286579529812
125442 1.2421469081331868
125809 1.378449991853667
126174 1.2289654869154445
126528 1.1442710768718019
126886 1.2761053462746983
127601 1.3796034081938604
127949 1.3536949843071184
128301 1.4637946312801655
128663 1.4474466528840157
129031 1.4861152362129293
129407 1.4327179218494948
129782 1.0969414377128288
130146 1.237161596375394
130516 1.2381978322420846
130887 1.4651835643872273
131253 1.271717002591446
131612 1.1826771021330365
131976 0.9287434936896918
132347 1.2574739916230966
132722 1.5667924949615386
133087 1.2011568188259873
133441 1.2237049017784418
133805 1.2064234205978321
134175 1.3232702392885667
134551 1.5661820700107842
134928 1.3229430717901114
135307 1.3457122839588287
135690 1.4479558014950773
136069 1.2211115405099453
136432 1.086593123806943
136805 1.3675418632972391
137180 1.3838246301796973
137557 1.42561045157613
137937 1.2454283751407182
138301 1.4220639925217153
138674 1.4585964263690208
139044 1.458397872960889
139419 1.3180538685163454
139782 1.2081731158418272
140153 1.1486852342750156
140526 1.3072308354141586
140902 1.432987786772321
141281 1.4353921352245655
141663 1.2187820375193508
142029 1.2353210531872276
142411 1.3292608780565027
142796 1.3521746361851883
143184 1.5098589302076908
143562 1.2139790316475203
143925 1.2076261708868936
144299 1.388611743892855
144667 1.5461107865215222
145040 1.2359082888424813
145398 1.042391433431136
145761 1.3439963744499304
146131 1.4374191701287224
146506 1.354760781249288
146888 1.3888927151488508
147268 1.3926883932854088
147650 1.4404422522898201
148031 1.2656219321981403
148398 1.2302012153076942
148779 1.3397108113705383
149166 1.3462404205831544
149556 1.4128923344224589
149946 1.398845708906208
150332 1.2805969011142253
150706 1.2882733240519955
151084 1.3561747595091411
151463 1.3771741844753915
151838 1.4187395674307044
152217 1.3579302369350832
152589 1.2858702707286596
152952 1.2364372397799244
153328 1.3281621346303307
153701 1.475271919328212
