3031701 -0.03379602371817275
3032149 -0.02480204915221018
3032611 -0.021932971249266853
3033045 -0.026132931256794945
3033527 -0.023745658508496525
3033969 -0.024875412453346124
3034408 -0.024555990602660782
3034890 -0.026964805786839907
3035345 -0.025629164333821897
3035818 -0.024644823236023017
3036254 -0.03819501575616685
3036714 -0.024198095498621897
3037180 -0.022736430551431985
3037652 -0.023014977150285554
3038118 -0.019809588281791413
3038563 -0.035439803148856475
3039021 -0.03232567926330654
3039479 -0.023362701074689518
3039947 -0.021179270588532084
3040417 -0.02442627796122676
3040879 -0.02183739365167875
3041332 -0.02687662519543116
3041797 -0.026900639740242926
3042259 -0.02560702155583544
3042698 -0.03656728092676398
3043150 -0.025111556322053863
3043583 -0.0165558218890689
3044014 -0.026133272922013784
3044496 -0.02839488007426294
3044935 -0.03545495915949565
3045382 -0.02864847372346746
3045813 -0.01787690688682525
3046237 -0.023424873170415528
3046707 -0.06345875231667525
3047125 -0.05016611982878033
3047558 -0.0311071468521662
3047993 -0.018046893811490827
3048410 -0.028619825153396283
3048876 -0.02516279744493216
3049317 -0.039212770844138045
3049752 -0.024450939184504583
3050188 -0.019650215273115057
3050646 -0.021969336891511426
3051102 -0.022602773069046234
3051533 -0.030356592319525033
3052004 -0.021243327133403433
3052444 -0.024649121184521117
3052876 -0.028740414485173338
3053299 -0.02155848751018724
3053756 -0.0256986991656169
3054237 -0.027661081870734794
3054674 -0.03734861822558588
3055144 -0.027584619795994747
3055580 -0.022861346655145998
3056031 -0.022840406963160698
3056474 -0.02434922001819817
3056930 -0.02379074440355361
3057346 -0.030776345210251077
3057788 -0.02198222821446899
3058242 -0.01960620613965125
3058712 -0.025175672239546143
3059159 -0.024444630013875313
3059621 -0.04031399142720715
3060053 -0.02867716263894332
3060518 -0.019199091821358094
3060996 -0.026079929810829128
