6778465 -0.09511579032075829
6778771 -0.042892326038227
6779068 -0.05013757252508136
6779437 -0.07839332450620143
6779663 -0.049324161195816354
6780082 -0.23764398226506336
6780270 -0.08302114815302053
6780565 -0.06433894583020974
6780879 -0.0395443239027623
6781174 -0.11006157536030475
6781494 -0.06385939244765851
6781831 -0.10475205282213479
6782080 -0.06445182832108592
6782388 -0.036809295486636945
6782695 -0.042969885869257735
6783009 -0.02553233529981961
6783320 -0.0615334515289188
6783637 -0.10456602122617244
6783952 -0.04553877993780137
6784270 -0.09404139084223483
6784579 -0.15298568244645153
6784914 -0.16248997132488355
6785229 -0.038745475775310706
6785579 -0.06600776931834404
6786005 -0.030340044201036004
6786268 -0.20898499177075308
6786556 -0.07524925724250608
6786979 -0.31806579351895037
6787191 -0.08335010775033791
6787522 -0.04117408828778801
6787839 -0.052584634724629375
6788231 -0.06601903798136255
6788486 -0.10401463063911076
6788839 -0.1233585530132455
6789136 -0.10658990346029151
6789474 -0.11313518236082731
6789813 -0.22789932726484086
6790102 -0.11435355958542703
6790410 -0.06316473710562942
6790740 -0.08212019216289235
6791049 -0.06721366213510357
6791405 -0.19012393463909058
6791697 -0.05188372683711689
6792032 -0.10974733292006233
6792346 -0.059129727311165475
6792712 -0.069033142971899
6793008 -0.07819423082143136
6793355 -0.12768408114384572
6793727 -0.049770890814679315
6794017 -0.09350883020534514
6794329 -0.06685589772699328
6794656 -0.019916221655160653
6794975 -0.11014783110987672
6795335 -0.048375572830918076
6795641 -0.18830119757338945
6795967 -0.11646709188127624
6796344 -0.09790013759913208
6796722 -0.010793476556584913
6796949 -0.06413581405585234
6797285 -0.06083957553385322
6797624 -0.0534257424494029
6797921 -0.048790238587687274
6798223 -1.8552327510937134
6798426 -6.1948711241875305
6798637 -0.031173361089510854
6798920 -0.12960319797868003
6799220 -0.599446105083862
6799914 -0.13947759941234716
6800274 -0.12625084423433597
6800526 -0.09173691603456646
6801221 -1.1320364126480762
6801385 -1.7263888428549525
6801592 -2.3658008599444584
6801719 -4.370083574451801
6802162 -0.14183500169951338
6802361 -0.20808922150812809
6802498 -0.6109914124370759
6802773 -0.3763933692759762
6803242 -0.4250126891003898
6803406 -0.6033614985191953
6804002 -0.21242621993173438
6804317 -1.3195258814998385
6804635 -0.06610027987512446
6805261 -0.12723324993405688
6805549 -0.1346481130088576
6805866 -0.053240852868599475
6806147 -0.08033205658525899
6806507 -0.22215248196678394
6806594 -0.4755219411805418
6806890 -0.3798562784750181
6807069 -0.23844863163075614
6807793 -0.01667516115023915
6808036 -0.15380345281559116
