1652627 0.6948499265333165
1652979 0.7862024543629333
1653327 0.609476963197805
1653663 0.6924770657435086
1654002 0.717351638671385
1654337 0.7467997302185941
1654671 0.798769040014522
1655000 0.7241865671379346
1655322 0.7041191174960314
1655652 0.6614219602102613
1655983 0.7072862233019008
1656303 0.5871318585615162
1656620 0.4546357968854132
1656927 0.8294150009720569
1657241 0.9187432192621816
1657558 0.9620825762396247
1657867 0.9347873011120149
1658172 1.003145796030248
1658483 0.5161736363854643
1658793 0.6475450898838397
1659091 0.4662575823154167
1659385 0.7812620736767676
1659679 1.0017384059610082
1659973 0.6770968347877147
1660266 0.9132347305744982
1660555 1.012063290843619
1660835 0.9137846169932767
1661003 0.98800233785411
1661115 0.6821899891385915
1661394 1.0977040983387858
1661668 1.0809784037170245
1661940 0.6233698316242775
1662212 0.7534981092529246
1662482 1.06936701475897
1662755 0.8800249222040026
1663026 0.9435941813779314
1663297 0.9659522440764934
1663568 0.8133316397375063
1663840 0.6471387507607334
1664106 0.8843794125242526
1664374 0.7314453770091531
1664645 0.7855237509836136
1664920 0.8838844781573012
1665196 0.8395380637035026
1665471 0.9598182038176786
1665751 0.7908470451870002
1666031 0.9567308046370968
1666309 0.9321602596271125
1666594 0.9950362254731598
1666883 0.823109096581474
1667165 0.6231314008439867
1667452 0.722986774319139
1667740 0.7534569230282544
1668024 0.8008835855699761
1668304 0.7491202065523148
1668584 0.7467047974249209
1668872 0.7013089206663234
1669159 0.8060182060831056
1669453 0.7578310045614428
1669753 0.7898115646684245
1670063 0.7172035229443701
1670368 0.708293815836236
1670682 0.7886314494108586
1670996 0.7588571361177006
1671308 0.7703977088807497
1671625 0.7596236166760545
1671939 0.7868251200027956
1672260 0.7401734288554938
1672588 0.7537805145064268
1672915 0.7230376451027785
1673241 0.5198434398774961
1673571 0.5266086840421047
1673904 0.3982230741100577
1674237 0.7970615269436573
1674564 0.6482120192918495
1674880 0.7423325519454437
1675192 1.0761618880446562
1675504 1.0003323598105829
1675809 0.742558900242994
1676104 0.7029041381845575
1676401 0.6689660103975357
1676693 0.693604962402502
1676980 0.6496451891037505
1677259 0.6841583316315051
1677538 0.9375250301587943
1677812 0.9979990005566772
1678084 1.0309362771457913
1678351 0.9221405024611646
1678618 0.8738646611223547
1678883 0.8946249711521737
1679148 0.9827903872767253
1679411 1.0816314973665042
1679673 1.0356418149383573
1679934 0.975234300516876
1680196 0.9395809606199135
1680457 1.0072621441384693
1680718 1.1211029994767272
1680980 1.1604222285428492
1681242 1.08104161161136
1681502 1.0403850928869334
1681763 1.0417983844659164
1682024 1.2495705610441405
1682287 1.3050776738042447
