4650132 1.1212712941605492
4650432 0.8485936364771807
4650729 1.0214253018909476
4651027 0.648402247624018
4651313 0.8625230440508788
4651602 0.8345705319307033
4651894 1.3133505828623218
4652185 1.2020011919864997
4652477 1.2421227989212165
4652770 1.1250388483260338
4653059 0.9828845659832123
4653347 1.2113346517535963
4653635 1.5137414267448144
4653921 1.1748336861294626
4654205 1.0813903786542105
4654484 1.1429661560700612
4654767 1.029113404481719
4655046 1.0693111958189085
4655318 0.7098401785143925
4655591 1.2157264357690178
4655866 0.8759839698034702
4655978 0.11352757830082033
4656147 0.9666493832216931
4656426 1.0622388517779717
4656708 0.9284518769386334
4657124 -0.051593836585250574
4657270 1.0431393152004165
4657835 1.3201616002687342
4658117 1.4291597016674396
4658399 1.3078594841082036
4658680 1.2115664255291207
4658969 1.2939290225726188
4659257 1.5381011261806485
4659544 1.509376962101655
4659832 1.446522284759783
4660117 1.2700760002873002
4660407 1.3934082225363649
4660693 1.4546589494621363
4660980 1.2673090483454161
4661272 1.4000082645353478
4661565 1.3264813212717823
4661858 1.5197311463842695
4662148 0.960860016498778
4662438 1.3840321888655025
4662731 1.4349664495345427
4663022 1.4645058687118853
4663312 1.4075290788790085
4663599 1.4566867806465627
4663886 1.3935321368611384
4664175 1.4434549656810918
4664459 1.1018836711077677
4664739 0.8556047010178464
4665024 1.1492941602765463
4665307 1.1809823297591455
4665590 1.3862884922193581
4665873 1.0943873049150226
4666158 1.2222279348736778
4666444 0.9928501394105098
4666738 1.0964105365580143
4667030 1.251174122440002
4667317 1.0158474295072895
4667615 0.9758690353242545
4667908 1.3215492937347535
4668201 1.2213928779346386
4668487 1.1235569741158542
4668775 1.394078606517223
4669065 1.4547231464333623
4669354 1.2355459031119795
4669639 1.2269722843086495
4669925 1.461969437833921
4670214 1.6479953876054216
4670506 1.5586501102181831
4670792 1.0779295837354896
4671075 1.004004333292888
4671361 1.186208466877781
4671646 1.023639130471878
4671929 0.870749246185075
4672209 1.142360972917952
4672497 0.8778066331400494
4672782 1.1010022498823187
4673072 1.1099971410813048
4673363 0.9763698495744543
4673658 0.7933225332292793
4673947 0.8840289636696694
4674238 0.6060910218829981
4674529 0.5186095891199471
4674815 0.6628844984755404
4675109 0.701324428658878
4675405 0.9164005601296175
4675709 0.7053741207406558
4676013 1.0285902961266884
4676317 0.5655190893729396
4676622 0.9589957352155158
4676786 0.6190919839104256
4676933 0.8012744034331526
4677244 1.059337001299229
4677551 1.3159693536501464
4677854 1.3570994207402372
4678158 0.984187550483909
4678463 0.826187192668125
4678765 1.5298686701871584
4679066 1.1341377938205235
4679369 1.244586768711307
4679671 1.069427326021981
