2312019 0.9975615385756068
2312325 1.3201253784455786
2312629 0.9024037072845508
2312924 1.198300711974943
2313215 0.6376345119318976
2313518 0.733499088923263
2313824 0.9058063553489144
2314129 0.9021153314581282
2314433 1.014748720204433
2314733 0.8788025086427735
2315040 0.7202216042950863
2315346 0.8207654342900792
2315653 1.3381791063181747
2315959 1.088896438353291
2316269 1.0758442628338483
2316582 1.1584632071552132
2316896 1.2232429341659468
2317210 0.8830850959097494
2317521 1.1317227986391232
2317839 0.9748354671441957
2318155 0.9176345421418213
2318476 0.8303394589818553
2318789 0.7811573619221922
2319101 0.7865389790346271
2319421 0.7999801971000685
2319740 1.6381607351678125
2320065 1.4540160137095135
2320395 1.0705505322741031
2320715 0.9109703203874204
2321038 1.0108814330928264
2321362 1.0968107960641313
2321689 1.2299362241973786
2322012 1.0489368705767101
2322334 0.9784596132244407
2322660 0.9551248993439979
2322996 1.029295717811773
2323330 0.8874371102883369
2323663 0.8185925285992426
2323988 0.8747954595594024
2324320 0.9870847437756769
2324655 0.8921294840609242
2324989 1.0806091170360135
2325318 0.701122009279474
2325637 0.5914955305919771
2325957 0.7720035482282885
2326277 0.8160368651665977
2326601 0.8207254648271058
2326926 0.9758946862214539
2327245 -0.06453028458842225
2327565 0.7012486400549024
2327892 0.8673753119814723
2327995 0.06881228342961065
2328217 0.9768244360105796
2328536 0.9044690591094617
2328848 1.043518056788484
2329162 0.947286094648293
2329473 1.0548246144349218
2329779 1.4224775554834865
2330076 1.2247978336893754
2330373 0.9767763476276257
2330673 1.1730291891827258
2331256 0.9530344014747016
2331545 1.1697518148734247
2331835 0.750339299837725
2332126 1.052622321695046
2332421 1.277084171398112
2332714 1.4449970380162542
2333000 0.9531853559261789
2333288 0.8476419602294685
2333584 0.9294777733350086
2334169 1.6509965171637604
2334462 1.1944902548799563
2334755 1.3271813316194763
2335051 1.5723421056019296
2335352 1.5981217248292543
2335655 0.9765054089859999
2335959 0.6387655827254733
2336259 0.7521598317496345
2336561 0.6163460353502073
2336867 0.7230969061894965
2337179 0.8649704994807081
2337487 0.8850239576353928
2337788 0.7964664763134092
2338093 0.8802788539412084
2338398 1.0601162562958322
2338704 1.0340997678650647
2339010 0.8573344968766716
2339317 0.966862484108419
2339630 1.0388067408994055
2339948 1.1364378575280527
2340255 0.8920787274670929
2340565 0.926925662303434
2340883 1.1111996418650687
2341199 1.1211443921467883
2341515 1.470301351027701
2341834 1.3365320292025193
