1233089 -0.02796918546590005
1233557 -0.0239144591142878
1233999 -0.0251910404643359
1234496 -0.022077815503010523
1234921 -0.023992027577666553
1235377 -0.018935112785440245
1235800 -0.025789159532889072
1236253 -0.027639435394093192
1236710 -0.021798545204373798
1237163 -0.03730096786116377
1237621 -0.021886940568186464
1238057 -0.022010918752995212
1238511 -0.01903568201835598
1238975 -0.012937286840032425
1239441 -0.026708337291883433
1239880 -0.03250132284997537
1240365 -0.022091348722792004
1240832 -0.02142942138069659
1241296 -0.031717264237233755
1241775 -0.02415558240832516
1242218 -0.021824734063143558
1242679 -0.019758500547590152
1243139 -0.027356548553433224
1243624 -0.027099091739678616
1244089 -0.026031070300324477
1244512 -0.022091954521002766
1244977 -0.019103392225704563
1245470 -0.02555666495526937
1245932 -0.027963129282394417
1246420 -0.026426720659691816
1246872 -0.031680654263915364
1247360 -0.022547171067896055
1247810 -0.01691531240634031
1248295 -0.017534837876232612
1248768 -0.017606627496744687
1249246 -0.022410601870566982
1249714 -0.021811130909629772
1250173 -0.020022541750143952
1250642 -0.02461590274949832
1251389 -0.9609035619271902
1251593 -1.314779673398653
1251763 -3.269843198277483
1252044 -0.7845171900326884
1252433 -0.09948768712275502
1252840 -0.08876253853231919
1253252 -0.14674079976080723
1253667 -0.04008006315940671
1254062 -0.034593057750808454
1254446 -0.034654613770329856
1254831 -0.03853079442398126
1255221 -0.04283686535543468
1255631 -0.026602849785787697
1256069 -0.030672535635031917
1256467 -0.03684829702477682
1256894 -0.054907857881931976
1257314 -0.02589811648855328
1257783 -0.023894050136222644
1258168 -0.018215962190787804
1258574 -0.05120210937339437
1258997 -0.06118157232269818
1259416 -0.035414386461149194
1259854 -0.03576575888144415
1260276 -0.031094016028546643
1260685 -0.023402487830984378
1261115 -0.02617461892288897
1261564 -0.026649480597238633
1261987 -0.020974478460422556
1262429 -0.021972126104227357
1262858 -0.022111638458668235
