6688686 -0.07242658374014715
6689025 -0.04201015206478104
6689343 -0.044484254993545136
6689684 -0.04420635318431726
6690012 -0.09170033710911402
6690462 -0.08391114973295255
6690703 -0.040223037748623125
6691005 -0.06371966901503331
6691358 -0.05900831930333891
6691685 -0.03231096729126215
6691993 -0.1593647487173954
6692338 -0.04806703869767065
6692652 -0.07533706088596237
6692964 -0.07863495453807079
6693320 -0.052937427295732475
6693643 -0.039617361600428946
6693995 -0.06529589023800964
6694348 -0.05696191962226782
6694671 -0.06515435205025355
6695033 -0.03543544713787006
6695349 -0.04762549374963054
6695704 -0.03572408961831153
6696058 -0.06885267735068512
6696384 -0.07468065501398347
6696738 -0.06639338778287218
6697086 -0.0579782036408959
6697417 -0.054475377288889626
6697779 -0.055852562501568004
6698153 -0.073331332415421
6698483 -0.03931890850769271
6698818 -0.023645369242428216
6699199 -0.05131159973773336
6699527 -0.04805960390186709
6699881 -0.0709884172764969
6700239 -0.04998909493374615
6700581 -0.0448413717672026
6700927 -0.0630757984985289
6701282 -0.05029885876637935
6701652 -0.05191294932620033
6702003 -0.04180194407686921
6702348 -0.05313373498768231
6702686 -0.03915632598776947
6703056 -0.06279759515172523
6703414 -0.06475863509146484
6703777 -0.04564339564134018
6704136 -0.052087467210195415
6704483 -0.045453409417768154
6704833 -0.09220372595408266
6705157 -0.08219710647331513
6705512 -0.057876936406365154
6705881 -0.05947538303475319
6706245 -0.07240453152340653
6706582 -0.04724781083647989
6706920 -0.057562917185125295
6707281 -0.053704695916413525
6707638 -0.05194864480033601
6707998 -0.05790761876953021
6708367 -0.06244059482535136
6708727 -0.0692391127611452
6709078 -0.047084372948134
6709426 -0.0630140435059357
6709790 -0.10035627581783099
6710126 -0.043239758726583255
6710486 -0.04598212800608986
6710813 -0.10493492644840646
6711147 -0.0985116310130687
6711505 -0.07519192723624274
6711846 -0.058524728351573685
6712199 -0.07083089525535147
6712540 -0.07073059844956237
6712895 -0.09782938685843179
6713243 -0.05324639911567286
6713584 -0.04267102993424088
6713942 -0.052738083703552985
6714300 -0.0732434433600404
6714638 -0.1037579591099641
6715000 -0.07419059062959027
6715377 -0.05865204873087598
6715716 -0.05919237313883946
6716075 -0.03602176314742733
6716435 -0.0904435882952967
6716779 -0.04293267815921631
6717131 -0.04303700784603459
6717485 -0.08557556680351697
6717852 -0.07322388507905575
6718174 -0.07467435722467325
