4320709 -0.050780104178411056
4321046 -0.045587542844092166
4321325 -0.09487303405520886
4321617 -0.22060420730473762
4321924 -0.1541731239287859
4322283 -0.11663169443607446
4322610 -0.11692158408472623
4322866 -0.24702892859782846
4323179 -0.42449892382621146
4323461 -0.1462885761436217
4323787 -0.13983885056464007
4324110 -0.18324434544366214
4324396 -0.0916994177229997
4324702 -0.05651899772366316
4325113 -0.04742002901639522
4325329 -0.13490448338562025
4325637 -0.02939065310096668
4325974 -0.04631252835714661
4326277 -0.0013692163713190375
4326412 -1.8237947292835186
4326614 -0.45515881010717485
4326958 -2.0980886724708023
4327343 0.0
4327617 -0.17880131600911175
4327998 -0.11555917832579521
4328297 -0.08447250836537679
4328739 -0.04050274901169015
4329058 -0.1850917196507269
4329266 -0.0933356206147935
4329614 -0.06305869771414696
4329884 -0.05355714582813366
4330200 -0.08691917545230263
4330476 -0.0696116674686264
4330773 -0.13965737435752207
4331064 -0.09143768597002055
4331322 -0.13355065206600503
4331604 -0.057098692604554524
4331874 -0.35175200402496254
4332148 -0.10256719363188307
4332444 -0.22057407754875688
4332729 -0.10672831299274721
4332976 -0.07188339521133481
4333270 -0.2157314549084172
4333491 -0.053235785175018036
4333872 -0.09702793031866525
4334015 -0.0861067960655719
4334273 -0.18552363465497537
4334653 -0.026132615258712896
4334789 -0.1520246845831478
4335073 -0.13443908897422854
4335340 -0.11128595849778013
4335626 -0.1862833248190021
4335825 -0.03090895682139331
4336119 -0.30557797389185415
4336338 -0.08752829444732005
4336588 -0.3313009704677152
4336965 -0.008142070019555601
4337121 -0.1086163967769967
4337395 -0.1821245051569811
4337636 -0.07341459041467202
4338008 -0.6829496424134471
4338231 -0.6832172586999524
4338535 -0.463240899204355
4338692 -0.03501238434463777
4338949 -0.12295798138989628
4339483 -0.05354767158902868
4339733 -0.1691701459375669
4339992 -0.09959014346586598
4340273 -0.16344645655387888
4340535 -0.3927828280023611
4340740 -0.7577240790003708
4341009 -0.25487848251928263
4341325 -0.1736249325260114
4341559 -0.06088739941031068
4341853 -0.1206465253508876
4342077 -0.02522766344880195
4342447 -0.07171285427395557
4342585 -0.06359475029016828
4342893 -0.23401807304445277
4343121 -0.04951750086318063
4343386 -0.05085454283208518
4343635 -0.09249030798634628
4343901 -0.04107746485606262
4344224 -0.05481148722664938
4344437 -0.13397730857149578
4344733 -0.1793147452628369
4345033 -0.34321598459747354
4345235 -0.39823529792575457
4345496 -0.05782372922895314
4345735 -0.18235483978641387
4346024 -0.043051891279437704
4346315 -0.08688893010664969
4346545 -0.05190875379237628
4346813 -0.11617076264208717
4347160 -0.2575786309801926
4347433 -0.2522813020659811
4347689 -0.2370924208107532
4347959 -0.2110577195545228
4348112 -0.025401644760529085
4348368 -0.13487365910348104
4348651 -0.05663853857280432
4348884 -0.10769680122595782
4349137 -0.1750867871688364
4349429 -0.09345756399606253
4349690 -0.06562959951743469
4350002 -0.138284943906532
4350246 -0.1655324839665302
