483771 0.9483476427209094
484082 0.908267198207027
484388 0.8832471721002209
484711 0.9415176826766469
485026 0.877260375794139
485346 0.5418964893058005
485669 0.6418732813287813
485977 0.6214217313743364
486296 0.7632242243695622
486623 0.7628379211455305
486947 0.6160658006152387
487268 0.8147604707710087
487903 0.9014931837999101
488221 0.5995571248638812
488528 0.7492655148134841
488842 0.5409937681763599
489479 0.6454715373966815
489806 0.6064486361665841
490133 0.5834470352111937
490465 0.6046326721323323
490597 0.3084045810481497
490781 0.5552410622583105
491097 0.6231817872947024
491423 0.7031627525791481
491539 0.3060379424350902
491760 0.6449628538511121
492730 0.673022684057775
493382 0.7088351975816967
493506 0.3917603853747743
493714 0.6000799726884328
494046 0.5079440046332566
494363 0.7028293959752219
494688 0.6276022922903209
495017 0.6255677776237529
495351 0.6047955537932794
495689 0.6821221628321171
496024 0.7487792600998875
496362 0.7016252853943619
497026 0.7276921573258361
497344 0.5968300063191032
497673 0.6483448419355343
498010 0.7636357205182425
498181 0.017060799455030362
498348 0.5905188209186902
498696 0.5717962950322116
499461 0.3209717677918602
499696 0.4797171139499972
500025 0.606709200641318
500252 0.17072993404684095
500377 0.6373496404600645
500741 0.600266006310728
501090 0.7729236556382284
501429 1.0347775946387432
501632 0.24569361638032433
501753 0.7320629264267573
502089 0.8314681959902759
502255 0.26048121252060963
502420 0.6134266201223666
502570 0.2419949445081117
502757 0.5651555416631022
503088 0.539767992221469
503418 0.5611526557366691
503733 0.6191452164600617
504049 0.6821626187080172
504364 0.7814279611483125
504687 0.8800818165948477
505013 0.8177831635733811
505333 0.7758642222444112
505639 0.6644802146118552
505953 0.6220278703724849
506276 0.639254619334259
506606 0.6096040197720881
506940 0.8004175154033185
507275 0.6925973807186077
507598 0.6804112464086294
507922 0.7408023122641971
508253 0.7443706312510173
508592 0.6541180619003183
508933 0.7202621487080991
509269 0.7518588254779652
509606 0.7520106377982511
509939 0.6632705794883901
510267 0.7075195013728593
510577 0.707962313240081
510895 0.6806364427825955
511222 0.650066814655931
511539 0.87708667295083
511853 0.90246914530528
512167 1.0757323520700595
512472 0.904760545020713
512792 0.9443989897182972
513115 0.9096674417621267
513436 0.8992860389391943
