2012326 -0.10066965237753667
2012551 -0.633453890824872
2013098 -0.026006088272427452
2013246 -1.3111755822801054
2013913 -0.06222429969200688
2014304 -0.21267634102687616
2014463 -0.09440420833557939
2014838 -0.3513879637803715
2015011 -0.028748444537599616
2015401 -0.14977239591723168
2015565 -0.045352393292329984
2015892 -0.10995277726300334
2016171 -0.21120556379805516
2016455 -0.04809328513004002
2016828 -0.021203059607364683
2017029 -0.027035780874923532
2017289 -0.13411024257304693
2017593 -0.16699136487458865
2017889 -0.11627437173140054
2018182 -0.19838831288908987
2018474 -0.15442353006759574
2018749 -0.2045198374605698
2019082 -0.15408400459202687
2019329 -0.19679885161467617
2019752 -0.05189730509423973
2020535 -0.10208170219725012
2020783 -0.09117316644146882
2021189 -0.45749199629371134
2021453 0.0
2021679 -0.25713156021543826
2021804 -1.0991477780701684
2022055 -0.45989987362553053
2022278 -0.1406886630162295
2022650 -0.07075276190542189
2022853 -0.17783361630748656
2023116 -0.09702798917163576
2023295 -0.18038014104764327
2023426 -0.5948017156652214
2023719 -0.14888169359595316
2024022 -0.12654340852199342
2024409 -0.06307047970445379
2024594 -0.09381282260395063
2024772 -0.09989066381103962
2024998 -0.14127305488268516
2025285 -0.10649149555354609
2025570 -0.01042477690155097
2025768 -0.12199655852531688
2026062 -0.21983714006870236
2026365 -0.08637750688278156
2026626 -0.10777022697364536
2027026 -0.029969096763171277
2027195 -0.1293656335753739
2027589 -0.04055351744152691
2027762 -0.3559958405134451
2028055 -0.4520428967930093
2028426 -0.09972196408384193
2028644 -0.2713713034273961
2028909 -0.08836296107744124
2029243 -0.07002708105356281
2029536 -0.2691451408281268
2029900 -0.1546068503957394
2030091 -0.026942280397304952
2030429 -0.02454355995897539
2030766 -0.047152573328371306
2030937 -0.11975083773857453
2031249 -0.10871046065914758
2031515 -0.17075134695511107
2031775 -0.10424172418527994
2032045 -0.35772385891128355
2032434 -0.134729661765218
2032618 -0.19286105677405596
2032891 -0.12541472772044487
2033180 -0.08093716186852323
2033365 -0.3543439751434907
2033472 -0.08619516547917555
2033769 -0.09727112015592965
2034169 -0.21186401177485953
2034395 -0.260596611231462
2034724 -0.15032472186502072
2035034 -0.21805740653036765
2035230 -0.06839979612003733
2035513 -0.04438037811426018
2035775 -0.6517564168394401
2036082 -0.04903249662863067
2036373 -0.12611882628396556
2036671 -0.049927471056246564
2037080 -0.1800995616184135
2037271 -0.05126951441560676
2037659 -0.050653468246858346
2037868 -0.020931659612053344
2038136 -0.04626864256240659
2038433 -0.06696816310056275
2038755 -0.12225100984323467
2039031 -0.18202569856234496
2039356 -0.11094360365260209
2039633 -0.08663925910775627
2039935 -0.08872065777502092
2040253 -0.056230847058481026
2040516 -0.07307952946998109
2040842 -0.08808803731316783
2041240 -0.1566786263150759
2041458 -0.1459873908063235
2041836 -0.21527966507184804
2042059 -0.17683842208231526
