4590270 -0.023495037829676213
4590702 -0.02056007368693935
4591115 -0.02689373474552914
4591512 -0.021631491596512897
4591927 -0.020442015113896872
4592357 -0.01933761048325433
4592791 -0.023573808511686722
4593225 -0.023296845640604635
4593655 -0.025209262905082186
4594074 -0.024312026066055592
4594498 -0.02505279080457784
4594943 -0.020947823963234413
4595381 -0.01569144391897631
4595811 -0.030032131762313397
4596240 -0.028242461844374622
4596672 -0.023157255409897437
4597092 -0.021926734418886373
4597527 -0.021610301178712654
4597962 -0.03212877809718612
4598376 -0.022837980996168517
4598796 -0.021017137833167165
4599229 -0.02115872307972716
4599643 -0.0247283093612784
4600057 -0.020339784184019494
4600483 -0.0237081130089683
4600903 -0.03939172835633109
4601314 -0.018348339768626765
4601772 -0.018025275576164734
4602171 -0.021849362408441098
4602576 -0.024113861130447667
4602987 -0.024829020359664167
4603387 -0.020130246728306822
4603801 -0.022657851938886198
4604215 -0.021896157858932563
4604611 -0.02153404771970624
4605003 -0.02729441750118633
4605418 -0.02035102515213244
4605791 -0.02156942064923567
4606174 -0.023394274677595417
4606556 -0.039048208846976795
4606908 -0.03101725011377987
4607265 -0.01742502254045608
4607625 -0.0188454440849527
4607982 -0.01797804871102371
4608357 -0.01854922490513311
4608743 -0.02221823958890068
4609098 -0.019591775870375416
4609463 -0.021215002437740993
4609846 -0.018322787875431623
4610232 -0.02240879612694513
4610617 -0.024578935808405256
4611012 -0.02205707489945047
4611394 -0.020628314037258677
4611786 -0.008213552672128643
4612172 -0.011423735307132532
4612562 -0.020224370761761035
4612953 -0.015205473283319837
4613340 -0.031213063937483743
4613726 -0.02645127245526213
4614111 -0.028616363617635254
4614505 -0.010236481902239858
4614923 -0.015840041214556844
4615345 -0.017395320433157058
4615749 -0.021359714649672124
4616161 -0.019692475271917476
4616563 -0.029057750634076007
4617011 -0.014573699666065698
4617395 -0.019782500373321077
4617822 -0.023088550790102524
4618221 -0.023600911685243586
4618657 -0.016836521866468113
4619044 -0.01707180432577121
4619468 -0.01869874728146148
4619850 -0.018751450096098132
