2102386 0.6564626290339834
2102880 0.73170204995862
2103376 0.6753307357384454
2103870 0.6227799811394108
2104342 0.6155509644748546
2104807 0.6296529444965361
2105285 0.7356977600100814
2105758 0.6874414551317491
2106230 0.6342473672494846
2106679 0.6204832550033437
2107121 0.6329323676842593
2107572 0.7432428751038211
2108020 0.7378182246010236
2108462 0.6559691840287195
2108884 0.5998497844078394
2109296 0.571522443067365
2109703 0.5835123926539844
2110120 0.705230412913418
2110554 0.7415931456513005
2111005 0.7180504961892384
2111460 0.590901428530125
2111913 0.6169013233558076
2112381 0.7104695586141679
2112874 0.733211769602365
2113365 0.6678474279444038
2113865 0.5801751835732444
2114344 0.5867917026503001
2114816 0.6674369444844346
2115311 0.7089033360604574
2115810 0.6566891798048906
2116312 0.5900139239921234
2116788 0.6045217928986653
2117252 0.6613270203267556
2117730 0.7166685501042908
2118216 0.6596055023051897
2118709 0.5959529045749519
2119188 0.5862333496928653
2119645 0.43767576067137404
2120078 0.6144377199820144
2120517 0.6608141902377429
2120965 0.6191279029246728
2121416 0.5280134729975632
2121863 0.5381522576120591
2122317 0.6434318587117717
2122793 0.6692546066873808
2123285 0.6226603528812458
2123786 0.5883593612383543
2124280 0.5189580622727765
2124759 0.5393356781078663
2125247 0.6589854533615661
2125756 0.6387954229697349
2126257 0.5856325828760258
2126751 0.546613824361146
2127227 0.5257272062626627
2127683 0.5503689997216057
2128152 0.6758127307780217
2128629 0.6337832458129067
2129107 0.5920231157897895
2129589 0.5514358996562038
2130049 0.5409280317721519
2130503 0.5826574115698201
2130979 0.6737774499945983
2131466 0.614671702543524
2131949 0.5884473366501359
