3121527 -0.10833471731820213
3121852 -0.09168810223827073
3122172 -0.0620138594817386
3122507 -0.05286331756130691
3122811 -0.14391212838669065
3123135 -0.07511456469180033
3123449 -0.11349544599565475
3123777 -0.06144660962485915
3124077 -0.016669677819904694
3124522 -0.1713918421069962
3124740 -0.03834832493820961
3125066 -0.04902359890520269
3125366 -0.05930101645481689
3125688 -0.08210580066271916
3125996 -0.11656933226986632
3126325 -0.1598404042849066
3126647 -0.050083249379289374
3126970 -0.09273631330268076
3127266 -0.1435771419170358
3127575 -0.09754494225516602
3127865 -0.09914075217460427
3128167 -0.08390677391999712
3128461 -0.0902295706047983
3128768 -0.04544134015575835
3129097 -0.09326224042276277
3129384 -0.15832013508367604
3129749 -0.16142412825976948
3130012 -0.1404196676022337
3130411 -0.3712839645009179
3130687 -0.33394595223023615
3130952 -0.08815058460698386
3131246 -0.05226527925040414
3131360 -0.2955684097810844
3131586 -0.2563941253505852
3131880 -0.23475207956724714
3132242 -0.19654795111841333
3132543 -0.5084925828458704
3132866 -0.09443042413651853
3133151 -0.16145246529825974
3133447 -0.27737425487337997
3133854 -0.02042656051827635
3134061 -0.07503408983009363
3134372 -0.03695466912423784
3134666 -0.06686029031012963
3134976 -0.13176434629087408
3135271 -0.12070517528131908
3135572 -0.027470206683285925
3135958 -0.1522556275486524
3136166 -0.34630857892438044
3136554 -0.539236750129196
3136796 -0.10591328027385394
3137039 -0.10746186471362329
3137347 -0.2890926403452156
3137763 -0.07984038714713626
3137942 -0.09145803962171539
3138291 -0.06872396280691614
3138551 -0.20738297878106432
3138885 -0.07023129885371998
3139157 -0.048568624643776315
3139427 -0.08835540732900482
3139714 -0.1416952258209372
3140016 -0.09696318481547161
3140321 -0.06728616558628386
3140610 -0.06507839729709175
3140900 -0.09642162797831222
3141223 -0.10017374439218352
3141531 -0.06876300125292001
3141840 -0.046292599150831504
3142144 -0.061631005122529725
3142471 -0.041127356471304055
3142775 -0.049082194553231706
3143094 -0.05357953575104335
3143426 -0.05991842233541489
3143719 -0.08046728708072415
3144070 -0.0807830873728268
3144358 -0.09151471226879504
3144698 -0.06921456047696978
3144991 -0.09115946278721587
3145294 -0.07218883135937376
3145626 -0.07575189802718135
3145938 -0.0628898478706355
3146255 -0.09382132447592179
3146574 -0.08518425738314916
3146897 -0.1384492610599926
3147191 -0.10879446132193099
3147515 -0.06591303697172868
3147860 -0.08967340887265596
3148150 -0.07391878010370989
3148499 -0.05414144834352963
3148810 -0.04411113140304407
3149113 -0.1052284281219642
3149438 -0.08146100051085742
3149748 -0.09070404210517502
3150071 -0.14077399720350636
3150353 -0.06394710383225805
3150681 -0.06771574068031833
3150980 -0.0707328759619219
