2761768 -0.1414664902878744
2762054 -0.14557329929923646
2762371 -0.14842343948516312
2762635 -0.10292398825613636
2762929 -0.07868288557918646
2763196 -0.07662611395709895
2763507 -0.17577810378726
2763790 -0.03905044128400414
2764051 -0.07792461949700535
2764349 -0.10889550190483022
2764633 -0.09551869096649018
2764909 -0.09454833851395827
2765209 -0.0620224469729011
2765476 -0.08477017240047552
2765786 -0.18037990621845984
2766067 -0.07971691170091844
2766377 -0.10111524195041266
2766670 -0.0652072831200392
2766936 -0.07305858449970337
2767208 -0.09934591116876623
2767614 -0.12859401761211164
2767812 -0.06278274073736168
2768092 -0.10337174995200915
2768369 -0.0738415583646268
2768655 -0.19402209481039412
2768956 -0.1295106920492406
2769256 -0.07639983188525501
2769541 -0.1307980083023662
2769812 -0.09757869844482736
2770086 -0.13038356773329451
2770382 -0.15549989236652362
2770653 -0.11070234935407841
2770932 -0.09592826516590702
2771221 -0.18342542428486663
2771487 -0.15740749089472594
2771779 -0.0845684583793247
2772042 -0.1883357296642626
2772351 -0.06991889227486331
2772600 -0.1154713200712828
2772921 -0.16094474549666993
2773176 -0.185887986680901
2773456 -0.12817744172673062
2773741 -0.09025395933137303
2774016 -0.12867717004766438
2774302 -0.09637005907740892
2774618 -0.111877252409321
2774867 -0.11199049149988
2775137 -0.1135381165594902
2775423 -0.07340691445333702
2775686 -0.03700162171530502
2775977 -0.11336457343344247
2776242 -0.10794421384788289
2776539 -0.16395656077034215
2776799 -0.13182507784642705
2777074 -0.17343635491502368
2777354 -0.132742425865863
2777640 -0.1371323975341589
2777923 -0.1579248449251353
2778196 -0.10420164909626695
2778485 -0.15386632439138992
2778752 -0.1389627199136017
2779063 -0.15606901045813504
2779339 -0.14244054075234813
2779602 -0.09789029595226084
2779998 -0.10014391365091657
2780188 -0.10300001133761488
2780471 -0.10403895018176401
2780839 -0.06327836822822741
2781015 -0.08777362378075637
2781314 -0.10686360838078834
2781590 -0.08961309504283987
2781897 -0.05077088002993102
2782151 -0.10630107901820013
2782441 -0.08522260189950737
2782839 -0.05922051179444243
2783115 -0.08657444453818064
2783415 -0.3610415918219873
2783577 -0.11136704984715656
2783864 -0.14112625149812652
2784154 -0.16097443751454754
2784435 -0.12420570216327054
2784712 -0.088692646019153
2785001 -0.07680539079463683
2785282 -0.29377488879138436
2785583 -0.34334767823170814
2785877 -0.16340217888073472
2786147 -0.13246228500667456
2786418 -0.11478614056363534
2786739 -0.11587268072064072
2787002 -0.08899166981839102
2787327 -0.13737687804312004
2787625 -0.04175173419573791
2787872 -0.10910880042987958
2788174 -0.05409501345250367
2788561 -0.0808431518955835
2788849 -0.11619442428982474
2789081 -0.15064664066160072
2789329 -0.14352314175121073
2789612 -0.14998831716530714
2789913 -0.14311522091116885
2790155 -0.29004167641769735
2790446 -0.13633383431734514
2790766 -0.11617533622227982
2791166 -0.16179179533317567
2791368 -0.13723911193386906
2791655 -0.09111751502967325
