2881547 -0.019993081170229188
2881958 -0.0228422551771974
2882363 -0.016885141787217728
2882763 -0.01592178071436079
2883173 -0.02313156451326842
2883593 -0.017984314345938168
2884007 -0.020188207582228945
2884435 -0.031256125096848386
2884855 -0.01821389137117785
2885262 -0.01629644226800836
2885669 -0.022684211813093436
2886071 -0.018878957421083087
2886487 -0.014031399483985407
2886907 -0.018694908326357063
2887334 -0.01732969217656427
2887743 -0.019039087495353546
2888144 -0.01862903236712199
2888554 -0.017664406490476237
2888960 -0.01940631465650372
2889371 -0.021292949113297654
2889781 -0.01727360583501497
2890188 -0.0178985555015006
2890603 -0.014168529936792129
2891009 -0.013662366133814718
2891398 -0.01570514748029267
2891834 -0.01749699019019124
2892274 -0.01997049876925111
2892704 -0.0179337966483768
2893116 -0.016990715134827583
2893560 -0.01451669828195068
2893995 -0.018635653476094582
2894434 -0.028525237335309928
2894909 -0.03268812828988338
2895358 -0.01790441423020611
2895779 -0.019422967614385778
2896234 -0.020204739425271345
2896662 -0.021348228853293738
2897111 -0.023466593413130177
2897566 -0.021852562237725748
2897997 -0.018143831504837338
2898456 -0.011716366085106678
2898889 -0.016851904899970238
2899338 -0.016051437040695116
2899791 -0.016717877858461128
2900222 -0.01968387378319275
2900673 -0.012632601108271135
2901089 -0.016256222913656526
2901529 -0.018014177545982724
2901978 -0.029800272934643768
2902413 -0.01719646951209075
2902830 -0.014341152603405127
2903262 -0.01948001538435845
2903688 -0.018955955808334812
2904135 -0.0182354966863727
2904573 -0.020984406790582943
2905020 -0.017859428681805456
2905430 -0.010816081702589686
2905868 -0.017505382870671438
2906300 -0.01681378882697321
2906746 -0.020162413592675343
2907195 -0.023587395390955113
2907640 -0.018606924689478332
2908089 -0.017319769493443216
2908530 -0.012174735666566905
2908954 -0.020647428393965717
2909398 -0.021427135601281733
2909868 -0.028094061814385674
2910293 -0.018851214531551252
2910737 -0.02201128278048803
2911179 -0.01718006865465227
