3421361 -0.02564114435684861
3421824 -0.020070702428656162
3422267 -0.022292417145955257
3422721 -0.027729353075088725
3423142 -0.026201179292976162
3423579 -0.023129465118245873
3424049 -0.022377921448233695
3424462 -0.02442049477585767
3424920 -0.020380894761621193
3425335 -0.02500014462743
3425755 -0.023663406263891018
3426197 -0.03264389974412729
3426640 -0.025518888000419127
3427078 -0.040708461201102664
3427425 -0.025522016454611274
3427854 -0.011918787768316896
3428237 -0.03243574721573944
3428675 -0.04285269549314474
3429055 -0.0315503326709744
3429476 -0.02699322790364833
3429916 -0.01940347341529347
3430313 -0.029059555182171848
3430728 -0.03058969182341953
3431159 -0.026299390442984294
3431614 -0.02190957465746257
3432078 -0.020907177964544832
3432518 -0.022852073638549852
3432956 -0.026707639457605292
3433391 -0.03251677691503979
3433820 -0.021561746568615203
3434269 -0.025244127328850008
3434715 -0.022116952424278857
3435211 -0.025568931473949896
3435624 -0.02587811167658277
3436055 -0.03031645063903604
3436480 -0.02525430440658427
3436922 -0.022112732767306797
3437345 -0.02610590557048148
3437803 -0.024054979718726555
3438223 -0.03269753946407755
3438652 -0.02854596302068929
3439073 -0.027911115901372685
3439517 -0.020517501167025665
3439967 -0.023778738449798498
3440392 -0.02443958624329351
3440812 -0.026529161829472236
3441233 -0.029040745507367238
3441665 -0.0212867523076547
3442093 -0.023488845658377666
3442533 -0.023052006997201335
3442975 -0.02236030699955671
3443438 -0.02041187397142974
3443862 -0.02395826425643044
3444283 -0.02778210715643703
3444712 -0.023936930032169512
3445182 -0.0203114158245129
3445610 -0.024225598267857085
3446074 -0.024003471212950322
3446496 -0.02854300141091992
3446943 -0.023627261377460906
3447392 -0.022170571433283492
3447846 -0.02278543998256899
3448305 -0.026958199999125354
3448760 -0.022362124125204774
3449183 -0.029124654057448962
3449617 -0.02300179961944182
3450056 -0.021906419918754694
3450500 -0.027162336537616738
3450936 -0.023251594808672615
