3900691 -0.11208059390738356
3900945 -0.10768698273917165
3901193 -0.1153807210304938
3901437 -0.14272725955378485
3901700 -0.15272528906649585
3901960 -0.08017903896963863
3902209 -0.04556324476720808
3902455 -0.07516039856593248
3902715 -0.13099442407049877
3902963 -0.11196381473515915
3903222 -0.07378391704483778
3903473 -0.1410852962580622
3903736 -0.06873244534952716
3903981 -0.1819415693616342
3904235 -0.10011986914298066
3904524 -0.1203093017179746
3904766 -0.170109300534231
3905030 -0.1539567393592286
3905253 -0.11433526597433452
3905507 -0.07831968709638992
3905793 -0.08945044162795446
3906018 -0.08624978205807599
3906272 -0.08613570446333518
3906532 -0.2726609376772431
3906790 -0.12107246840147146
3907051 -0.15591524751258323
3907307 -0.1958754072306642
3907582 -0.08669090848324179
3907834 -0.14973905072974503
3908099 -0.14012465650076933
3908359 -0.16047418992967633
3908511 -0.1422009440255208
3908673 -0.142096706162066
3908997 -0.21514983873857085
3909264 -0.11527609591022636
3909433 -0.11382237153687946
3909708 -0.08423360533339441
3909967 -0.1019241505250163
3910225 -0.08421506743679347
3910492 -0.12064661386653591
3910786 -0.127319833898805
3911057 -0.13268797849068548
3911311 -0.1465947134073476
3911602 -0.07534239265777179
3911865 -0.16865604042568955
3912126 -0.1396023865091624
3912412 -0.16189393795954604
3912718 -0.10872483462498705
3912963 -0.13770783424240424
3913259 -0.13012035194027427
3913530 -0.16492766440978174
3913837 -0.11463840214271387
3914109 -0.1396130862676499
3914388 -0.15683522625999458
3914679 -0.1371067682272341
3914960 -0.14816278200876531
3915232 -0.14309090279324788
3915529 -0.12064953414426288
3915810 -0.11373277004703475
3916098 -0.1458619347845871
3916364 -0.13677457121921788
3916665 -0.13694651880753328
3916969 -0.10784057817048598
3917246 -0.15032506061049183
3917518 -0.11162913950040348
3917814 -0.13778357221535775
3918108 -0.11118381493657625
3918401 -0.1260118193660139
3918687 -0.11555223567346296
3918979 -0.12180721648676873
3919291 -0.08843660635429484
3919569 -0.09811454852895385
3919852 -0.1568366628651403
3920157 -0.10788152652996008
3920435 -0.0858483916962881
3920713 -0.10168255499048862
3921006 -0.11174729494569968
3921279 -0.11592112379719555
3921554 -0.11145656284408811
3921857 -0.11421288438500721
3922150 -0.09473502870432193
3922438 -0.14808232761504814
3922701 -0.13393738264559396
3922992 -0.11553616013599488
3923288 -0.1542578108081314
3923586 -0.13887767575399268
3923852 -0.12098385777336174
3924136 -0.12351774780981417
3924421 -0.0905124397288547
3924702 -0.11724160974931608
3925018 -0.13009209578188996
3925324 -0.11099973557054676
3925619 -0.14012802948302638
3925924 -0.08350716856589946
3926221 -0.15820991134511786
3926511 -0.1269038772695259
3926802 -0.13976693852482358
3927102 -0.1347576295237416
3927394 -0.12017568242865306
3927697 -0.12543238590195216
3928003 -0.08912418640445785
3928283 -0.11928342161176508
3928592 -0.11154112445003417
3928884 -0.12084650820203624
3929182 -0.12249271025050101
3929486 -0.11400420719514981
3929794 -0.13668779476489912
3930101 -0.13792759922354214
3930410 -0.12175691304617431
