3091447 -0.0290770895951713
3091933 -0.02406585212190998
3092408 -0.02905995903163544
3092859 -0.03533519456645967
3093316 -0.025813827277194057
3093773 -0.02793428892778127
3094197 -0.022318598847155258
3094682 -0.028578570317272622
3095146 -0.02453263694800334
3095609 -0.02869983793297276
3096066 -0.02215015305988799
3096559 -0.030743807222744945
3097031 -0.02976790404194185
3097521 -0.02579373368136939
3097980 -0.03065492211309112
3098457 -0.03216618098468932
3098916 -0.029026742087981228
3099344 -0.023218411635146763
3099816 -0.026675118621478755
3100257 -0.02870341667876014
3100713 -0.03744389238115453
3101169 -0.026863837623548048
3101619 -0.023054852514455604
3102078 -0.02901874100950602
3102533 -0.027158574619681852
3102997 -0.02574120416967851
3103468 -0.03330541671624121
3103901 -0.026572201981485966
3104382 -0.019834675340506147
3104823 -0.02756149743796077
3105306 -0.02457710829085691
3105748 -0.036196372905391405
3106183 -0.033107131096246634
3106614 -0.02525298503166168
3107087 -0.01967437308178782
3107505 -0.022450361359035997
3108000 -0.027294200619966902
3108432 -0.041706274977876434
3108880 -0.02535234152948168
3109341 -0.01952341197778884
3109771 -0.020435889125888174
3110229 -0.024974878065517958
3110699 -0.03186439822999587
3111148 -0.028601834587740238
3111635 -0.018619264745018516
3112089 -0.021396918597024916
3112558 -0.026527539055085703
3113017 -0.03236686242604453
3113449 -0.03155555186276404
3113905 -0.02139704207395393
3114392 -0.01986283949137707
3114817 -0.023270402437491677
3115286 -0.026435681738266825
3115763 -0.027522801872608582
3116210 -0.025204459321447714
3116674 -0.019408996040084725
3117136 -0.01947334108697829
3117602 -0.02345043328226548
3118092 -0.019661637306707114
3118545 -0.021744583904567905
3119006 -0.02009630617013769
3119489 -0.02182719193836391
3119979 -0.023759362706959886
3120461 -0.02099400006121216
3120926 -0.023170886100785937
