3780948 -1.2572481490081713
3781227 -0.1668332682157656
3781596 -0.2075920118928316
3781950 -0.11469861017578475
3782785 -0.4457629322266774
3783295 -0.6444071558388003
3783470 -0.12622898930519755
3783889 -0.3682032183216997
3784113 -0.231968569159416
3784465 -0.36322838323303586
3784779 -0.4003748392582045
3785124 -0.41182732032557734
3785878 -0.6945859021677978
3786111 -0.10912363910928624
3786236 -2.175694403877997
3786411 -0.5573077338850978
3786715 -0.30807414729012517
3787052 -0.13381173206766084
3787404 -0.15738021260403823
3787715 -0.2343448602600785
3788039 -0.0953978022356653
3788465 -0.09155760933294838
3788716 -0.2802494752776707
3789048 -0.21080103982351717
3789427 -0.0963684126086699
3789623 -0.1862371880809739
3789931 -0.12451390745238178
3790245 -0.07938663839659688
3790611 -0.04588734476247802
3790925 -0.0371698407566996
3791317 -0.09361232521892171
3791527 -0.141225297237063
3791869 -0.048368747950531144
3792181 -0.09246990755306217
3792552 -0.053333523638255775
3792829 -0.16782386102397745
3793178 -0.09239841476680594
3793472 -0.07295443555545783
3793796 -0.09256650234277825
3794098 -0.07217797444381735
3794394 -0.10843040205173637
3794731 -0.13108622207650117
3795027 -0.09311345305762009
3795369 -0.043721026718595124
3795682 -0.053619445189240555
3795966 -0.052860480769618134
3796283 -0.05660455304543932
3796614 -0.14666750431682696
3796964 -0.119835194861177
3797253 -0.08628560691565679
3797568 -0.19391654313914045
3797873 -0.215969081020423
3798182 -0.08381377250750421
3798613 -0.06043602071450105
3798817 -0.14902194107048555
3799114 -0.11692045949923746
3799477 -0.1661849829389308
3799749 -0.1768400949116382
3800061 -0.09440938464275794
3800347 -0.09434576974907682
3800660 -0.04715536193871883
3801039 -0.3927571231781691
3801292 -0.07636513342473591
3801582 -0.05689098887153582
3801895 -0.07178815247756057
3802208 -0.10493597384602858
3802536 -0.05670536535651016
3802835 -0.08114842138096495
3803151 -0.06595083945377372
3803504 -0.0806599250003946
3803790 -0.07523623687917003
3804136 -0.08956135768904902
3804422 -0.09447159699669327
3804749 -0.07900017717692737
3805055 -0.06915695157279783
3805367 -0.0752227742717958
3805676 -0.027718614838871558
3805994 -0.07036210571445989
3806293 -0.06944038123813034
3806608 -0.07435716126737513
3806903 -0.1120001480982129
3807210 -0.07698123572227378
3807520 -0.08542762533564463
3807828 -0.09581353076973287
3808141 -0.03628198204796873
3808428 -0.051860141752623434
3808755 -0.07663416980311688
3809037 -0.07263942336312423
3809325 -0.06432986631129156
3809628 -0.10175849733948106
3809950 -0.0580352118803808
3810221 -0.07338986753599452
3810628 -0.15539275556425525
3810915 -0.1110397314185797
