6808022 1.0448172407990184
6808413 0.9654488568115536
6808795 1.0593273282163231
6809179 1.0462121354475589
6809572 1.1019973958275542
6809964 1.1252487144956076
6810365 1.1266036553857801
6810751 0.9712437647136813
6811125 0.9878637840898341
6811511 1.050064751083565
6811909 1.0806327938610574
6812308 1.11348586361247
6812705 1.0810044003444839
6813099 1.0507290744195719
6813474 0.9965702642713525
6813858 1.0661330170011913
6814242 1.112798527530202
6814623 1.1307771565808622
6815005 1.1473459370164898
6815376 1.0563074908708976
6815737 1.0418327103101617
6816105 1.1168230566659156
6816479 1.12889149953049
6816853 1.1716976235565826
6817233 1.1821203878144673
6817620 1.1046975840282274
6817990 1.0038077461688544
6818361 1.0965884294768924
6818739 1.1045623331438588
6819116 1.1552978439968995
6819497 1.1575459844256026
6819881 1.1414541884859304
6820250 1.0065536576503458
6820620 1.0526705134802656
6820996 1.1233395637068195
6821381 1.1394849289155693
6821773 1.1640856537458197
6822171 1.1050206929725377
6822553 0.9446522960385906
6822932 1.0538114449916074
6823320 1.0848282828896516
6823717 1.1348483294323588
6824115 1.127950526398318
6824513 1.1278754129784874
6824906 1.1574373634171022
6825284 0.8000895520616746
6825648 0.9696695031047196
6826013 1.0762344034007514
6826382 1.0990889643261352
6826758 1.1145061281288693
6827132 1.0904319767931252
6827508 1.1505004261172176
6827881 1.0661554422286124
6828244 1.0285948501438722
6828592 1.0735757151069045
6828953 1.090969696679473
6829323 1.1263161058705973
6829692 1.1864888392123607
6830064 1.2116810900753356
6830448 1.1946810340512963
6830820 1.0638332174957894
6831190 1.0641155906800979
6831581 1.1424252419328318
6831973 1.1769356059900198
6832370 1.1815690187378078
6832763 1.1945088406165474
6833155 1.1580004784174585
6833530 1.0269386892833159
6833902 1.1168690691058212
6834292 1.17563513334593
6834680 1.1914789964310504
6835073 1.1794047885208074
6835465 1.1730541707042357
6835844 1.0770928761614444
6836207 1.0523503206163909
6836591 1.130110355415174
6836983 1.173408054908328
6837365 1.1676324427193494
6837734 1.1851001340663894
