4890015 -0.22996244367476626
4890417 -0.7601051008733024
4890739 -0.09555620053105329
4891053 -0.052214058867968705
4891370 -0.17362513601735974
4891624 -2.140759225009017
4891750 -3.0528186142433498
4892435 -0.36134632364854635
4892548 -5.013832639172604
4892713 -0.37394952062864073
4893140 -0.2013044028145391
4893494 -0.0881732351372766
4893835 -0.5179993614143439
4897566 -4.246276691390054
4897724 0.7543563727475098
4897863 -5.595024242107158
4898211 -0.11482337481192006
4898515 -0.19753820644491804
4898918 -0.258116162299987
4899180 -0.07957858465819889
4899450 -0.09042367807182883
4899783 -0.28947997059497954
4900122 -0.11979716226674508
4900461 -0.1947345046085589
4900796 -0.15453761981059655
4901177 -0.4084493551298132
4901461 -0.714199599193978
4902211 -0.4658867332592227
4902464 -0.21356087688147074
4902631 -1.2667304611328687
4902809 -0.582873507168252
4903085 -0.38996745103285724
4903433 -0.137953029527067
4903745 -0.48722750241830726
4904210 -0.7823228762120924
4904841 -0.5099224729852918
4905173 -0.2160251771485735
4905407 -0.3486371513267783
4905776 -0.46656913578643167
4906089 -0.1677876869513768
4906405 -0.0374924967577428
4906770 -0.129916953624166
4907107 -0.13880472649255537
4907425 -0.7220902366625728
4907735 -0.25651401050734135
4908127 -0.22014084656315291
4908429 -0.2651741768653004
4908763 -0.34692938068396995
4909086 -0.16154510265768773
4909427 -0.0879749132881058
4909782 -0.03608668893040834
4910124 -0.054764469395521154
4910421 -0.05372849147337955
4910858 -0.12933144209988678
4911065 -0.07875054458110742
4911451 -0.36483323207308205
4911855 -0.12917551624313606
4912075 -0.07694197977905526
4912405 -0.14328716339387593
4912765 -0.5067251341012347
4913151 -0.21215984616737815
4913430 -0.037472118437188895
4913688 -0.20782826335938864
4914054 -0.17651475486763196
4914350 -0.1479791512035703
4914677 -0.04589659380108019
4915007 -0.062033444784075575
4915344 -0.033173036028389724
4915681 -0.04275525741018904
4916017 -0.05357684465257012
4916355 -0.04739863541782113
4916689 -0.0417935917910329
4917040 -0.05072873001772285
4917375 -0.13925600298664448
4917765 -0.30386859981930997
4917942 -0.05155537818809641
4918062 -0.08344520097795849
4918383 -1.0873393635734256
4918978 -0.21733534159467616
4919394 -1.7746482818892195
4919571 -0.2674670211021112
