603563 -0.22263959215209456
603980 -0.1071734214737089
604226 -0.21904100140680932
604478 -0.3054267800747752
604756 -0.12018029271550856
605084 -0.1743884525206414
605429 -0.04438158962352179
605569 -0.2892403455323379
605876 -0.39250269174428154
606126 -0.05783677460954795
606406 -0.19853834565788053
606702 -0.050149862018711855
606949 -0.22296136026972335
607239 -0.05449969313237135
607526 -0.12512780124208533
607868 -0.1529989689143042
608116 -0.1543966779573358
608488 -0.10034006734638623
608725 -0.3427500257139633
609015 -0.9743455036024641
609448 -0.3722593696593634
609628 -0.2770588677429965
610006 -0.19429545400352866
610292 -0.4701182115993626
610623 -0.15351261335050126
610901 -0.18414521374903958
611174 -1.9911296064085144
611587 -2.4523496161502867
611845 -0.20000880099592241
612034 -0.7793005023142838
612147 -1.6796074763589386
612414 -0.3746630748181863
612770 -0.1522838641547501
613043 -0.8623998276180806
613407 -0.8785106221437771
613782 -0.194850774056323
613982 -0.6398751744706335
614342 -0.19051974066803357
614613 -0.3327426734396458
614967 -0.20619409724932353
615248 -0.09999880032443681
615640 -0.366232009241553
615985 -0.8454050957274627
616181 -0.6694663141652859
616541 -0.2927701419920975
617043 -0.684167015288489
617140 -1.1667977100930695
617506 -0.16483118523919876
617799 -0.09508157396121128
617893 -0.31913174100538916
618153 -0.5932060426780984
618456 -0.8282727892581705
618773 -0.25189311744382437
619026 -0.2726194692806986
619370 -0.6947078543560263
619708 -0.5033852369974642
619961 -0.617052295646338
620388 -0.20857074305559986
620567 -0.3113962046850286
621015 -0.2363366962026257
621242 -1.0555551407887005
621584 -0.3579601021448301
621888 -0.2929040699583916
622175 -0.19656439172835616
622501 -0.1331550166662233
622902 -0.1864664417289562
623168 -0.30478443968703717
623404 -0.4026906208007333
623551 -1.9264294101185602
623738 -1.1753052176520646
624070 -1.2254115851311793
624452 -0.4441300821085181
624799 -0.2500142383542483
625027 -0.3047478686059317
625446 -0.3715870079586645
625646 -0.06111968711576565
625952 -0.2607056350714563
626270 -0.1804760054818968
626602 -1.1067748887898081
626970 -0.04016016339742168
627300 -0.060766868142287045
627533 -0.30808564186517495
627861 -0.6444722739070904
628449 -1.1613185664380987
628797 -0.5057102794374388
629811 -0.6080229790461262
630703 -4.063156749011925
631012 -0.6482705312721224
631723 -0.20975900103606593
631937 -0.5304033100656657
632500 -0.6332237080776493
632857 -0.5181513454508494
633071 -0.23272592900476974
633357 -0.15079060869362787
