4590136 1.2026133347649344
4590448 1.0521104263216225
4590770 1.2048360619904412
4591100 1.2070955722982024
4591434 1.2111292411396906
4591774 1.1465463933482822
4592105 0.9763496789898969
4592436 1.1029995791376097
4592775 1.1803966242853592
4593105 1.1664973965943215
4593436 1.1566029071649822
4593746 1.0202599466940785
4594067 1.132440082190304
4594392 1.2018429753216249
4594713 1.218222096311546
4595029 0.8658897449920551
4595336 0.7747768791892843
4595640 0.758284038297082
4595943 0.8194910824727597
4596247 0.8635723530639161
4596567 1.0784326797979358
4596887 1.1519241177030652
4597204 1.1442822133278066
4597523 0.9442625190645905
4597848 0.8137425704505299
4598161 0.658325235507303
4598471 0.8166732434628136
4598785 0.7923450721257222
4599089 0.9629849863634272
4599394 0.6970327916523833
4599684 0.867633655841667
4599977 0.5600115799218711
4600267 0.68015225913607
4600550 0.8941581680088682
4600826 0.884162765825053
4601106 0.7535762416942107
4601385 0.757141209478493
4601658 0.720661964576029
4601930 0.9352717788212397
4602192 0.6689061493066373
4602461 0.6871858796213087
4602725 0.7887949763333323
4602985 0.9033525628902286
4603243 0.9233010563471049
4603502 0.6472257571479177
4603767 0.7309908194780824
4604025 0.7755487807323772
4604282 0.7352132615400315
4604540 0.7157459238925508
4604805 0.8864404139917956
4605064 0.9077547441216376
4605323 0.7969147258414369
4605582 0.5906794001259199
4605847 0.733912101327312
4606109 0.6079371724575898
4606374 0.7954661235981829
4606637 0.6414398426632202
4606903 0.6897456652717942
4607170 0.7035552916262757
4607433 0.5919366222026288
4607700 0.6559921408766243
4607970 0.6270441733921597
4608237 0.5942407617810699
4608503 0.5922322409974232
4608768 0.45943209865233026
4609039 0.428697506679573
4609302 0.5450183132957868
4609562 0.8471831474840034
4609833 0.6499468431176123
4610101 0.7965259934818401
4610367 0.5738346682146551
4610632 0.46354014675642174
4610892 0.5211158789478384
4611162 0.488066711816188
4611427 0.41140760627327083
4611692 0.2938375554519095
4611962 0.42229317210416667
4612223 0.6588350818626075
4612492 0.4217972751721879
4613022 0.3785825913546915
4613282 0.47230534717429945
4613543 0.6193623291145882
4613801 0.5020166439968817
4614056 0.4573775478037745
4614315 0.4454375245636094
4614573 0.6396831011581342
4614824 0.6437881133749355
4615081 0.6028821645819218
4615342 0.6399529289779906
4615596 0.5356660181694458
4615846 0.5765141938328056
4616100 0.5835427359861471
4616363 0.5551246420982543
4616616 0.555508690180966
4616872 0.7201744772278627
4617127 0.6778164602338073
4617388 0.6710422672809412
4617646 0.6468420255475591
4617903 0.6150484544048647
4618159 0.7792009145734834
4618418 0.643343651489132
4618678 0.8631308152992452
4618938 0.7473786938574114
4619195 0.8833677129473775
4619453 0.7460364077511861
4619717 0.8994046046265427
