0.24595
0.42438
0.37643
0.28234
0.41383
0.43064
0.33160
0.43331
0.31507
0.25160
0.17504
0.47774
0.28879
0.47768
0.31368
0.30455
0.23015
0.19219
0.28052
0.32764
0.36449
0.40360
0.27388
0.17607
0.25462
0.32683
0.36573
0.47585
0.38168
0.33737
0.20193
0.35258
0.35455
0.38856
0.20666
0.25280
0.17798
0.17647
0.22020
0.12788
0.36307
0.22768
0.26953
0.30958
0.47700
0.24619
0.24756
0.35845
0.48417
0.56832
0.58177
0.61158
0.66558
0.61922
0.67328
0.22078
0.24709
0.44897
0.41605
0.28659
0.27382
0.30920
0.28503
0.16144
0.33250
0.46353
0.43455
0.48037
0.39586
0.20982
0.17037
0.32370
0.30326
0.31993
0.18652
0.23709
0.52202
0.65523
0.21216
0.54077
0.42079
0.18468
0.18159
0.57894
0.49809
0.47307
0.52769
0.45210
0.50299
0.23689
0.26777
0.22962
0.16601
0.39189
0.25245
0.28329
0.25562
0.21630
0.20265
0.28141
0.34410
0.25213
0.60764
0.14771
0.38496
0.52873
0.58361
0.59044
0.61745
0.47872
0.13240
0.25760
0.22891
0.45831
0.24735
0.28935
0.24776
0.24122
0.26316
0.27526
0.44504
0.48786
0.16337
0.38123
0.60311
0.12709
0.18227
0.29845
0.41092
0.31217
0.24752
0.14174
0.31299
0.15036
0.29581
0.25113
0.33875
0.25494
0.26325
0.22208
0.14240
0.28733
0.17913
0.25446
0.26210
0.25754
0.30349
0.23775
0.37987
0.24740
0.22453
0.28600
0.21589
0.22486
0.34225
0.37018
0.20639
0.24141
0.32975
0.21552
0.32999
0.19211
0.34205
0.23871
0.27058
0.35067
0.23060
0.24667
0.25291
0.26357
0.25585
0.32364
0.21019
0.21496
0.23784
0.22707
0.21684
0.32551
0.20126
0.29436
0.24048
0.28386
0.28451
0.28789
0.31093
0.20830
0.28796
0.25228
0.29477
0.25451
0.28386
0.22818
0.31585
0.31606
0.23449
0.43138
0.26000
0.26369
0.19333
0.23617
0.20865
0.31862
0.27644
0.24667
0.23075
0.22271
0.27526
0.27780
0.29453
0.19620
0.29548
0.48398
0.53023
0.25562
0.22992
0.28765
0.34153
0.20717
0.30094
0.21463
0.18855
0.16842
0.26903
0.39653
0.25957
0.32738
0.31974
0.30883
0.41346
0.49156
0.47444
0.26168
0.19253
0.25956
0.24319
0.35873
0.26674
0.29199
0.25419
0.29530
0.24369
0.21749
0.26043
0.22462
0.19720
0.21939
0.32367
0.27267
0.24380
0.15744
0.29723
0.21614
0.24353
0.37657
0.20645
0.26993
0.25383
0.35313
0.13849
0.32481
0.32564
0.32626
0.25674
0.30324
0.23943
0.29186
0.29501
0.30049
0.24514
0.26177
0.43101
0.19494
0.22072
0.30192
0.21742
0.30680
0.29674
0.30829
0.31559
0.26379
0.23914
0.20950
0.28839
0.23839
0.22074
0.21561
0.32983
0.24119
0.43466
0.35682
0.26973
0.34661
0.22536
0.34163
0.35757
0.31067
0.20489
0.23650
0.32019
0.35010
0.19379
0.44017
0.18884
0.28001
0.23341
0.35818
0.31050
0.22229
0.17996
0.37612
0.39049
0.24682
0.21045
0.30063
0.23495
0.38015
0.36903
0.29649
0.25604
0.25175
0.33810
0.40657
0.26736
0.39017
0.21364
0.29488
0.51217
0.24289
0.40951
0.53751
0.43072
0.28846
0.28878
0.22755
0.29200
0.29816
0.36969
0.38010
0.26080
0.20299
0.29068
0.29667
0.27615
0.35236
0.73292
0.70354
0.45422
0.42757
0.33400
0.19779
0.67849
0.73161
0.17358
0.31619
0.12795
0.69694
0.58460
0.58186
0.65742
0.19386
0.56796
0.63902
0.58729
0.54919
0.22131
0.23511
0.34603
0.45829
0.47824
0.24599
0.20764
0.43421
0.53153
0.55801
0.16825
0.34572
0.59321
0.54303
0.70418
0.60934
0.68458
0.15667
0.37966
0.21502
0.14598
0.23130
0.34972
0.26581
0.40279
0.40121
0.23971
0.29019
0.43072
0.48896
0.48507
0.24812
0.27928
0.30822
0.24762
0.20264
0.26158
0.33150
0.24756
0.27077
0.30667
0.30763
0.21640
0.20947
0.28708
0.43235
0.22194
0.33797
0.35314
0.46619
0.57408
0.45255
0.37019
0.34903
0.21426
0.15632
0.36021
0.56097
0.19539
0.28451
0.37301
0.49260
0.48974
0.58992
0.19863
0.33999
0.39402
0.18027
0.27401
0.27590
0.20463
0.32021
0.17099
0.27907
0.20263
0.14869
0.33793
0.27961
0.11250
0.24452
0.32417
0.24079
0.23372
0.22396
0.34187
0.29474
0.30124
0.23704
0.31791
0.23908
0.31011
0.32536
0.17832
0.36129
0.26744
0.34904
0.21321
0.20451
0.22067
0.18219
0.26807
0.22651
0.21372
0.33165
0.29548
0.44301
0.39484
0.47767
0.34618
0.20914
0.21945
0.27266
0.26075
0.23021
0.28825
0.36797
0.21310
0.25215
0.39585
0.26847
0.17336
0.25178
0.28867
0.26223
0.21424
0.21632
0.22647
0.21667
0.28734
0.26508
0.24125
0.23468
0.24736
0.20055
0.17481
0.26430
0.32756
0.25705
0.46806
0.26733
0.32009
0.26741
0.29063
0.25023
0.23705
0.19286
0.38733
0.31250
0.27246
0.21720
0.35178
0.28096
0.33926
0.26163
0.40819
0.24394
0.34801
0.24344
0.27085
0.23110
0.34930
0.34939
0.35485
0.29637
0.31403
0.20367
0.23484
0.38520
0.33913
0.26634
0.22239
0.25395
0.23376
0.24118
0.25498
0.25739
0.34595
0.34287
0.32899
0.28430
0.16883
0.20128
0.20942
0.29419
0.26234
0.27587
0.23231
0.28720
0.33080
0.19396
0.32917
0.24800
0.23762
0.26470
0.25562
0.20695
0.30802
0.26554
0.25258
0.26302
0.25529
0.32789
0.26691
0.31777
0.16588
0.35910
0.35578
0.35102
0.41491
0.25331
