5236559 1.1183414149264443
5236981 0.9372481775504444
5237395 0.8832562649341882
5237817 1.2015538029572685
5238239 1.37729625109614
5238654 1.030109126633872
5239073 1.239658276322323
5239483 0.9531507523990511
5239905 1.1272335679552146
5240323 1.1819141147607448
5240742 1.1871355870936715
5241159 0.9870043660912896
5241576 1.146951156415216
5241997 1.2095637827910903
5242419 1.2251294605472238
5242835 1.0224338003557276
5243258 1.2140231604197491
5243681 1.2224249999194177
5244102 1.2508490020637253
5244522 1.258731372594301
5244946 1.2723875967300584
5245382 1.0602387296895597
5245815 1.177904715730282
5246261 1.229114696019354
5246706 1.224335228655166
5247141 0.9990610756306955
5247579 1.179072467597023
5248018 1.1982968323082026
5248454 1.2064636958141648
5248883 0.9634960067140961
5249304 0.8724359227591458
5249728 1.1547006456130862
5250144 1.0830824945810162
5250555 0.898742676573667
5250972 1.17451013157508
5251388 1.0700082242614561
5251804 1.1316954595968023
5252241 1.1082637101741066
5252681 0.9866643509536817
5253112 1.2077522098667708
5253555 1.0860431848545524
5253998 0.9044626597989198
5254442 1.0479009259067704
5254889 1.10901548789513
5255335 1.135278007051204
5255767 1.092559560625196
5256205 1.1200666432213198
5256637 0.9464399095753193
5257059 1.0301704495288013
5257486 1.0952812437962454
5257911 1.149897570418357
5258331 0.9704403373014603
5258748 1.1111388661458408
5259165 1.1510245064249207
5259584 1.1575006464491768
5260003 1.1259230773814535
5260418 0.9579455591649548
5260842 1.1273752763922498
5261269 1.156081495070088
5261698 1.092786797721733
5262118 0.9552851773696084
5262541 0.8728301417946174
5262964 1.1076959251551783
5263389 1.1546174380039735
5263814 1.1403344399993018
5264233 0.926681643936115
5264655 1.1065908988737316
5265078 1.1598789317595544
5265501 0.9945069550853871
5265915 1.0003489806691368
