3382128 1.5305003773401373
3382497 1.4810504331966146
3382862 1.0747013836347041
3383229 1.0926293085255026
3383598 0.9944981968938096
3383971 1.5352303780246648
3384106 0.4738784709730336
3384348 1.7221669648965374
3384724 1.2017170852265857
3385105 0.9747802357488995
3385492 1.260312580691142
3385882 1.4357615090234115
3386277 0.4035808270759951
3386674 1.1570896398509478
3387062 1.0603977909079316
3387444 0.9061743550439963
3387842 1.3285434949752946
3388235 1.0529678217974472
3388619 0.5865306857352612
3389005 0.477362464208702
3389396 0.6950675879970032
3389787 0.6777956143551802
3390177 0.8693245810183847
3390749 0.0004954415071591889
3390934 0.38352503164815577
3391308 0.8155848116509001
3391678 1.1000976771621565
3392045 1.1201936389547031
3392408 1.3113605856871788
3392770 1.3540667603745393
3393132 1.2531769285904335
3393492 1.1270902881396574
3393850 0.9354121211202616
3394214 1.0196616200555635
3394580 1.4317679305894842
3394946 1.2357229251479027
3395315 1.0975488723487232
3395682 1.4375827223898312
3396051 1.328658204245278
3396423 1.3093418031371462
3396793 0.8425815450733827
3397163 1.3595845142814136
3397532 1.4619890345843567
3397900 1.3535702053922225
3398260 0.9570066105236523
3398625 1.236667332986393
3398988 1.0982500885164042
3399352 1.134260233736589
3399712 1.0584807185438685
3400072 0.7729258791423353
3400430 0.7700141867113051
3400787 1.0045329274641355
3401140 0.6595833950515098
3401491 0.8317180271670473
3401845 0.90317041208626
3402202 0.9557200837251331
3402561 1.1225088391789615
3402919 0.8138856823268672
3403278 0.7394464473562496
3403644 0.9992517813711858
3404012 0.8753617471544825
3404385 1.2831115648580365
3404748 1.1123700704974377
3405112 1.0746701125887113
3405481 1.306653391827987
3405849 1.368358230466636
3406216 1.2872906756304192
3406577 1.2010329953537129
3406943 1.3170891641330096
3407313 1.4391956706321218
3407687 1.4822098738078262
3408064 1.3226818522707546
3408433 1.1467385261125291
3408804 1.1229995180915604
3409174 1.2563711569500768
3409545 1.1632518403392218
3409912 1.1570874014061157
3410282 1.0086267203572037
3410649 1.2290849160721171
3411019 1.3283249181962902
3411400 1.3376633895645313
3411778 1.1506027210422973
