2485610 0.964124455212433
2486077 0.8254663551048189
2486538 0.8097577266826201
2487010 0.9508616167329382
2487484 0.9593456286460261
2487955 0.8113822246785074
2488419 0.7857786102587263
2488898 0.9511253980404244
2489377 0.9590082931365088
2489852 0.7982704174956188
2490319 0.796062549012934
2490799 0.9523897890137822
2491276 0.908516002195578
2491741 0.725723271017469
2492214 0.927949586921021
2492689 0.9541096181426661
2493164 0.8617786913323363
2493629 0.73097440093947
2494106 0.9417856108861575
2494583 0.9554563055741175
2495057 0.808765859795336
2495523 0.7982251707524212
2496002 0.9405287114393728
2496477 0.9714443298697236
2496942 0.7673896798606934
2497404 0.8829981184110904
2497876 0.9569992957300038
2498352 0.9504324060458591
2498816 0.7568739973635178
2499284 0.9272215652729827
2499756 0.9633219682105445
2500231 0.8629590405454601
2500699 0.7807716110166791
2501175 0.9576661015541702
2501649 0.9516258482156307
2502116 0.7602766081966446
2502588 0.9437110428796761
2503063 0.9607741185982911
2503530 0.7966015892326171
2503996 0.8518629777202723
2504470 0.9510629176809838
2504944 0.9068107469597051
2505406 0.7413128136642139
2505878 0.9441108458618324
2506348 0.9615205810423189
2506813 0.8344938473837277
2507273 0.8091919997630931
2507743 0.9484826648084479
2508215 0.9714208734856362
2508677 0.7925717419986487
2509133 0.8365563827967305
2509600 0.9542697533782257
2510069 0.9548018038203188
2510532 0.765831610737655
2510887 0.837278173993268
2511460 0.9850110887592946
2511949 0.9112002302649271
2512424 0.7707206960128813
2512907 0.9361563139129027
2513386 0.957768886056068
2513859 0.7868205609656208
2514331 0.8423445065742203
2514811 0.9600969919389198
