2874451 -0.13052623440389333
2874829 -0.15258729341452965
2875208 -0.14547405038382322
2875588 -0.13554813761860868
2875962 -0.15472956119440384
2876345 -0.12951176577965867
2876724 -0.1293221532825496
2877105 -0.13642488350006615
2877488 -0.14055366830092542
2877870 -0.16854485285806942
2878251 -0.15447616058060287
2878632 -0.14115216985905432
2879014 -0.12053578283706273
2879398 -0.13546314553704059
2879785 -0.14443758502610538
2880171 -0.16247247882697996
2880557 -0.15415830247253826
2880940 -0.16240801980845032
2881323 -0.1296534818948627
2881705 -0.12864552156729414
2882083 -0.14975947020454422
2882459 -0.16941936862228046
2882835 -0.14593912426494743
2883203 -0.15126003340776
2883576 -0.141265012651195
2883947 -0.1308506237783475
2884318 -0.1259359658534634
2884690 -0.14557990547240268
2885060 -0.12975164070859885
2885429 -0.12425085831243998
2885801 -0.11417671352099212
2886172 -0.11702432284471898
2886543 -0.13645641996957053
2886910 -0.129107805668774
2887271 -0.13997860092007758
2887632 -0.12697635606773883
2887989 -0.11774961936752182
2888344 -0.14580350700140893
2888697 -0.1284248143530357
2889046 -0.14932812940042117
2889397 -0.12151949448138188
2889747 -0.1200390483759563
2890095 -0.14034130020142271
2890445 -0.12846679896458968
2890796 -0.14857956485261947
2891147 -0.16592361256274857
2891496 -0.1490041596462997
2891846 -0.1365103437501775
2892197 -0.12871114269775175
2892548 -0.12528684600481432
2892903 -0.12534717736366624
2893261 -0.14940329460469054
2893618 -0.14136848754375342
2893977 -0.12515060021113822
2894340 -0.1158603484749735
2894706 -0.12314526027857797
2895075 -0.13122949302735093
2895446 -0.1345893349147949
2895815 -0.1542487906613137
2896180 -0.15264009717892846
2896547 -0.12666559797018978
2896912 -0.1272772653261408
2897276 -0.1330833496703671
2897640 -0.14258094280859746
2898006 -0.13261116329634504
2898368 -0.14369171539728276
2898737 -0.1218740321009174
2899104 -0.1206832969481933
2899473 -0.14509441918231403
2899841 -0.14345661480484484
2900207 -0.14891379962129814
2900572 -0.1393454593516436
2900937 -0.10728394640173683
2901294 -0.12347941575733085
2901656 -0.15054390782506638
2902021 -0.1452752603289283
2902393 -0.14801156801309107
2902765 -0.12772382084704248
2903134 -0.14966609524213048
2903511 -0.1298909774139378
2903888 -0.13347275182050838
