5534702 -0.022623539017803784
5535233 -0.018674489155153934
5535690 -0.02565011463001418
5536180 -0.019078868147875128
5536646 -0.01767068224450044
5537185 -0.024867030046203498
5537615 -0.020338862707888372
5538129 -0.023124802181283127
5538569 -0.021001074093384198
5539094 -0.02110004767866383
5539551 -0.02275081639478027
5540069 -0.022931853317416234
5540560 -0.02408574113785053
5541006 -0.023880348592345085
5541500 -0.02929226317308911
5542022 -0.023074074731722793
5542499 -0.024264024952211555
5543000 -0.03112176140002179
5543511 -0.02109756747684305
5544022 -0.028769352746380095
5544531 -0.01999709741246708
5545026 -0.018889254990700932
5545514 -0.020651469661527422
5546019 -0.029726394267269696
5546497 -0.01892013080150662
5546980 -0.027356827559361807
5547467 -0.018551875348857216
5547963 -0.015410624085936131
5548442 -0.01956738648618961
5548923 -0.015306445978064409
5549434 -0.019830014805245766
5549917 -0.017609948560402433
5550378 -0.020592650188299033
5550865 -0.017663101915963597
5551354 -0.023260438932884236
5551831 -0.01924601235388046
5552310 -0.02312533842900974
5552816 -0.021417729494974586
5553313 -0.022396291702775822
5553793 -0.021737741397929805
5554277 -0.017103213553264468
5554761 -0.023069184784691388
5555265 -0.020224012064274655
5555735 -0.020661282596163094
5556219 -0.021811497868518354
5556714 -0.02191211705928542
5557208 -0.025321063456084453
5557705 -0.017571451658418474
5558195 -0.021731251698739157
5558680 -0.02613228066724954
5559170 -0.020290411775200357
5559659 -0.02323180721738044
5560172 -0.017862768530910372
5560660 -0.022093949176595656
5561151 -0.024043538449956908
5561649 -0.02076592157845711
5562141 -0.021730275092157497
5562647 -0.01610447508287796
5563123 -0.017775171151303892
5563620 -0.019366395597008895
5564123 -0.02253662807450904
