4847125 1.6120937697696376
4847516 1.7161223504869412
4847913 1.717280377068415
4848315 1.6733410271741924
4848719 1.5260992082965892
4849126 1.620279776015472
4849532 1.6712850658546285
4849937 1.6309572713856857
4850335 1.5046386865127426
4850721 1.522368108965575
4851106 1.768465053503412
4851488 1.7436438564358683
4851870 1.6195568569113652
4852232 1.2888758026290146
4852606 1.46714334766837
4852977 1.693674159789945
4853346 1.5762839216888072
4853707 1.6282798361916297
4854073 1.7333044709474619
4854448 1.7712687846462454
4854831 1.7023292075913572
4855210 1.5540642786183076
4855598 1.727677407648116
4855994 1.8171791517824918
4856395 1.7798269075966746
4856796 1.5871312548072969
4857196 1.7105829435149051
4857595 1.736058661461807
4857972 1.761423967981838
4858384 1.7026784431051094
4858770 1.5912299133622352
4859155 1.7072071156499429
4859537 1.780694216979184
4859915 1.6651519411697568
4860285 1.4484251778349593
4860653 1.200739257491336
4861026 1.3072933528644044
4861399 1.603256241261628
4861781 1.687352506921553
4862168 1.704744858231412
4862556 1.7303574151103664
4862943 1.7108435265026904
4863331 1.7199279929830857
4863717 1.7396826097336104
4864106 1.7731307807156718
4864504 1.7805684253908687
4864906 1.7501006588721277
4865309 1.7805065004405503
4865714 1.6004509203122794
4866116 1.678832425576145
4866513 1.7270189737873523
4866911 1.7792659429670865
4867304 1.7553295812564402
4867692 1.5560515700645197
4868069 1.6649319766067907
4868427 1.7224159679024837
4868780 1.7278752197919336
4869125 1.5394017923769283
4869475 1.630207124736871
4869829 1.75661526960806
4870178 1.7993514275784392
4870517 1.6985923288095401
4870876 1.5704798421152664
4871210 1.6844806927911309
4871564 1.789730000357372
4871962 1.6981834035954637
4872346 1.6231398523804805
4872726 1.7464979076522744
4873105 1.7730488322191083
4873483 1.6168069031170842
4873857 1.6461981624026907
4874234 1.7459653154157853
4874610 1.8368508415093463
4874985 1.6850905594928833
4875357 1.6568517435534604
4875732 1.764683191280453
4876103 1.78409397062455
4876471 1.7119821039110352
