1469363 -0.23811791646264796
1469837 -0.16953891058107295
1470249 -0.03788363236524145
1470716 -0.1280982696584112
1471149 -0.10058617288278415
1471684 -0.062212741988547315
1472144 -0.2247442029770531
1472581 -0.21290783368553934
1472929 -0.2295854016060046
1473405 -0.06748411007075636
1473891 -0.26145528018203945
1474291 -1.9816798972097578
1474739 -0.26181453732219895
1475167 -0.09501104281009853
1475598 -0.40020628474556696
1476088 -0.47953385361488826
1476599 -0.05502875711116384
1476947 -0.08063518689453597
1477400 -0.10808559241171034
1477857 -0.11065463806370102
1478362 -0.04382222631897503
1478730 -0.1537850538082821
1479179 -0.11262027892188908
1479686 -0.043194751398034636
1480108 -0.09180288954755822
1480572 -0.08986854707179881
1481121 -0.09516035604233641
1481504 -0.055648663987705294
1481979 -0.08793052935309742
1482512 -0.08934518750048148
1483005 -0.1018460816404283
1483401 -0.11655802987406427
1483910 -0.06389442489721375
1484351 -0.09621676341766738
1484805 -0.05693954382277466
1485250 -0.06951193411709877
1485710 -0.09498731487314688
1486163 -0.0792179607298843
1486628 -0.13783952682920084
1487072 -0.06694945995525278
1487576 -0.06175650502885061
1487993 -0.10052168248043292
1488530 -0.1263189399756721
1488884 -0.08554909452596882
1489346 -0.1033763513642956
1489813 -0.07468922959877838
1490317 -0.20277593590001292
1490783 -0.09050949454410157
1491169 -0.37344636549132304
1491614 -0.06857479062173905
1492104 -0.11188742355862291
1492601 -0.06778780585585864
1493010 -0.1672690711966026
1493466 -0.14779366015347942
1493887 -0.07861650658900632
1494414 -0.5272830642114164
1494803 -0.20681163604766262
1495240 -0.3330437731890019
1495711 -0.3190034963035026
1496135 -0.1192113105885437
1496602 -0.1638298840899316
1497046 -0.2737141810589385
1497453 -0.09758786830978483
1497998 -0.16949182752413827
1498417 -0.1546966593412215
1498825 -0.04718606949726023
