4667638 -0.06810420650459037
4668037 -0.07775103304036224
4668421 -0.16654704720292646
4668736 -0.1112406398486766
4669093 -0.0425266044910457
4669438 -0.1478315422380047
4669815 -0.20370428303516508
4670152 -0.11929902632726277
4670511 -0.16068358715998146
4670866 -0.16851800335970585
4671238 -0.08145884744456569
4671591 -0.10082448357458451
4671956 -0.08391714728441518
4672331 -0.07528050388751556
4672672 -0.11202650528595476
4673028 -0.07307355511383862
4673394 -0.0809298832159907
4673816 -0.055820702695122626
4674112 -0.0458704150785621
4674537 -0.1315500251573081
4674837 -0.09801112277015517
4675200 -0.2260329375851825
4675553 -0.16376291643973398
4675908 -0.11229972095510438
4676266 -0.12049082708422906
4676617 -0.081308781890188
4676974 -0.08785279065761684
4677345 -0.1088961965319503
4677716 -0.11625865235454286
4678077 -0.11278426489849142
4678575 -0.06427259959084691
4678874 -0.1531250050258478
4679353 -0.11500474332697463
4679616 -0.011640750175861747
4680145 -0.08147588621137869
4680393 -0.09761326118195024
4680812 -0.027437656419369905
4681194 -0.07461823936861345
4681544 -0.09553514092771409
4681906 -0.06915672960063866
4682299 -0.04993718484883279
4682690 -0.09898735810846755
4683037 -0.0637222331782124
4683424 -0.11533983856048596
4683818 -0.09050439898923507
4684179 -0.17896612264657547
4684538 -0.09932680113296269
4684975 -0.04088589898039967
4685330 -0.09801322175695704
4685661 -0.10043549412611719
4686041 -0.11795605344228177
4686492 -0.37571896901422563
4686793 -0.09757659785656678
4687166 -0.10085467541197854
4687550 -0.12837161164340755
4687917 -0.0976055467324058
4688306 -0.05872773492034708
4688682 -0.1585912294306399
4689045 -0.09938202883799567
4689419 -0.15754675112911815
4689823 -0.24442422665653576
4689963 -0.49339345814817503
4690170 -0.2947141097025421
4690526 -0.0679348569645647
4690899 -0.23094136651710506
4691314 -0.158527413978087
4691637 -0.16619722440675588
4692013 -0.08643960904051526
4692387 -0.17527190148412905
4692778 -0.06618563172124549
4693142 -0.08754323774350228
4693518 -0.05212792578470345
4693891 -0.13224346555722982
4694251 -0.09966901062351799
4694609 -0.08682439513134496
4694967 -0.12128426023693284
4695323 -0.046738583510466586
4695684 -0.14923665687574653
4696040 -0.09162611025213291
4696460 -0.04970798075073268
4696854 -0.06238201629849183
4697164 -0.10361025692981429
