2396049 0.9038869584141928
2396471 1.0150004662213412
2396888 0.9825606083735466
2397313 0.9578863404915099
2397729 0.8857644935267537
2398149 0.9705224949576668
2398568 1.0621008706800994
2398986 0.9707614828893744
2399400 0.9160696295698452
2399817 1.0157352580059915
2400234 1.0795449293949984
2400643 0.7974455808661015
2401060 0.9874539011122824
2401469 0.989137510139612
2401887 0.9942323598101985
2402304 0.8831157706636028
2402717 0.8185668136354762
2403120 1.0415903245808107
2403527 0.884216104644721
2403938 0.8986091431278896
2404340 0.833131667676359
2404739 0.7676561414950194
2405133 0.8453204275724029
2405523 1.0288312497718457
2405910 1.0563985312567765
2406298 0.9132195707144825
2406681 0.9548918689390242
2407071 1.0343490087647984
2407466 0.9595196159141177
2407863 0.9266968098612646
2408250 0.7832501554952378
2408666 0.931173787495805
2409061 1.0338122006600732
2409457 1.1044448463223282
2409853 1.0320742248085581
2410240 0.9179181507920706
2410632 1.016124715195795
2411029 1.0191103034264337
2411437 0.9040835742446772
2411827 0.9682500785989883
2412222 0.9641154603572558
2412616 1.0439675580154368
2413013 1.164577970990701
2413403 1.1574176604027928
2413789 1.078253904987034
2414176 1.0507322698254635
2414560 1.2538972364583452
2414948 1.0411978497678875
2415330 0.8938335421244061
2415718 0.6291029650291518
2416104 0.8522796293068081
2416489 0.843236640395147
2416874 0.8584721863151117
2417259 1.1944859327641089
2417645 0.8425796942364387
2418035 0.8047768540892917
2418431 0.9813524635791924
2418835 0.8808234090623628
2419227 1.1359521485206434
2419620 0.8810762634651134
2420005 0.9033729666156192
2420388 0.9545226544812303
2420773 1.0791727809304996
2421156 0.9910990323211453
2421535 2.034544753316475
2421906 0.7642237320111862
2422278 1.0314530035482115
2422647 1.3238295288365953
2423011 1.2680618969713868
2423374 1.1381948504914252
2423743 1.2451777758462506
2424129 1.3788107032108574
2424525 1.5494275536731146
2424924 0.8626923248059141
2425311 0.5413341880364815
