1588573 -0.4133512230900733
1588832 -0.11984659763256889
1589376 -0.32388168059351236
1589633 -0.8389718310881573
1590041 -0.25101282467822594
1590456 -0.6428896471291331
1590763 -0.16729329729849512
1591213 -0.04558118164246561
1591522 -0.0930921257654741
1591899 -0.06785639687318623
1592377 -0.08664516100119846
1592649 -0.06491643587566864
1592999 -0.04335001851708853
1593381 -0.06424136934584346
1593775 -0.07394846402283117
1594199 -0.1137630069048261
1594580 -0.1068322640144701
1594958 -0.07391078169440224
1595334 -0.10273314252603516
1595748 -0.12462746593242069
1596149 -0.10913336613745828
1596553 -0.08592212128299725
1596916 -0.08413748634242046
1597323 -0.1386877218093001
1597703 -0.08134629911901103
1598067 -0.07771651515926603
1598473 -0.07671554053538698
1598850 -0.08596148889586053
1599243 -0.07331013333805858
1599608 -0.058917152279618246
1599983 -0.0874737757515629
1600357 -0.08059388662540756
1600765 -0.12269409767344897
1601172 -0.12331193255750628
1601507 -0.1738798117687016
1601916 -0.049182375583044724
1602241 -0.09588063288856263
1602692 -0.08954331885103661
1603122 -0.557963644260802
1603376 -0.12677294584794563
1603886 -0.20570098059940023
1604182 -0.35063079000167774
1604489 -0.15052928432338897
1604845 -0.1194365422577238
1605176 -0.04379938543072215
1605580 -0.7943090525452439
1605970 -0.05944789768450787
1606351 0.0
1606591 -0.5390780563526612
1606929 -0.08010472821508319
1607422 -0.3561317344463397
1607803 -0.12894853211281743
1608105 -0.047506793854281915
1608406 -0.20959756929235596
1608774 -0.13152583176220878
1609135 -0.04834405582291801
1609524 -0.06149291793753997
1609908 -0.12172631090087271
1610261 -0.13863894832947604
1610699 -0.15579295874555393
1611095 -0.11208902948280455
1611490 -0.07516929544264508
1611864 -0.10619413320530036
1612372 -0.2558250321263774
1612672 -0.23023069410469155
1613084 -0.08614254214807833
1613428 -0.14509085353192652
1613834 -0.23770482063541892
1614197 -0.15644928375613487
1614553 -0.31846747606664877
1614908 -0.280097317802805
1615319 -0.1227619296480228
1615721 -0.14049019774152666
1616107 -0.15467444693476468
1616466 -0.19823397093861803
1616905 -0.21354407467928158
1617303 -0.14858941583879637
1617685 -0.1372315867389138
1618073 -0.13658255960149934
