812706 -0.6235879908885806
813615 -0.1126334344005484
813685 -0.5506674538018359
813928 -0.5674979766094523
814168 -0.5973462218799397
814418 -0.615461649626051
814664 -0.5098269557929789
814910 -0.5798905588464572
815161 -0.7713425508407611
815667 -0.5544344758157491
815933 -0.9084866445812618
816188 -0.5004099950895213
816464 -0.5447760348053425
816728 -0.7155864231140625
816994 -0.625121287232889
817517 -0.4329050692115942
818032 -0.3400852379764541
818792 -1.106921515889786
818929 -1.3083435322012313
819306 -0.4346873863996509
819560 -0.4759148056843911
819814 -0.5345905190703136
820072 -0.5676616955234683
820341 -0.6925556945049408
820741 -0.2996877357330376
820993 -0.31626982036112805
821281 -0.8050262581783626
821430 -0.2982194523535153
821654 -0.5670002181894166
821884 -0.432002249976866
822124 -0.1932231640529174
822244 -0.5837246025226153
822329 -1.9143049969469181
822604 -0.7515011811434702
822887 -1.651909114451672
823369 -2.616054452483829
824078 -0.5250277330762488
824480 -1.576272073490386
825560 -0.4002630193160713
826102 -1.938549094579508
826339 -0.8691756728531916
826881 -1.4937896059066582
827638 -1.7593717008136456
827938 -1.3697086852963942
828247 -2.3241286862118784
828683 -4.014930678907809
828913 1.2976191721550765
829000 -5.0497288893131795
829509 -3.637082290040023
829687 -1.993112981228617
830996 -1.403217515883691
831234 -1.278678136131132
831506 -2.0534932778282613
831755 -6.051453258582226
832807 -6.572672375197011
833306 -2.528102139015512
833517 -4.201274792853142
834469 -2.7826999217974864
834779 -0.7464294143028194
835215 -0.5267736467072721
835393 -2.0148435144819974
835876 -1.2573791385453283
836374 -4.973859062676427
837984 -7.250753362347014
839464 -0.31539322311340284
839604 -0.5397100762723409
839997 -1.5471777391156725
840345 -0.43882799957677004
840499 -9.267674514850968
840790 -3.60331594174341
841449 -0.5521374330181834
841879 -0.11300270232036069
