1802203 -0.39562345476197613
1802657 -0.4493536679324964
1803115 -0.4546958734783074
1803569 -0.4413390305303342
1804001 -0.40270242207694595
1804415 -0.3901982408643547
1804837 -0.44826558231459385
1805280 -0.46194338943043967
1805756 -0.4208088112437083
1806211 -0.3876087176941233
1806678 -0.43406938202806067
1807162 -0.45816841894038807
1807638 -0.45231026855998724
1808092 -0.4060814768071206
1808513 -0.3887479084887633
1808938 -0.4441087111714993
1809381 -0.45513515087451606
1809861 -0.44513456814909014
1810340 -0.3968981768483789
1810789 -0.4137660512863796
1811275 -0.4505359561319373
1811763 -0.4529029670171584
1812238 -0.4203449034022266
1812678 -0.40092637019274313
1813118 -0.4390123443111884
1813569 -0.45866124874348413
1814047 -0.4552184468506567
1814533 -0.4422034628661759
1814986 -0.39261647948339157
1815414 -0.40036530691351013
1815869 -0.4511370248351812
1816356 -0.44039374360373684
1816820 -0.3966556595339506
1817255 -0.39498693274819335
1817709 -0.45762738481238097
1818169 -0.45431917151782153
1818626 -0.40077702052293085
1819057 -0.4075786924367342
1819505 -0.4527089020041298
1819970 -0.4538217818343765
1820443 -0.4417374437625858
1820909 -0.39415175925374357
1821334 -0.4085151697880464
1821763 -0.4528695392657198
1822197 -0.45908968468154304
1822644 -0.4049589507646427
1823077 -0.40415785350282946
1823533 -0.44068745221491895
1824031 -0.45756232916056583
1824542 -0.4238437906472274
1825018 -0.40212814772779426
1825499 -0.4430391153558645
1826000 -0.45824325850550557
1826508 -0.4568521713171398
1826985 -0.4134220026942354
1827419 -0.39712489700028364
1827853 -0.43803697891862803
1828322 -0.4584706511343031
1828804 -0.4464040560498299
1829268 -0.3992858981939249
1829713 -0.4251498311749372
1830199 -0.4538872557538992
1830662 -0.44561348268955636
1831102 -0.39967816951487434
1831531 -0.4412641966173037
