5607510 0.12360733494773252
5607940 0.1489621547688023
5608336 0.07743619356225029
5608711 0.09721121354980483
5609074 0.04774272497524451
5609442 0.11961850057847273
5609816 0.09657897328755954
5610187 0.11310638283591395
5610575 0.11171409508181518
5610979 0.1040308474218829
5611392 0.14088921146040906
5611800 0.1475457761734038
5612210 0.13346557778651325
5612609 0.10483883813771072
5612999 0.10578022141599208
5613367 0.10600803957284782
5613731 0.09374937199673011
5614103 0.10824945930273339
5614480 0.12608193550889557
5614869 0.13568420217003585
5615267 0.1328585233844738
5615681 0.09782246341807421
5616116 0.10891311436293871
5616573 0.10891636352049339
5617025 0.11504962759165155
5617468 0.10304449848412683
5617912 0.10419372218436479
5618360 0.10858349612256296
5618787 0.12431810513289976
5619228 0.11724790110575917
5619675 0.10001242846253494
5620113 0.11121228407194395
5620554 0.07099065120774828
5620986 0.103887455625433
5621414 0.11136502775874496
5621836 0.09765466041932774
5622245 0.09139533061724336
5622656 0.11989451913888649
5623067 0.12541576183844227
5623482 0.11920818268498512
5623895 0.12383939975185349
5624309 0.1029032591560754
5624725 0.13230432657492483
5625128 0.1395478579360335
5625515 0.12399670181512479
5625895 0.11376371605838087
5626282 0.12457101559372669
5626678 0.13053409589875692
5627063 0.11640481527986607
5627459 0.10028999823662632
5627863 0.11792450658878295
5628276 0.12314231774873591
5628690 0.12019494746243042
5629105 0.10958765268472942
5629515 0.12360954573265243
5629925 0.10713904466707258
5630317 0.09354195260507636
5630698 0.12851182849118026
5631074 0.12656958571684407
5631437 0.10420420729389612
5631812 0.11902689679413869
5632196 0.10377046960015379
5632597 0.10896604307075902
5632988 0.11977117170396379
5633398 0.10655831851368924
5633816 0.0988195990980204
5634243 0.10794572182187423
5634646 0.10864202593922939
5635060 0.12478389308663551
5635468 0.10196902359047516
5635875 0.08047410974011826
5636283 0.10972657486602183
5636705 0.11732963165105254
5637132 0.12187170403174047
