3390046 0.12821994031442524
3390449 0.17913655230141762
3390867 0.17393697113138412
3391289 0.18359613278207965
3391689 0.13359915076018491
3392100 0.1354187494105239
3392507 0.1658128536852762
3392911 0.17528457576814027
3393295 0.15116882860986872
3393671 0.13061241509942795
3394055 0.1536359436441334
3394441 0.1695185156579317
3394837 0.18128482193747425
3395219 0.13855987458541694
3395617 0.12097140645071197
3396015 0.16293719603637952
3396427 0.17321872850893993
3396820 0.12956190246490368
3397214 0.11448042457611651
3397607 0.1527585448295108
3398005 0.15681463599111778
3398392 0.1526484982959062
3398765 0.1223465545191274
3399148 0.1450285668610044
3399537 0.1622719783276247
3399940 0.17048409172748447
3400330 0.1457892102463338
3400717 0.12502993144282387
3401112 0.14015857170428564
3401510 0.15623445787665902
3401903 0.15866165871622262
3402277 0.12431864459673764
3402659 0.13164656710132944
3403041 0.15165268478257388
3403431 0.1662035668577485
3403824 0.14783394821166762
3404205 0.10216909394845142
3404593 0.14609211481549578
3404982 0.152107888386943
3405364 0.15479092096984698
3405735 0.12750739614562084
3406114 0.12175066327494188
3406496 0.1427253901149565
3406887 0.170187106758442
3407270 0.13573666881803037
3407656 0.11767900509523593
3408047 0.15838194446099724
3408442 0.16682608187332792
3408826 0.14947476921460268
3409198 0.12563578634133044
3409578 0.13515773960572408
3409958 0.15263803117503816
3410341 0.17011362781900236
3410711 0.1284049102829033
3411087 0.11795638550773357
3411465 0.15555989933696063
3411848 0.16874254863266674
3412221 0.14140356816229044
3412593 0.1220323719440648
3412972 0.13765399806309192
3413358 0.17389689684271248
3413731 0.13294179122522676
3414110 0.1244295659174523
3414497 0.15498977927048108
3414889 0.1593223607925035
3415274 0.14301591257175972
3415647 0.12268426476186234
3416028 0.1289798507804345
3416409 0.15887884978721167
3416793 0.16625878027733515
3417161 0.1248325217344396
3417536 0.13020097148330073
3417917 0.15115667187575632
3418312 0.17471460345654383
3418702 0.12544148821927875
3419089 0.12556122219246962
3419490 0.14708284885195777
