872954 0.059423210650839386
873310 0.10159678235166841
873686 0.07001793117675131
874051 0.0030961263218330926
874410 0.04515771837776977
874737 0.09041914824450853
875054 0.06381019035469043
875375 0.0933679528750821
875706 0.02204809816981934
876043 0.005607260616174947
876387 0.0324624861292081
876755 0.103067155298945
877143 0.07279527630309507
877540 0.053765122773309415
877904 0.08896310092409132
878276 0.09644912656957705
878641 0.01176261370366527
878971 0.0643634353682297
879314 0.09887664764565834
879663 0.06070315474755955
879998 0.0562054503038808
880321 0.05703620006282767
880642 0.09704568641062966
880989 0.08744330813439266
881358 0.07130865500274985
881727 0.04474794066756549
882067 0.06600302765958321
882421 0.08593585571208584
882772 0.09969603715059572
883089 0.08553040988709815
883408 0.10516340076346925
883724 0.029229296474540478
884041 0.05747449653913639
884369 0.06249293296547637
884715 0.09073888554370613
885047 0.0610465392774277
885388 0.021389003714732513
885736 0.11174825595215765
886082 0.07618292460017506
886415 0.05992899453308387
886759 0.10788185841892645
887105 0.09408537067344136
887442 0.0277060073488396
887769 0.07391517777818846
888114 0.07296894487490807
888482 0.08375120930978958
888863 0.07813713718281212
889226 0.07858929793191438
889607 0.1087708560874377
890004 0.0806364766380257
890378 0.04501294624573288
890740 0.068461712868016
891107 0.10509777161817718
891464 0.06468700731529992
891801 0.07254722617554998
892132 0.08159686065347016
892482 0.0772364907988386
892845 0.06676399235535974
893199 0.07332300772421246
893575 0.11197991683431735
893972 0.0950547048647642
894365 0.030050536444714504
894751 0.055302186055879166
895127 0.09246354430552295
895504 0.07457563419682273
895876 0.09337019819701864
896221 0.05443593220110282
896578 0.11412978640046573
896941 0.0887387781789088
897302 0.06580859590066607
897643 0.023417496403514315
898018 0.09681524916520912
898406 0.054395720535658054
898796 0.10841186069251119
899161 0.07898478167072925
899552 0.08075000909677255
899937 0.0554479481816359
900310 0.10668090880522907
900663 0.11963813047213873
901031 0.1017631029889684
901396 0.11596086043662862
901759 0.04741728092336378
902097 0.07545584521170723
902461 0.11379617048208612
902831 0.10495227879334007
