183758 -0.44455700541533183
184116 -0.34254986821443656
184463 -0.38787637398939334
184804 -0.3932716250577759
185155 -0.3438682338688872
185508 -0.35461585297582876
185873 -0.34168851426276026
186257 -0.3859912870341148
186654 -0.37706339307435144
187068 -0.4048496923042708
187490 -0.41330529178698605
187900 -0.4039062030549765
188297 -0.42286446302352676
188683 -0.442499841365269
189056 -0.3804459686487184
189406 -0.32228002697498626
189751 -0.3837603210433437
190099 -0.37495776245021895
190469 -0.37031122385863924
190839 -0.34220109247132524
191223 -0.3649473227400467
191630 -0.372082852469549
192051 -0.37719298955163083
192473 -0.41155602542457426
192885 -0.34346261288682345
193267 -0.3645927681699984
193642 -0.38011388848625005
194013 -0.37719541247679833
194385 -0.3825548593441571
194747 -0.34387390061999257
195111 -0.36046002442442604
195483 -0.3706871024583349
195875 -0.40639067215946556
196270 -0.3545102951936881
196645 -0.365177880560141
197024 -0.38531472108050924
197402 -0.3834253620869512
197787 -0.3970889157882864
198173 -0.35651613243912617
198531 -0.35088319339291507
198889 -0.3701813729247905
199250 -0.35086567165150284
199598 -0.3398056034397784
199954 -0.3597925783847019
200330 -0.3722496334999983
200719 -0.3799980957559418
201115 -0.396063481564523
201515 -0.3722671521575137
201889 -0.3427812814330078
202258 -0.36938612095135626
202619 -0.3693233124961939
202979 -0.44940681988025266
203205 -0.08652579423308271
203341 -0.4765955149046881
203710 -0.40506403967987387
204062 -0.33977646381032833
204417 -0.3755840440060623
204782 -0.4160326868339551
205141 -0.34726529265481626
205493 -0.3487763303390265
205839 -0.36836929611960856
206201 -0.3645855789909076
206542 -0.3369899697823731
206906 -0.4011954530810039
207274 -0.3794015566066329
208047 -0.532364583955041
208433 -0.40065208264501095
208818 -0.38129129697673164
209175 -0.34125958291265274
209520 -0.3557389586598807
209858 -0.37856481082502347
210198 -0.38494525089090625
210547 -0.39567532378961645
210910 -0.34479709849329365
211274 -0.3646013895550527
211648 -0.3545094301014894
212039 -0.375593677748567
212436 -0.3627515046464378
212815 -0.3273052071876068
213184 -0.37355811160525343
213553 -0.4013580794194175
