5757244 0.1664692490413083
5757592 -0.01894110540727406
5758435 -1.0549886403039477
5758623 1.5203853610493143
5758899 0.10917060466232553
5759230 0.11215171755694064
5759532 0.1382170430651839
5759850 0.6238023992695172
5760398 0.15577502064195448
5760676 0.06500580115628152
5760929 -0.24718070409783993
5761208 -0.08986674212399987
5761540 0.12143009409261107
5761795 0.7975987129474618
5762011 0.3207775878150283
5762330 0.14054013454448633
5762661 2.7226933719689668
5762796 -0.5197388748547274
5763276 -0.42772321741156394
5763582 0.07940506911829859
5763940 0.16876310376037496
5764089 0.10759935807108437
5764866 -0.29542379690092213
5765389 0.05782972313748333
5765539 0.05067374785162304
5765847 0.0
5765980 0.7168605624521267
5766456 0.24699893491525682
5766760 0.5666697536611506
5766967 -1.11630182214786
5767354 0.07258093280113842
5767629 0.0072339622049965024
5767948 0.029273834776048224
5768062 -0.1538991957482974
5768238 -0.03199063418997222
5768528 -0.1002249102545178
5768839 0.876241999045461
5769036 2.422768294008476
5769364 -1.8104486770518236
5769814 -0.11479825404893229
5770622 0.05323413671768218
5771348 2.0075151161836238
5771457 0.0
5771631 0.04704725160842904
5772150 -0.9676255891354908
5772358 0.9521259692454864
5772512 3.2477134527755913
5773413 -0.04372754417584673
5773728 2.385413130196569
5774312 -0.2563821824967092
5774817 0.30377738732475035
5775727 -0.6498028681517427
5776123 0.2566974255162576
5776866 0.9085477757687221
5777065 -0.10719300460556058
5777427 0.9629655873313574
5777740 3.2555298586465047
5778107 0.7535758461153953
5778329 0.17369506562689596
5778445 0.4685330858375694
5778605 0.24099021325008807
5778915 -0.09392408633583582
5779122 0.4073851463285568
5779373 0.2704863458916775
5779535 0.4131486033358405
5779651 -0.1564913157889981
5780190 5.167519767253268
5780492 -1.319846423733114
5780677 0.23598147148543425
5780836 0.8312355122428146
5781083 0.10916152190848766
5781446 1.043485426398714
5781726 -0.17341321277511157
5782406 -1.3550678675501011
5782744 0.11544113306266568
5783048 0.027593989066194903
5783196 0.8581898091150014
5783413 0.926899638305868
5784887 0.8534439138627736
5785097 0.05297546066803574
5785558 1.6777362719938549
5785689 0.0
5785957 -1.2613083104875975
5786109 1.7430122154058871
