632987 0.07225744029776132
633294 -0.6330558924778447
633910 0.1808421760673431
633978 -0.6658116279607614
634251 0.5968126714385381
634836 -0.4021881538440487
635135 0.3720469342741485
635491 0.1297167637683073
635793 -0.15931767303192923
635956 0.19303844782534196
636288 -1.7218755515589383
636507 2.1358297102868185
636688 2.3254254179044613
636830 -0.4212489657413889
636966 1.3793762584677052
637109 0.6824626158049896
637331 0.04450868754899073
637643 0.3211046447327311
637996 0.1356426257172405
638320 0.24063435533565447
638538 2.988442441987522
638605 0.0
638975 0.5911380923077736
639364 1.8575886384673053
639624 0.11031641613285031
639856 -0.3200212898809085
640016 0.903507801319057
640249 0.5067870576489488
640585 0.7406296484577042
640688 0.6219560821658657
640761 -0.32116074361877034
641210 2.2138097259036593
641433 0.760540348874849
642196 -0.3065474193442219
642434 0.6188472666549993
642715 0.14581406404083452
642976 0.6804580509614002
643584 0.0
643963 -1.2892988605816993
644331 0.037245773715177524
644688 0.26778227166395385
645012 0.04959540974001886
645310 0.2428648528943699
645929 -0.18310515641843694
646276 0.1728868006401346
646650 0.5735828165386008
646974 -0.2451755654168984
647251 -0.004152283246115607
647559 -0.20042192527877895
647728 -0.014639749039226713
647835 0.802565695846357
648393 1.0000625125372384
648755 0.028023167084389566
649071 0.09673493548670936
649399 -0.0402986468669867
650099 0.15220211131326639
650435 -0.06590617298713164
650751 0.07488132144786341
651085 0.0509470119629436
651419 0.03522397474693584
651737 -0.004702191346301565
652082 0.0653932866346747
652418 0.02267462392966635
652741 -0.006091011377088784
653059 0.042629296518033266
653398 0.034960565204207206
653735 0.06962366006363396
654065 0.010250698697404192
654381 0.06107025410835176
654704 0.032405341448635716
655048 0.033165788867286494
655393 0.0066935130589507175
655738 0.023851082762913256
656071 0.008625413064659915
656402 0.03979180298613183
656732 0.06708881234839964
657065 0.023128033520031677
657377 0.0023735151286208844
657690 0.027174402179701462
658008 0.030891093902474354
658337 0.06716984563792261
658664 0.02854247575412655
658982 0.009950313286381074
659309 0.008335402700013206
659654 0.01559757428219749
660002 0.011600426737317093
660361 0.03861787939550748
660696 0.004200498708215095
661019 0.005135580042147758
661336 0.02396431431565671
661654 0.0186479139165614
661970 -0.019682015142272358
662273 -0.005819946943451004
662600 0.05114208659334768
