3809873 0.07923217204132266
3810332 0.09086864060153405
3810840 0.09354679512340403
3811372 0.09516736968603567
3811871 0.08341010307231195
3812326 0.08456018263142862
3812772 0.08979418750788681
3813230 0.09338546638409884
3813695 0.08233153610445454
3814139 0.07693762853431885
3814564 0.08669242132059779
3815021 0.09451669009714797
3815529 0.09620014216170147
3816050 0.08247128767591677
3816524 0.08128962198616146
3816993 0.0941303387058523
3817471 0.09562625984131845
3817951 0.09662792789955937
3818401 0.07455581228555808
3818823 0.07857501945388412
3819245 0.10102110596893865
3819708 0.10062379999674642
3820209 0.08858817228826676
3820693 0.07909406612630043
3821166 0.09558824771656788
3821658 0.08994854936185437
3822132 0.09079195244794752
3822593 0.07630564189127848
3823027 0.08040017105578118
3823464 0.09835865804393218
3823919 0.10556135995623228
3824430 0.08557376441037329
3824903 0.08227931210287859
3825373 0.09337478412374711
3825886 0.08967716735962028
3826477 0.08145690974030073
3827041 0.08444871396530118
3827621 0.08814240712830368
3828205 0.08303381483038241
3828750 0.07037868835464967
3829246 0.0837252082230664
3829719 0.09408806288363236
3830211 0.10066353078539947
3830719 0.09149286348992264
3831195 0.08041365957935848
3831667 0.08891195965302973
3832168 0.09809346316364864
3832722 0.08852562855539753
3833240 0.08592101859367046
3833724 0.08593313462518842
3834223 0.0913793040067089
3834707 0.07638817296046663
3835145 0.07300156649974698
3835574 0.08836423266319227
3836005 0.09234008261227711
3836459 0.09464113281941999
3836925 0.08644103049856466
3837371 0.08119065609789539
3837832 0.09390429835937203
3838378 0.09528935679884148
3838948 0.07940797902028568
