96
97
97
96
96
94
95
106
110
99
95
97
100
97
100
94
93
94
93
92
89
93
106
106
99
99
101
102
98
99
105
108
106
107
105
101
97
93
95
91
91
91
91
92
94
93
93
96
101
101
102
104
103
102
100
97
98
98
98
104
102
100
99
100
103
103
107
105
105
100
103
102
103
108
106
106
106
110
113
118
118
112
105
109
109
105
104
104
104
103
103
104
103
108
108
106
106
109
107
108
111
104
106
108
110
115
108
107
111
112
109
105
106
106
107
103
101
102
103
103
101
101
101
105
102
101
101
102
101
101
104
101
98
97
99
99
97
99
98
99
100
105
112
121
111
113
110
104
98
99
97
104
102
95
94
91
91
91
92
93
90
92
90
91
90
89
91
90
90
88
90
90
89
89
88
88
88
92
87
87
86
87
87
87
87
86
87
87
87
87
86
88
86
86
86
86
88
89
91
90
88
88
88
89
88
88
88
91
90
89
88
88
89
86
86
85
88
85
87
86
87
89
85
87
85
85
86
85
85
84
85
85
86
86
86
85
85
86
83
85
