4913380 0.7366246945869165
4913733 0.7636647519376565
4914087 0.7793487704660905
4914442 0.6815457075118316
4914799 0.8103889956828567
4915152 0.7547680590913997
4915506 0.7440250223961138
4915858 0.7712678691059236
4916208 0.7577037825230248
4916558 0.7945767323948271
4916909 0.853089571567665
4917265 0.886337250114728
4917617 0.8096430774387389
4917967 0.6876351156710812
4918329 0.7270992267717613
4918693 0.7507027360941234
4919054 0.6780507164263209
4919422 0.7858227579975573
4919785 0.7158324045579155
4920151 0.7016375143805147
4920536 0.7661832376553421
4920920 0.8760554562784102
4921309 0.8704226008170355
4921694 0.8676443428536215
4922073 0.790121854827587
4922442 0.7217565936160284
4922803 0.6965275166902195
4923166 0.9887297262488628
4923526 0.8093143453749176
4923701 0.6743991324743936
4923881 1.0854463197364947
4924235 1.2421757466245547
4924589 0.8330797134174257
4924939 0.8967891393789227
4925287 0.8545472271715397
4925625 0.7839079538669129
4925969 0.8223459831507524
4926304 0.8457784630039525
4926641 0.877002179722079
4926978 0.886777017288225
4927316 0.8602835176917873
4927655 0.8614928413142654
4927997 0.8677569869982991
4928342 0.8710679806547849
4928691 0.8683129209148245
4929042 0.8749022778173902
4929395 0.8703287680148013
4929751 0.8684623581939319
4930105 0.7258520371144463
4930457 0.728295636223728
4930813 0.836216087345887
4931170 0.8194439487083527
4931528 0.8251060616727544
4931892 0.8308490220692744
4932259 0.8725215105477893
4932624 0.8482611437381667
4932990 0.8879996613520711
4933354 0.9432106042716053
4933716 0.8647151996148129
4934082 0.9309001286578247
4934447 0.9774788851997127
4934813 0.9715977851154955
4935180 0.9558549829018326
4935549 0.954277926659234
4935918 0.9518996456179767
4936288 0.9520961030931174
4936657 0.9533216297814795
4937024 0.9645632787778883
4937387 0.8899523106452377
4937741 0.7857886283303064
4938104 0.8868326555178425
4938467 0.8362936208295368
4938821 0.7765446599034467
4939177 0.6637252868075032
4939530 0.6363428793763041
4939888 0.5386549942024157
4940244 0.6249905986607212
4940599 0.7153649854868426
4940952 0.7108509991711752
4941306 0.5716253633607544
4941659 0.4592496774721086
4942016 0.5379968869541221
4942374 0.5744316354556978
4942733 0.6037514360181098
4943094 0.6460896894783029
