6169895 0.6510962766518458
6170253 0.6518017195277441
6170611 0.6959632312795183
6170969 0.745069395031325
6171324 0.6700816673879708
6171678 0.6760202676913865
6172034 0.6983674365037986
6172389 0.7495748096107188
6172744 0.7333450536337319
6173099 0.6663000006249699
6173455 0.6859283294739515
6173813 0.6945162776451708
6174171 0.7025110065540214
6174528 0.6661196854593583
6174887 0.6233500488139315
6175247 0.6742542562580087
6175605 0.6874371765520193
6175962 0.6481883051500763
6176319 0.6329501173098773
6176678 0.6742964959150008
6177034 0.6521010124513065
6177385 0.6186150034794735
6177737 0.6446077930598266
6178091 0.675694768850506
6178444 0.6861508003661385
6178796 0.6708284408327347
6179147 0.5931847585670289
6179501 0.6082522506492434
6179855 0.7205445728227708
6180206 0.6705926357741626
6180556 0.5518384809469177
6180912 0.6607488366493048
6181261 0.8721624419804127
6181608 0.8758705702351913
6181953 0.7951355231695929
6182300 0.7237620081152064
6182650 0.7145674108379154
6183001 0.6915384171823756
6183356 0.707686209902661
6183711 0.7070597929500568
6184068 0.707228706277591
6184426 0.7127706772364415
6184781 0.7124871208229127
6185129 0.7232024025300584
6185474 0.7152815064156262
6185815 0.6329546241961015
6186157 0.742349931565844
6186492 0.6987421162543677
6186825 0.6926664274330051
6187156 0.7687434520618783
6187485 0.7791992841473594
6187803 0.7669666271147175
6188118 1.170205684942533
6188430 0.561983512789774
6188741 0.6185644739358298
6189053 0.7145161327752766
6189365 0.6331990350498964
6189679 0.6883169899688905
6189992 0.6378381426742993
6190312 0.7512410078967403
6190635 0.8852976941527374
6190955 0.7845484554132826
6191281 0.6662933000537179
6191611 0.6531406097977839
6191948 0.755848815469322
6192292 0.8426349076364248
6192641 0.8412471546106988
6192991 0.7352889832263741
6193346 0.8177962316917922
6193707 0.6948072234036609
6194066 0.6153493252057026
6194429 0.6609365106907424
6194798 0.683489176066008
6195174 0.7089458850686179
6195549 0.7230072320401953
6195925 1.0287527840596782
6196295 0.7706885879962931
6196666 0.7431975344924993
6197039 0.69841951925225
6197415 0.7413780386422296
6197792 0.6795628682329
6198165 0.6456599471419084
6198536 0.4732113324817722
6198908 0.46743726318456913
6199275 0.4862314283871825
