4044962 -0.046851904494077334
4045340 -0.05767609946024366
4045725 -0.037804813154511285
4046108 -0.043267868386915875
4046490 -0.04198318886667357
4046870 -0.055046453237981074
4047246 -0.05253687965970011
4047627 -0.04039696658405523
4048006 -0.03786062164464343
4048385 -0.04835410850635491
4048760 -0.04865145097205742
4049140 -0.04336621740137342
4049524 -0.03883878754255615
4049907 -0.03310518531010431
4050285 -0.06235145581744245
4050666 -0.04669339746748441
4051049 -0.0378231325430029
4051432 -0.04049130207673529
4051814 -0.05254324738724392
4052195 -0.044687259260232204
4052578 -0.04119765651973922
4052962 -0.038035670747408934
4053349 -0.0573504131980937
4053730 -0.07238019778897126
4054117 -0.0519907692711411
4054506 -0.046645667475787744
4054896 -0.05264491748132505
4055281 -0.062138707686119565
4055669 -0.04624053122937932
4056059 -0.05072818663150053
4056450 -0.0495018345463224
4056834 -0.06399084520998688
4057222 -0.04954676193381202
4057612 -0.046993998859534536
4058004 -0.04692798571932544
4058390 -0.062167760858379606
4058779 -0.0448568166291301
4059169 -0.0400139761725295
4059558 -0.044270862608435435
4059944 -0.05356213496984169
4060325 -0.058529722258803485
4060709 -0.040663698600640175
4061096 -0.037818854733462415
4061484 -0.043855852927399686
4061867 -0.05692679461668937
4062252 -0.03724640283433667
4062639 -0.03383657083855729
4063027 -0.03733691463426092
4063412 -0.055329428352012267
4063796 -0.04098138910602778
4064185 -0.04036951727460375
4064573 -0.04921794735017826
4064955 -0.06076703716748544
4065342 -0.041407667370307266
4065730 -0.039416517603960755
4066116 -0.03935328475210004
4066498 -0.05875631274243859
4066880 -0.047925726044575234
4067262 -0.0427740047640614
4067644 -0.04217175119175115
4068024 -0.05105358195120979
4068402 -0.05125354534382359
4068782 -0.040991901169058154
4069180 -0.035468356570752146
4069555 -0.043379813003875334
4069940 -0.05486855634096982
4070323 -0.0498040343346669
4070708 -0.04027563295070857
4071092 -0.038563737151678545
4071476 -0.04169002006281097
4071855 -0.06333960974732994
4072235 -0.05156807055721119
4072616 -0.04447861352448407
4072998 -0.03936066909559405
4073376 -0.05424567767735089
4073753 -0.05162319960267375
4074135 -0.045234323794407394
4074518 -0.03662688509213585
