3116804 0.3510803655890858
3117220 0.3518712331208193
3117632 0.3411807489687995
3118043 0.33810600407169983
3118457 0.3539294715464753
3118873 0.35595172819743287
3119288 0.3434819516855807
3119700 0.3411922721919718
3120111 0.3504774835404669
3120521 0.35000418370133557
3120930 0.3437461570508534
3121339 0.34863420485980917
3121750 0.3497223714002889
3122159 0.3425463112987607
3122565 0.34010811601688706
3122970 0.34336005114454815
3123380 0.3583531992112265
3123792 0.35011128865075364
3124201 0.34055889294866304
3124609 0.34459923560338585
3125023 0.36019094845672717
3125437 0.36071944285705226
3125847 0.341122299054004
3126257 0.3371087751229296
3126671 0.35299323124992754
3127085 0.35190271998216727
3127492 0.3431493245699603
3127901 0.34366913050020265
3128313 0.3514692717823851
3128723 0.34777325133238574
3129131 0.3408710829263207
3129540 0.3382727856659739
3129950 0.35280665697220465
3130357 0.34270729236134523
3130762 0.33803142625485594
3131170 0.3577252772718152
3131577 0.3461425041903924
3131982 0.34056659517791843
3132388 0.3515183992672086
3132798 0.35844816942167695
3133207 0.3458742011435495
3133618 0.34238692733478965
3134029 0.344018460718543
3134440 0.3530518367681175
3134852 0.3481972055877681
3135261 0.3397819797124456
3135671 0.351745827005916
3136084 0.3595902752965769
3136495 0.34965564034386215
3136904 0.3419331688826873
3137313 0.3471421233352525
3137726 0.36151342372631656
3138139 0.34775652706015003
3138550 0.3409608572026995
3138963 0.3481951457603933
3139378 0.3553718786164665
3139793 0.34929570177643243
3140208 0.34210384284923007
3140622 0.35041344676366193
3141039 0.3543610170397301
3141452 0.35092534108832263
3141864 0.34466941019441305
3142281 0.35292695148233805
3142695 0.3468490950762469
3143104 0.34555038113279535
3143516 0.35163091339060554
3143928 0.3545448586441519
3144341 0.34692976165778927
3144750 0.3448155107478665
3145159 0.34821514692399935
3145568 0.3532654924779282
3145973 0.34678415044225697
3146374 0.34742152186034997
