2877572 -0.06414200121004132
2877946 -0.07213860767792246
2878316 -0.08495928427602428
2878682 -0.09408722788716267
2879045 -0.07398216623362364
2879412 -0.07574811326337921
2879781 -0.06684228736105158
2880150 -0.0703332021380958
2880519 -0.06715335638456477
2880884 -0.10418031449483617
2881245 -0.09656126469188508
2881611 -0.07347538189869018
2881978 -0.07102398687719952
2882346 -0.06621364251925627
2882715 -0.07593090781709622
2883079 -0.0983175522553923
2883442 -0.09614642907058724
2883810 -0.06161441349948532
2884178 -0.05977648779630945
2884548 -0.06743160319810915
2884913 -0.1039779250089733
2885280 -0.07973221723715429
2885650 -0.06446205969692576
2886018 -0.06578324874920072
2886385 -0.09273479794857847
2886746 -0.10127900943215357
2887109 -0.08382665958446162
2887475 -0.07831490222183596
2887837 -0.07220507049187186
2888199 -0.07812374793694066
2888552 -0.11860666502328321
2888903 -0.10957060562899396
2889259 -0.0862324150427124
2889614 -0.07223977978240004
2889972 -0.07773775074390837
2890323 -0.12025804305796317
2890672 -0.10709784744519824
2891024 -0.08277311080994432
2891377 -0.07592756136968182
2891732 -0.07128900030032603
2892088 -0.08677789750406828
2892441 -0.11492242117559903
2892795 -0.10094569826520933
2893153 -0.07868458952310575
2893514 -0.0761423596264808
2893876 -0.08441178108556296
2894232 -0.11525746972239853
2894590 -0.0987470856120174
2894950 -0.06796597173060892
2895311 -0.06370869266550638
2895670 -0.08445147635940758
2896022 -0.11508519804938677
2896376 -0.10944926936759375
2896733 -0.08143037010987553
2897091 -0.06771241888863899
2897449 -0.08093664709305592
2897799 -0.10685863497871056
2898149 -0.10033851025998969
2898502 -0.08494537955458004
2898853 -0.0725504130760024
2899203 -0.07985476327401714
2899547 -0.10933825067146863
2899893 -0.09023631788954006
2900239 -0.07741961147732573
2900581 -0.10739790362038282
2900922 -0.10758420482769937
2901266 -0.08049079402592607
2901612 -0.06919724866516902
2901957 -0.09071932204342065
2902298 -0.10902381101596142
2902643 -0.09445731445233896
2902988 -0.07492040239625708
2903333 -0.09209244298161856
2903672 -0.12051169503004822
2904015 -0.10532903336040689
2904359 -0.08204731194586584
2904701 -0.08343489158139478
2905042 -0.10668367272224416
2905382 -0.10998552384524496
2905728 -0.08538773195473126
2906074 -0.07608628350043878
2906421 -0.09140463440123853
2906763 -0.12068701034932827
2907105 -0.10898260236329887
