3835285 -0.016595508234925338
3835698 -0.017749684054606918
3836107 -0.024685578623045545
3836517 -0.01763981193417985
3836925 -0.01809412795624099
3837329 -0.019131711792672423
3837730 -0.025022217517544243
3838133 -0.0188321010099351
3838542 -0.01767708653512068
3838951 -0.019673905553537818
3839361 -0.025655796828291833
3839774 -0.02086159895582851
3840186 -0.014360731778984337
3840601 -0.013967503592869468
3841022 -0.016228359242537238
3841454 -0.012904435033106954
3841880 -0.02295911156891589
3842307 -0.017173706990438853
3842736 -0.011136331137272637
3843172 -0.014089126530653695
3843603 -0.02364168795336996
3844024 -0.023414524238276335
3844436 -0.020447649547469193
3844847 -0.014440210804335996
3845253 -0.020332081864124385
3845651 -0.0189728181666724
3846048 -0.026741508317612683
3846453 -0.016047592103870023
3846860 -0.010718070144606795
3847267 -0.019958544315074822
3847675 -0.020051270936530807
3848087 -0.019658986697376535
3848509 -0.010093550253669203
3848937 -0.015143652644125982
3849365 -0.018946649771908797
3849791 -0.021555284979439815
3850219 -0.013381894660633553
3850652 -0.016232769816074022
3851088 -0.014145997595547855
3851524 -0.02224212111443996
3851954 -0.019433967476728542
3852387 -0.021337957131705887
3852827 -0.013204805405259479
3853262 -0.013087538076520522
3853695 -0.020959723348061565
3854125 -0.02212424154259024
3854551 -0.013411178813385383
3854981 -0.01305915578449035
3855409 -0.012110135880546824
3855831 -0.018463086680892804
3856255 -0.02375812291766588
3856682 -0.013553204588337753
3857112 -0.010035211485093842
3857537 -0.012024716321990037
3857964 -0.019276630193048483
3858407 -0.016457150630618145
3858836 -0.014140772718104044
3859251 -0.01670996193909463
3859675 -0.01960797334461617
3860098 -0.020214796697520354
3860537 -0.013525578381919479
3860954 -0.012705599753857766
3861381 -0.011753999026342665
3861811 -0.016117631951051592
3862249 -0.009315129105713527
3862686 -0.012886334506105435
3863120 -0.012722701641350254
3863571 -0.010269908980847064
3864017 -0.00744589779908672
3864447 -0.013498937836756597
3864885 -0.01923207838569002
