5571155 -0.06851782550873065
5571482 -0.0734788130292689
5571806 -0.06906350393702565
5572142 -0.058221007020383575
5572453 -0.0779032782847528
5572771 -0.057335820231443124
5573085 -0.07357763407063739
5573399 -0.06973431349354303
5573708 -0.0949407980300423
5574011 -0.08162213264855617
5574313 -0.08006787376368207
5574616 -0.07394821584804145
5574928 -0.08421149268492284
5575253 -0.05441002111915367
5575577 -0.12106497132952788
5575899 -0.0875329437190518
5576222 -0.08004250633713092
5576547 -0.08503958590670621
5576870 -0.09349698717531876
5577193 -0.09405794888018784
5577516 -0.08171785483663066
5577840 -0.12279645805674669
5578164 -0.09855571402058727
5578486 -0.10668258443085793
5578806 -0.11890684690880049
5579129 -0.07454468150267107
5579436 -0.11615774420435437
5579749 -0.10100890094886356
5580062 -0.16115440429554462
5580380 -0.10214518255930571
5580779 -0.07768439457872456
5581024 -0.10129134457638186
5581369 -0.11838749853035085
5581678 -0.08400159973551574
5582010 -0.14091562515458425
5582345 -0.07388438467101074
5582675 -0.11948685350659313
5583004 -0.12460028178974239
5583334 -0.11117015061278908
5583693 -0.04971884196537105
5583996 -0.07733598879543951
5584337 -0.09746632019126872
5584682 -0.13269553648173532
5585027 -0.17612359664145077
5585381 -0.04511108792909735
5585736 -0.08019542881070268
5586053 -0.24546711649515174
5586376 -0.03351966601921352
5586742 -0.047684705873911604
5587063 -0.13272023025061763
5587420 -0.1126217682082229
5587843 -0.09056622258084635
5588071 -0.14193365345460893
5588356 -0.049007480115902335
5588678 -0.09357627748639102
5588997 -0.07164813831441236
5589356 -0.11173879023501104
5589625 -0.08933306011136977
5589935 -0.07553985126885254
5590247 -0.07610594249742964
5590560 -0.05739838886859422
5590873 -0.08595266592553502
5591190 -0.07829813329638802
5591514 -0.053243171953773205
5591852 -0.062180060196490916
5592165 -0.061999545690778035
5592521 -0.061342927199937114
5592856 -0.12087084308186935
5593223 -0.06965846886757199
5593514 -0.07713171850417783
5593857 -0.07794885003977242
5594204 -0.06472521646853757
5594554 -0.06032131564050175
5594932 -0.059501167227793084
5595308 -0.1113201980482631
5595610 -0.052389638236872926
5595962 -0.04430559522029953
5596343 -0.12390287690973623
5596713 -0.10655781261515573
5597064 -0.0436214408300557
5597384 -0.07664394255513785
5597767 -0.03307108364873357
5598083 -0.5119330758385865
5598431 -0.07912279917377303
5598798 -0.06563635477187235
5599150 -0.08213427333906964
5599515 -0.12310934908422137
5599857 -0.07580381659523457
5600192 -0.08127184579412396
5600542 -0.08759036561058142
5600916 -0.12495078324666545
