5092571 -0.011890622639086357
5092962 -0.014920221690576385
5093336 -0.012411923732923602
5093724 -0.01377053120978422
5094099 -0.010336096746062229
5094516 -0.01107318323700035
5094897 -0.015044814084774705
5095285 -0.014119951915540052
5095664 -0.010643911513093907
5096052 -0.010089680547424318
5096451 -0.012583497712149838
5096839 -0.010644397878563694
5097231 -0.01382481797250451
5097624 -0.009490858462000151
5098020 -0.013158005443274168
5098421 -0.01373852993389807
5098827 -0.01347966289400776
5099214 -0.011696124942434938
5099621 -0.01021320946401888
5100017 -0.014948002690225948
5100419 -0.01296246644950022
5100833 -0.012156421501329284
5101229 -0.010713275796655763
5101629 -0.009073147963512385
5102048 -0.011415478674197344
5102418 -0.01309636652859647
5102843 -0.014936320604403974
5103234 -0.011158498093601421
5103630 -0.012397561374550059
5104029 -0.013160882781837302
5104430 -0.011616500423069387
5104832 -0.011681328479584141
5105233 -0.015385144434462816
5105634 -0.010392965529331888
5106043 -0.01378020274148739
5106443 -0.009930695045612947
5106848 -0.01098574327450097
5107256 -0.009967656711391992
5107667 -0.011931019568699908
5108089 -0.010784413395094672
5108503 -0.014557060246022824
5108915 -0.012487988090516489
5109309 -0.010710395685579965
5109703 -0.010892481191507375
5110134 -0.009867402831626348
5110538 -0.012034622882712398
5110933 -0.012753433976743278
5111335 -0.015444162351518964
5111725 -0.009938562065362422
5112140 -0.014130491093440223
5112545 -0.01237502726103823
5112950 -0.015119035755435717
5113374 -0.011239031805614641
5113744 -0.008281629436499072
5114162 -0.012867306751579821
5114563 -0.008670170723496462
5114969 -0.010899872634644259
5115368 -0.011532427028721759
5115777 -0.006435290656297443
5116164 -0.011121907065988146
5116585 -0.008476562755925288
5116965 -0.01139851424015953
5117356 -0.010516474729997338
5117761 -0.012206708382425824
5118171 -0.007798759764869767
5118557 -0.008287159684032541
5118975 -0.007660101477885983
5119372 -0.011313571710766746
5119790 -0.010382476410786712
5120208 -0.011182131808898432
5120622 -0.007432537906037151
5121020 -0.015217218545534927
5121424 -0.012758892872075323
5121829 -0.010919326520197892
