183888 -0.1227143831686015
184219 -0.11342893087976663
184549 -0.09517012508006895
184879 -0.19073312053625127
185211 -0.10804336117975197
185540 -0.16463705494619685
185873 -0.08433100831169904
186210 -0.13029991211811637
186547 -0.11353657783733262
186881 -0.14529481998035038
187222 -0.0970090884050478
187560 -0.07375356492790713
187899 -0.0897882961646102
188234 -0.1332929001733522
188568 -0.19060428133721907
188900 -0.15249038738094195
189230 -0.1949291378636412
189560 -0.12383055635597112
189884 -0.18260079416651503
190208 -0.1618494081239213
190533 -0.1637821843919935
190859 -0.16574852992132072
191186 -0.15119239369532045
191512 -0.15281597217986304
191841 -0.1645898086431291
192173 -0.16900450934445793
192504 -0.1618779519268448
192838 -0.16788431159363493
193171 -0.1633016320609999
193503 -0.1784270145855893
193834 -0.14307554755187668
194167 -0.1217277666653398
194500 -0.14413237820938934
194830 -0.11087442140818038
195158 -0.12504559791642716
195485 -0.211332833735195
195816 -0.13591359629077127
196142 -0.13063481327579973
196466 -0.1047841120823429
196791 -0.15674046327453328
197113 -0.13688772901426777
197432 -0.1451339411519335
197753 -0.10623513907737916
198077 -0.12709258482101485
198398 -0.1254240572202918
198719 -0.15374068701297433
199039 -0.17927376701697173
199410 -0.1439134318299389
199686 -0.24419226306605873
200000 -0.1816192310634637
200318 -0.1567302646215325
200665 -0.09879722442701566
200998 -0.06871398756638492
201303 -0.14364284046333728
201647 -0.10321581001453725
201965 -0.11272516914999989
202309 -0.08835817654408107
202630 -0.13831174125546616
202964 -0.17068063584004267
203293 -0.13730798163409186
203622 -0.12541741315709548
203946 -0.16738720149625563
204273 -0.07820622009855971
204588 -0.11618200089746494
204907 -0.12077445121298336
205224 -0.10107286001747734
205540 -0.12539830102015165
205855 -0.1267309870408711
206169 -0.1287097520163311
206488 -0.10398210983221223
206796 -0.1359012975922944
207107 -0.10086173159726325
207475 -0.10226104098357464
207746 -0.0880737713227071
208076 -0.12134959666380474
208349 -0.11671601394941628
208658 -0.1027390518641551
208966 -0.1214819907293857
209277 -0.10067002582368512
209600 -0.11768976057767405
209899 -0.09443221639949595
210266 -0.09743229446262952
210501 -0.15348559670975487
210804 -0.1366928287343066
211107 -0.15096046485274117
211450 -0.1335159724575955
211725 -0.1635835698757765
212015 -0.09190251057657911
212319 -0.07665597568361632
212657 -0.15247363157081373
212976 -0.10317678819927856
213259 -0.12753188456685466
213545 -0.1425028346718193
