4823782 0.5928650548244339
4824136 0.5992402770101406
4824491 0.5930519931664698
4824842 0.5663672851149343
4825195 0.6141897737422836
4825550 0.5893953953441052
4825905 0.5539393916431832
4826256 0.5515198891820517
4826607 0.5652547331846755
4826959 0.5877529725378221
4827310 0.5414490757752692
4827653 0.5463933711921917
4828001 0.5853017763355708
4828347 0.5503893249622178
4828692 0.5698977764061639
4829033 0.545995430578937
4829379 0.5638970627230981
4829726 0.5922094804137432
4830072 0.5684676447929886
4830415 0.45194737238941907
4830762 0.45948643682545354
4831106 0.5311046942609718
4831448 0.46563320912445316
4831797 0.5134287507734095
4832146 0.5537051266179698
4832497 0.569195827025085
4832849 0.5235154061269386
4833198 0.5102695897815124
4833552 0.5512609070803578
4833908 0.5624769012132078
4834260 0.5199788081639827
4834613 0.5570818672299276
4834968 0.5625825885921905
4835323 0.5205504294832661
4835672 0.5288740892549073
4836027 0.5513610163075038
4836382 0.5753597645052577
4836737 0.4817052811669807
4837091 0.475447893650932
4837443 0.5167247641959813
4837800 0.5269004100752959
4838157 0.5362027201372573
4838510 0.5431085247111438
4838867 0.562696237182327
4839224 0.5558487925598863
4839582 0.5544953505350508
4839933 0.4955151876231174
4840287 0.5577754867125937
4840640 0.5418500986593046
4840995 0.5416526638367976
4841346 0.5673401294631423
4841696 0.5399808481582427
4842050 0.5801719610647685
4842402 0.5917366275330715
4842756 0.5293254358667792
4843108 0.5599500323823896
4843461 0.5526305777360881
4843816 0.5337811674760868
4844173 0.5383322269535173
4844526 0.527096862925783
4844879 0.4999371675909954
4845236 0.5562666077648961
4845592 0.5937124472568804
4845946 0.5320613874402077
4846296 0.4852610136144893
4846650 0.5645096250476077
4847001 0.5373005564495414
4847348 0.44543275698127593
4847699 0.48935330088041695
4848051 0.4859958843724883
4848399 0.3946560628456537
4848747 0.38402539086525717
4849103 0.4639322053048283
4849460 0.5234569018847942
4849818 0.5083023821102158
4850179 0.5386187628331551
4850538 0.5019479220247663
4850903 0.43980997276307304
4851263 0.5341607838745901
4851626 0.482444800957721
4851989 0.5513674753873201
4852349 0.4769680522522059
4852705 0.4069486857938121
4853066 0.5772015501482655
4853427 0.48903767692394384
