5122266 -0.01956661705002677
5122666 -0.030647505724677615
5123068 -0.03270249290541838
5123469 -0.027052156401365546
5123916 -0.012373421820538466
5124310 -0.014632185158457323
5124700 -0.026827410245589767
5125105 -0.03538969484058163
5125511 -0.032328882348288956
5125946 -0.0114326559039441
5126354 -0.010186653460666328
5126748 -0.026963050812935707
5127156 -0.028100536815363175
5127565 -0.017767491957573045
5127996 -0.01257106742174724
5128386 -0.019745022978956417
5128790 -0.03778019545396133
5129193 -0.0395404167317967
5129592 -0.03231364046394414
5130006 -0.014908154622449321
5130388 -0.017113136634513526
5130778 -0.02564375624114995
5131166 -0.028226133235661754
5131572 -0.015006848361545089
5131949 -0.012564729171261113
5132304 -0.031119159911908667
5132679 -0.030974944707297836
5133058 -0.0255122596831317
5133466 -0.01853787613426855
5133854 -0.013833612281546726
5134242 -0.010057642931459054
5134613 -0.035025285637491466
5134998 -0.021011446361608732
5135402 -0.012792662600898008
5135806 -0.011057234504935842
5136185 -0.01313787356211038
5136559 -0.03339223791876639
5136952 -0.028959320001317623
5137361 -0.011634220524200212
5137766 -0.015124379261438392
5138170 -0.014398254985019343
5138562 -0.02599290339725957
5138964 -0.028015956013870524
5139366 -0.023283997787507504
5139802 -0.008734341431991088
5140197 -0.010062151266581831
5140572 -0.018406237266488767
5140984 -0.012108167917693369
5141380 -0.014975753195759611
5141751 -0.01759204493882016
5142122 -0.02439329167958021
5142523 -0.014805475742849072
5142897 -0.016172099718037847
5143277 -0.011741243365437637
5143642 -0.02989501288722035
5144031 -0.01727461793933116
5144418 -0.022160695049298962
5144836 -0.013606773341734268
5145242 -0.014050329041564336
5145641 -0.028711615473735796
5146058 -0.027924153165881538
5146480 -0.02552253839223506
5146931 -0.013298771192508496
5147364 -0.013285290478181278
5147781 -0.030098009670695036
5148212 -0.0258958510875984
5148643 -0.012144613604995691
5149116 -0.016924723878153802
5149513 -0.01679955216944906
5149939 -0.024389595632414385
5150368 -0.02142742973449563
5150838 -0.013663449368273517
5151249 -0.014670123128371404
5151667 -0.01841477588209328
