1440896 -0.07564990554642276
1441276 -0.03809524073420095
1441650 -0.06895653750856207
1442026 -0.07743257178285684
1442418 -0.035750494282877965
1442788 -0.051221957241624594
1443170 -0.05380349517303179
1443549 -0.04982940552480292
1443936 -0.03573881578007321
1444299 -0.06176581812023807
1444667 -0.06879386501863471
1445038 -0.06985969316313789
1445411 -0.0497598650160217
1445780 -0.0648617667848127
1446156 -0.05171564270434159
1446555 -0.0701202796655519
1446902 -0.050893846079009375
1447301 -0.040957244380061764
1447665 -0.05392982595736867
1448046 -0.061939325334503526
1448425 -0.06660735478836272
1448803 -0.054993237598714384
1449168 -0.12220489958333275
1449545 -0.06692148125387937
1449915 -0.0690379056332901
1450288 -0.06905615766612827
1450660 -0.0480944740245684
1451029 -0.06393175066097762
1451398 -0.059499953059607924
1451764 -0.08533400837258387
1452131 -0.042551991770656106
1452501 -0.059504032708727006
1452871 -0.03921529868436152
1453240 -0.03705962252693612
1453607 -0.04069382796103771
1453973 -0.04353680380691477
1454359 -0.03651789257214205
1454695 -0.03663467841489343
1455057 -0.051160143817054415
1455421 -0.04605075139026099
1455781 -0.04003510564053753
1456135 -0.05252884967480648
1456495 -0.04839320569637107
1456855 -0.03877137198176667
1457219 -0.03290111685970332
1457599 -0.030979951106461845
1457946 -0.034928290761459424
1458297 -0.057738025183842134
1458656 -0.044641813479396164
1459017 -0.03294689889464364
1459378 -0.03448826881682682
1459741 -0.03239884961904571
1460097 -0.04793621693197375
1460454 -0.055634510592199926
1460822 -0.04490887535727239
1461197 -0.029456145874497575
1461604 -0.033804961439565295
1461952 -0.024801010315340988
1462325 -0.028378351228630916
1462699 -0.06373000628694053
1463082 -0.05106993436366508
1463478 -0.025423273406583458
1463865 -0.025060503380409493
1464258 -0.03087695726802664
1464621 -0.024582152062115392
1464988 -0.05193132995927324
1465362 -0.0474252952104266
1465744 -0.020719206887805985
1466135 -0.03202952324563191
1466502 -0.03667112161759639
1466878 -0.04322264047668778
1467243 -0.04978075221421785
1467618 -0.04740673924411565
1468010 -0.03719389031783721
1468374 -0.031551383884589945
1468760 -0.02855276082502095
1469109 -0.06262754698062495
1469475 -0.06809736807945471
1469846 -0.03198618837184142
1470232 -0.03599343964027085
1470621 -0.027683302577707458
