2997255 0.8634715885999629
2997606 0.8442304228680166
2997958 0.8795935896564783
2998307 0.8334765455832995
2998658 0.7986899040591535
2999014 0.8140350101771965
2999367 0.8226887493016671
2999721 0.7702783941741538
3000075 0.8091667923669789
3000430 0.816647059999356
3000781 0.7957720172133829
3001136 0.8186585892854203
3001493 0.814555620202833
3001849 0.7889199723746018
3002206 0.8216501358124233
3002566 0.8435597681163207
3002927 0.9140948329239623
3003286 0.8592489816946245
3003646 0.8647567479832067
3004005 0.8881684585345165
3004364 0.8625983355113847
3004725 0.8890211321772825
3005083 0.9004431797035275
3005439 0.8657406209915686
3005798 0.8751915006096367
3006153 0.8389552977784285
3006514 0.8694273425537777
3006872 0.8351854957104992
3007229 0.868230632495829
3007583 0.8768222495690788
3007934 0.8049750572198424
3008286 0.819139416405252
3008638 0.8512134739159525
3008990 0.8431602000932373
3009338 0.8434108830373638
3009684 0.8303459362145257
3010032 0.8543492320873816
3010379 0.8499381744428433
3010727 0.8740189995775229
3011072 0.8449169153261378
3011421 0.8718657205396643
3011768 0.8700342475616093
3012114 0.8141507698084527
3012466 0.9043618323310672
3012819 0.8566391703281245
3013171 0.8558300569168353
3013526 0.8379032137050932
3013879 0.8731991432397842
3014229 0.8568554302292614
3014576 0.8488301112806272
3014919 0.8191024007815719
3015258 0.7110378931858035
3015595 0.7471129960797006
3015927 0.83977054251829
3016257 0.775313343438734
3016590 0.839792519239644
3016921 0.7132443420120684
3017250 0.6758429975958626
3017579 0.5002467008125284
3017911 0.5455734280684803
3018249 0.6437985135100682
3018591 0.6233214756147263
3018939 0.6317657391376532
3019292 0.6363619274638772
3019646 0.671593859257124
3020001 0.7492498164229778
3020351 0.6931062391659326
3020706 0.7057755553688471
3021058 0.7185555057289773
3021401 1.0416717483181475
3021747 0.8058931651832506
3022088 0.811559381620703
3022430 0.840491794132399
3022774 0.870199447096257
3023113 0.8018967864241877
3023452 0.7216495584729168
3023795 0.790020593066753
3024140 0.841192118047168
3024486 0.8582743817668744
3024830 0.9689546001697626
3025171 0.9715975203787653
3025509 1.0076883152184084
3025848 1.0165101905405627
3026183 1.0232884670239875
3026514 0.9034944226580048
3026850 1.1371248982076996
