6618848 0.43840530839800124
6619267 0.455107366277217
6619689 0.4442043072185614
6620104 0.41972381864683106
6620519 0.41914931751354634
6620940 0.4313814128883846
6621364 0.4364087023519635
6621789 0.44899314184875605
6622213 0.4259147415791675
6622631 0.41060253481238285
6623049 0.4175228179552267
6623472 0.43211037485757786
6623899 0.4423983224700741
6624328 0.4341994897047895
6624749 0.41179182415221494
6625168 0.40945047134942214
6625595 0.42145180550614864
6626025 0.43523059999054103
6626455 0.44276958552722
6626883 0.4129882983250513
6627307 0.40387638629103645
6627729 0.4143361680391633
6628161 0.42507577064519675
6628601 0.4364093337902362
6629038 0.4450796209973047
6629465 0.4104830416142338
6629892 0.40802271120217926
6630318 0.4195239596040478
6630748 0.4411872563246857
6631181 0.44987991735350297
6631610 0.42742218445609054
6632036 0.41501739064523835
6632460 0.4188599927379054
6632893 0.4296578423558178
6633327 0.43179800183441364
6633764 0.4139370450720259
6634193 0.3952535870254555
6634620 0.4033063485203273
6635052 0.42325767083407057
6635488 0.4278602313742366
6635925 0.436657882186451
6636355 0.39665711213612787
6636775 0.38767037099644625
6637199 0.4055610368781893
6637627 0.42606631670385287
6638059 0.4366098251603078
6638488 0.4115086925457102
6638909 0.40144686565487836
6639330 0.40126038052569324
6639756 0.4247285887169231
6640181 0.4341036169861101
6640608 0.40708457668436715
6641030 0.39604585126987407
6641449 0.3993888821257745
6641877 0.42523027425304033
6642307 0.4292887571836157
6642738 0.408942810680199
6643163 0.39660472657018586
6643585 0.39960236347259465
6644013 0.421122884354848
6644441 0.4370009511006881
6644873 0.43855521422718824
6645297 0.39933773704866327
6645714 0.3944034905068059
6646132 0.4153366898365483
6646555 0.4392589595921007
6646979 0.45977915961521826
6647397 0.41416096247578704
6647811 0.4013586004865169
6648226 0.4141530311848346
