842292 0.8012220069153106
842640 0.7813660927054777
842985 0.7540622642912358
843335 0.8023026410194557
843684 0.7868077801224325
844030 0.7463323109791546
844377 0.7820671925130233
844725 0.7997166387005588
845070 0.7568526515150452
845417 0.7887500925395756
845764 0.8079667956912543
846105 0.7416416167173152
846448 0.7821915929131575
846792 0.8096753192989952
847133 0.7067743401229137
847472 0.7691090943032827
847816 0.7981530325547999
848156 0.7549819387389245
848496 0.7814411463106217
848838 0.8143708832090446
849179 0.7851916401816668
849516 0.7066807422969927
849856 0.7350200362028101
850193 0.7141502711596865
850527 0.6790170904135574
850865 0.7269949546418261
851202 0.7340649737795781
851536 0.7042510847831898
851870 0.7435449041104054
852206 0.7398455697983262
852539 0.7033577400624031
852872 0.7145158967395875
853209 0.7565590764864603
853548 0.7420668483103059
853883 0.7066408950556523
854220 0.73995263120169
854559 0.7553114618446997
854894 0.7157979395847739
855231 0.7397506574021688
855569 0.7701454078683225
855902 0.6835837714980301
856234 0.7417728912283006
856568 0.8006416528256397
856897 0.7191786153716953
857226 0.7452438596380648
857561 0.7532442780993134
857897 0.845162036794668
858230 0.6753068235863018
858570 0.873195203290962
858912 0.9810243739676264
859248 0.6450232762022268
859590 0.7424291561069822
859935 0.7630156251054336
860280 0.8942190053991921
860621 0.8187706184636209
860967 0.8560981541122071
861315 0.8546058222360241
861660 0.9645601273587417
862005 0.7991191591473201
862350 0.8421629276695854
862691 0.7934246497460152
863030 0.7773169856286053
863371 0.7889362469007339
863709 0.7861089527734256
864042 0.737192394254608
864378 0.7806958887766333
864717 0.7911530921968657
865049 0.7376492677099105
865385 0.768547718240419
865722 0.7985428787027051
866056 0.7635602230979162
866391 0.745730474110619
866728 0.7957018421488307
867063 0.7563685658507301
867398 0.7573253267754292
867735 0.7889960528347174
868072 0.7812342711638018
868404 0.7198997665047826
868741 0.7659975187275194
869078 0.7799116047454759
869415 0.7609495695425699
869752 0.72535322562326
870095 0.7730021398564653
870440 0.7749107184761841
870779 0.7431542740203767
871120 0.7598157545614737
871465 0.7901102210629622
871804 0.7226871686515558
