61.61
62.54
62.45
61.74
61.81
63.00
64.50
65.23
64.14
62.62
62.88
64.37
65.49
65.47
64.29
63.31
63.47
64.49
65.82
66.60
66.38
65.37
64.34
64.23
65.15
66.66
66.85
64.70
62.93
62.95
63.86
65.04
66.33
66.88
65.41
63.30
62.69
63.70
65.66
66.47
64.88
63.41
63.55
64.63
65.98
67.05
67.16
65.83
64.28
64.01
65.09
66.90
67.48
66.05
64.75
64.68
65.65
66.82
66.89
65.66
63.81
63.05
63.92
63.82
61.60
59.66
59.16
59.73
60.65
60.70
59.83
59.60
60.51
61.60
62.06
61.46
60.38
60.24
61.00
61.12
60.44
60.28
60.67
60.55
59.93
59.79
60.36
61.21
62.00
62.43
62.31
61.58
60.97
61.51
63.01
64.51
64.90
63.47
62.11
62.66
64.22
65.40
65.37
64.24
63.63
64.28
65.65
66.67
65.99
64.33
63.46
63.80
65.15
66.45
66.63
65.74
64.39
63.57
63.74
64.82
65.46
63.65
61.07
60.39
61.33
62.76
63.07
61.25
59.74
60.55
62.29
63.13
62.81
61.89
61.68
62.85
64.27
64.78
63.84
62.12
61.53
62.41
63.83
64.84
64.65
63.62
62.76
62.60
63.35
64.52
65.30
64.74
62.84
61.73
62.43
64.03
65.16
64.09
61.63
60.66
61.30
61.96
61.90
61.07
59.91
59.02
58.90
59.90
61.09
60.90
59.61
58.55
58.48
59.84
61.65
62.01
61.02
60.08
60.05
61.41
62.91
62.55
61.22
60.81
61.50
62.86
63.82
63.38
62.28
61.60
62.02
63.67
65.16
65.31
64.34
63.19
63.31
64.74
66.16
66.51
65.27
63.60
62.96
63.67
65.39
66.20
64.99
63.46
62.86
63.53
64.79
65.01
64.18
63.53
63.73
64.98
66.08
65.70
64.38
63.23
63.45
64.99
65.72
64.74
63.10
61.94
62.14
62.58
61.47
59.98
59.97
60.67
60.67
60.17
59.94
60.59
62.40
63.69
62.54
60.68
60.13
60.93
62.59
63.57
62.76
61.53
61.20
62.08
63.83
64.72
63.90
62.58
61.93
62.86
64.87
66.04
65.71
64.50
63.70
64.33
65.59
66.23
65.67
64.09
62.62
62.11
63.06
64.58
64.35
62.64
61.46
61.11
61.19
61.63
62.42
62.90
62.41
61.73
61.80
62.71
64.03
64.28
62.91
62.29
63.45
64.42
64.09
63.36
63.17
64.23
65.65
65.30
63.84
63.18
63.83
65.57
66.70
65.89
64.55
63.91
64.27
65.29
65.92
65.59
64.32
63.31
63.73
64.68
64.86
64.21
63.09
62.11
61.65
61.66
61.87
61.71
61.22
61.17
61.68
62.29
62.43
61.67
60.85
61.50
63.08
63.68
63.07
62.13
61.82
62.82
64.20
64.63
64.01
62.92
62.74
64.05
65.65
66.27
65.23
63.43
62.88
63.68
64.73
64.90
63.42
61.71
61.32
62.21
63.84
64.65
63.64
62.10
61.31
62.13
64.26
65.43
64.68
63.34
62.53
62.92
64.30
65.84
66.40
65.16
63.54
62.96
63.52
64.93
66.36
66.86
65.68
63.78
63.18
64.00
65.47
66.50
66.14
64.86
63.68
63.80
65.32
66.27
65.69
64.41
63.23
62.67
62.82
63.41
63.09
60.86
58.76
58.46
59.18
59.81
59.77
58.94
58.47
59.29
60.01
59.15
58.25
59.15
60.90
61.71
61.21
59.95
59.38
60.67
62.52
62.99
62.50
62.22
62.70
64.01
64.82
64.22
63.34
63.19
64.06
65.55
66.32
65.91
64.88
64.24
64.86
66.25
67.36
67.03
65.20
63.83
63.85
64.98
66.38
66.79
66.06
64.89
64.23
64.73
65.90
66.90
66.67
65.18
63.80
63.41
64.48
66.15
66.87
66.35
65.10
64.09
63.92
64.53
65.52
66.14
65.84
64.55
63.27
63.28
64.41
65.85
66.35
65.18
63.83
63.32
63.33
63.69
64.66
65.54
64.80
63.32
63.31
64.51
65.59
65.47
63.82
62.49
62.67
63.79
64.86
64.61
63.12
62.06
62.04
62.72
63.09
61.82
60.25
60.53
61.72
61.66
60.63
59.93
60.03
61.06
62.26
62.67
62.39
62.00
62.13
63.07
63.70
63.08
62.24
62.10
62.78
63.88
64.18
63.35
62.60
62.69
63.82
65.34
65.78
65.18
64.56
64.66
65.80
66.93
67.04
66.36
65.60
65.71
66.76
67.97
67.95
65.74
63.58
63.27
64.42
66.06
66.38
65.01
63.57
63.07
63.95
65.67
67.04
66.78
64.58
62.98
63.39
64.68
65.73
65.84
65.10
64.32
63.78
63.47
63.75
64.94
65.79
65.02
63.53
62.54
62.98
64.75
65.91
65.51
64.43
63.62
63.82
64.77
65.65
65.50
63.91
62.48
62.41
63.32
64.59
65.38
65.13
63.98
62.93
63.46
65.03
65.76
65.30
64.34
63.98
64.88
65.93
66.04
65.29
64.27
63.84
63.81
63.16
61.99
61.00
60.78
61.67
62.60
62.13
60.91
60.18
60.46
61.84
62.89
62.23
61.02
60.65
61.37
63.00
64.20
63.99
63.20
62.62
62.55
63.12
64.35
65.46
64.94
63.42
62.92
63.66
65.04
66.35
66.83
66.18
64.73
63.73
63.87
65.11
66.51
66.19
64.23
62.13
60.99
61.42
62.73
63.81
63.47
61.40
59.71
59.74
60.83
62.03
62.11
60.75
59.56
59.63
60.92
62.83
63.51
62.34
61.39
61.78
63.25
64.84
64.69
63.16
62.48
63.04
64.20
65.37
65.96
65.47
64.03
63.68
65.25
66.05
64.70
63.16
62.56
63.09
64.30
65.26
65.11
63.49
62.11
62.58
63.91
64.65
64.19
62.90
62.64
64.05
65.60
65.92
64.50
62.63
62.51
63.90
65.38
65.57
63.74
61.71
61.14
62.11
64.08
64.89
63.50
62.13
62.06
63.07
64.43
64.81
64.10
63.39
63.23
63.82
64.84
65.67
65.45
63.83
62.22
61.81
63.09
65.37
65.57
63.38
62.36
63.08
63.87
64.37
65.06
65.16
63.72
62.48
63.04
64.23
64.64
63.96
62.58
61.55
61.33
61.68
61.95
61.17
59.98
60.40
62.38
64.07
64.34
63.26
61.82
61.31
62.01
63.74
65.17
64.77
63.48
62.71
62.87
64.00
65.46
66.37
65.69
63.87
62.83
63.14
64.43
65.90
66.39
65.49
63.54
62.09
62.15
63.44
65.03
64.81
62.59
61.04
61.03
61.89
62.52
61.53
59.19
56.82
55.55
56.25
58.09
58.69
57.51
56.32
56.09
56.81
58.08
58.71
58.01
56.90
56.30
56.63
57.97
59.13
58.80
57.70
57.08
57.53
59.37
61.26
61.06
59.49
58.63
58.93
60.13
61.48
61.89
61.23
60.04
59.21
59.56
60.70
61.69
61.67
60.12
58.32
57.78
58.69
60.77
62.44
61.59
59.81
59.75
61.17
62.76
63.34
62.18
60.40
59.39
59.75
61.57
63.27
63.09
62.03
61.49
61.85
63.06
64.32
64.75
63.71
61.84
61.16
62.08
63.39
63.86
62.54
60.31
58.92
58.84
59.89
61.08
60.91
59.65
58.66
58.46
59.15
59.89
59.33
58.08
57.82
58.68
59.71
60.15
59.52
58.27
57.54
57.84
59.25
61.06
61.51
60.22
58.90
58.48
59.11
60.18
60.10
58.73
57.82
58.14
59.24
60.36
60.26
58.84
57.88
58.23
59.18
60.01
60.21
59.61
58.77
58.33
58.91
60.53
61.49
60.52
58.91
57.92
58.01
59.13
59.89
59.18
57.81
56.80
56.71
57.77
58.78
58.49
57.83
58.20
59.36
60.45
60.89
60.42
59.88
60.39
61.61
62.48
62.47
61.48
60.52
60.64
61.65
62.94
63.56
62.80
61.63
61.06
61.33
62.37
63.68
64.55
64.02
62.24
60.90
60.76
61.63
62.78
62.89
61.96
61.23
61.34
62.44
63.60
63.28
62.13
61.68
62.16
63.28
64.62
65.61
65.38
63.82
62.74
63.11
64.36
65.64
65.85
64.91
63.75
63.25
64.06
65.54
66.46
65.95
64.03
62.46
62.32
63.42
65.02
65.48
64.39
62.92
62.10
62.74
64.44
66.13
66.27
64.03
61.74
61.27
62.51
64.77
66.07
65.37
64.09
63.27
63.27
64.13
65.59
66.42
65.19
63.23
62.31
62.79
64.45
65.85
65.78
64.40
62.64
61.87
62.43
63.83
65.09
64.89
63.60
62.42
62.11
62.96
64.00
64.10
63.21
61.79
60.79
60.81
61.96
63.51
63.27
61.24
60.36
61.36
62.77
63.49
62.96
61.63
60.63
60.54
61.56
62.60
61.96
60.45
59.83
60.40
61.88
63.20
63.14
62.40
62.20
62.65
63.54
64.64
65.55
65.27
63.76
62.77
63.07
64.25
65.53
65.78
64.90
63.64
63.14
64.26
65.85
66.33
65.50
64.19
64.27
65.48
64.66
62.30
61.79
62.89
63.60
63.99
65.09
66.21
66.23
65.51
64.80
64.74
65.46
66.33
66.73
66.20
65.09
64.12
63.69
63.99
64.96
66.12
65.95
64.07
62.36
61.88
62.82
64.61
65.90
65.85
64.40
62.80
62.36
63.09
64.51
65.40
64.83
63.55
62.47
62.35
63.29
64.68
65.55
64.84
63.19
62.15
62.28
63.61
65.05
65.25
64.37
63.13
62.40
62.67
63.72
64.94
65.07
63.88
62.44
61.77
62.66
64.08
64.02
63.09
62.87
63.42
64.27
64.65
63.97
62.46
60.93
60.80
62.21
63.21
62.72
61.54
60.44
59.98
60.22
60.82
61.15
60.42
59.26
59.29
60.56
61.88
62.37
61.71
60.53
60.02
60.30
60.86
61.08
60.39
59.15
58.20
58.00
58.77
59.88
60.09
59.32
58.39
57.94
58.46
59.43
59.48
58.75
58.80
60.01
61.50
62.34
61.75
60.46
60.55
62.13
63.62
63.93
62.84
61.58
61.88
63.39
64.76
64.98
63.65
62.00
61.25
61.60
62.62
62.38
60.10
57.85
56.93
57.36
58.69
59.40
58.52
57.39
57.20
58.05
59.63
60.49
59.39
57.94
57.85
58.81
60.06
61.02
61.25
60.91
60.38
60.22
