812633 -0.12569409464585396
813175 -0.13757640867516419
813693 -0.17615147827512334
814209 -0.1404202109442732
814746 -0.13460761454869208
815318 -0.08006388290380345
815897 -0.08786206686607345
816476 -0.12189662819879032
817065 -0.1513641414620514
817608 -0.15907593661226327
818164 -0.1462515378462585
818680 -0.1900528677202487
819167 -0.14170023100539508
819648 -0.11255469052324485
820140 -0.1519418758907704
820645 -0.13522825048656106
821157 -0.1340467502192057
821697 -0.12970341109035982
822282 -0.15610864210276387
822861 -0.15264192741463484
823409 -0.15853310083269329
823954 -0.13799807753617427
824494 -0.15916841728083397
825025 -0.14006132323038173
825566 -0.14505124108812106
826085 -0.19280014380705862
826593 -0.13122039958370801
827112 -0.13430682273926997
827650 -0.12069366348608701
828190 -0.11418659270334741
828729 -0.12902656310476812
829269 -0.13555256882116
829796 -0.13796433331161972
830319 -0.11896188002267538
830842 -0.1460050910543963
831351 -0.21159384745633814
831847 -0.16971915626480066
832335 -0.1430871364167084
832831 -0.10477998011879047
833332 -0.1096870638994879
833832 -0.16731368284974352
834325 -0.18023916885825586
834817 -0.12309726264734616
835322 -0.11468612747292711
835827 -0.11893680722967498
836327 -0.17700436162800814
836821 -0.17223733310715716
837312 -0.16489755941012235
837804 -0.13298017032118797
838339 -0.12967306685450558
838893 -0.08935831786404469
839442 -0.16070227024727768
839963 -0.1822494288103405
840479 -0.14230924527320182
840992 -0.12974958308296647
841502 -0.1210648728121928
842021 -0.11192715964348832
