4525195 0.2458412018234348
4525785 0.23698511471459507
4526387 0.2531903996458944
4526993 0.2476071257587315
4527573 0.2338029320592401
4528170 0.25736426952234037
4528763 0.24665273922526082
4529342 0.24205862265202
4529946 0.2652965396969423
4530555 0.227856030477045
4531150 0.22289084713583035
4531754 0.24349581665887662
4532370 0.25597733895474445
4532962 0.22915594362383515
4533551 0.2328927529449648
4534156 0.24207747753913467
4534749 0.228014445907933
4535349 0.23996597389994087
4535931 0.24212761953473866
4536487 0.24929496910223972
4537044 0.21664525928491338
4537610 0.23769777702421985
4538179 0.2281079150159811
4538747 0.21457451879949216
4539336 0.20965449517180546
4539925 0.22232448535190763
4540551 0.22831760697824682
4541169 0.23722365863260234
4541751 0.22538335668003326
4542278 0.23139145803549183
4542791 0.27682996664483284
4543268 0.3832962465786815
4543733 0.31379342903654234
4544155 0.34387619803906416
4544623 0.4376409327231725
4545071 0.5310447668701352
4545549 0.5031458449533315
4546003 0.47917674850061714
4546464 0.5151660453943228
4546940 0.4946690254093592
4547394 0.5024031319912431
4547859 0.4930576672875795
4548340 0.52717450255265
4548849 0.523650064560367
4549376 0.5373154894549238
4549924 0.5367510817147626
4550497 0.5307328824738247
4551086 0.5509227222885955
4551688 0.5329969391319818
4552298 0.5605995913364654
4552897 0.5435802706827702
4553515 0.5611292203077032
4554146 0.5799317079484408
