3058249 0.6585559132859176
3058721 0.7549503505365883
3059222 0.7983985809158372
3059693 0.7350225941615132
3060179 0.7486196576897384
3060692 0.7410898924599084
3061240 0.7456301361218094
3061802 0.7338217006231549
3062474 0.7310175350438679
3063101 0.7369679253222527
3063694 0.7643023541074355
3064208 0.7039595132523737
3064715 0.7292996717773702
3065245 0.7445083638975045
3065832 0.741821088452181
3066412 0.741001807789026
3067068 0.7257568851532723
3067697 0.7390804152208463
3068271 0.7171157691929183
3068804 0.7161816178656508
3069331 0.749966092300345
3069850 0.750279034727728
3070383 0.7490661716309748
3070928 0.7508023328556761
3071480 0.6846682825444645
3071989 0.7016372296911908
3072563 0.7395538626982784
3073147 0.717976575028566
3073683 0.7399068502998836
3074203 0.7493953553418216
3074698 0.7225070925252293
3075191 0.7234952263555334
3075704 0.724539996865273
3076223 0.7509756553829672
3076721 0.6975434376452045
3077204 0.6460619913269651
3077683 0.6910484561629172
3078143 0.6529718085264109
3078616 0.7271442320820769
3079070 0.6442055597830669
3079531 0.688047641392517
3080003 0.7079232819252056
3080467 0.6956859096430638
3080954 0.6830995412795376
3081522 0.6910146391914127
3082024 0.6778567453055013
3082507 0.6622084657651487
3083013 0.6813775490636358
3083523 0.7194233399837313
3084014 0.6860707017603409
3084605 0.7272915007351743
3085107 0.59204800954237
3085600 0.5649663938468554
3086061 0.5775549592618343
3086569 0.5959976079837522
3087123 0.6231571769184547
3087727 0.6272552967622576
