333600 0.48536976096519147
333971 0.49465049714734416
334345 0.5730873247146789
334721 0.4417260784407465
335094 0.6438139802883663
335470 0.62475795440351
335843 0.7312461747705168
336212 0.6173502198254917
336584 0.5625490891019578
336953 0.6161113573769911
337320 0.5489350515235184
337691 0.6490947160923739
338066 0.4937595841451734
338463 0.5488135975007382
338854 0.5438961690696799
339242 0.5111870037396723
339609 0.4838097986917965
340008 0.6051489758931747
340392 0.5910621611988525
340754 0.6128983172751252
341109 0.541405622912065
341477 0.5564094683107654
341847 0.6606262234125158
342218 0.5674289731284722
342585 0.5290177327618465
342976 0.5441473827134066
343339 0.5428102154009053
343709 0.6972527610079462
344072 0.5181592236667745
344445 0.6028966242729713
344832 0.5950849699247771
345195 0.8208810752290556
345587 0.7480401081440502
345970 0.7040289896186949
346356 0.7641280234002372
346735 0.3719426268934391
347099 0.524595066172006
347471 0.4396743475564162
347844 0.4651784733660576
348250 0.44196373530746774
348658 0.5126015830045818
349103 0.49661806010497167
349494 0.5197741848892437
349894 0.4050602289080393
350289 0.5285359287093483
350678 0.4621921736779821
351069 0.4536735970630419
351467 0.474373558636915
351872 0.5172198137376732
352274 0.42624547097780985
352678 0.5118504311425148
353075 0.6504278548497078
353461 0.5884127529592336
353854 0.7470525437457225
354238 0.7334513747572102
354615 0.5907010013131837
355000 0.6314462086729389
355387 0.7501474393066421
355776 0.62192659352655
356161 0.7781696145055281
356544 0.6883647002857178
356939 0.7578123488896669
357382 0.7251531155840472
357815 0.6716497423139693
358210 0.7049875805767744
358607 0.6961846662629161
358996 0.5181934338434742
359378 0.5770261648686684
359765 0.608599324275241
360151 0.6309403624040801
360533 0.6098584475570235
360920 0.6201685706821461
361311 0.633905618541848
361701 0.8125546619028301
362089 0.7346098497600049
362466 0.3756737765087188
362830 0.5585321440502247
363198 0.705676699468097
