2818447 -0.23425192222260688
2818904 -0.1750660318803583
2819360 -0.1466500427447549
2819814 -0.18256871055208357
2820250 -0.2840520115280681
2820683 -0.20631272430530984
2821110 -0.20311122584558722
2821526 -0.16400744835565906
2821935 -0.28749309515832494
2822344 -0.24796904047432758
2822767 -0.15149559378640123
2823204 -0.12974423521597267
2823638 -0.2420068645367795
2824072 -0.16659761099081136
2824516 -0.12344316288070079
2824957 -0.13695101349823657
2825392 -0.2783232381982642
2825820 -0.26179598174983676
2826256 -0.21225667731532072
2826691 -0.1702280219811969
2827113 -0.18916939450962733
2827536 -0.20698053352082102
2827974 -0.22509553406430816
2828416 -0.2276924631210676
2828857 -0.1446353636795179
2829312 -0.18038514279018653
2829759 -0.1485178912574332
2830214 -0.15133421844219552
2830672 -0.2256747335528384
2831132 -0.17090403631640472
2831654 -0.12918719383158317
2832129 -0.337938661256989
2832579 -0.1887718979953843
2833028 -0.17423106258601173
2833487 -0.15647163848890133
2833945 -0.25156547617221725
2834386 -0.19332899786216173
2834836 -0.19773060106448737
2835292 -0.19101486105931725
2835738 -0.2862679094615679
2836184 -0.18287439784113452
2836642 -0.17809731591842493
2837088 -0.18325283907571055
2837519 -0.19790421424311472
2837941 -0.2834105402275538
2838375 -0.2254996262470489
2838826 -0.17391837012729905
2839308 -0.16363425668897927
2839812 -0.2767982030843112
2840295 -0.16126194103947877
2840776 -0.17969222627328746
2841297 -0.2276150868216938
2841767 -0.3087713814968191
2842234 -0.17150123030083617
2842716 -0.14466588368292932
2843216 -0.17702020493247717
2843749 -0.27242374473324293
2844281 -0.1598217118888584
2844789 -0.16890689615682297
2845269 -0.322975666313162
2845731 -0.17279607809082648
2846202 -0.19759104751242285
2846711 -0.28684083064104704
2847180 -0.20869560344282245
2847657 -0.1613784003126021
2848141 -0.17489993647161717
