5094110 -0.13567876872276652
5094766 -0.09352932535088138
5095406 -0.10136944812067489
5096030 -0.13729255192612444
5096665 -0.09450527127892344
5097322 -0.09161031444698198
5097984 -0.12441515625314115
5098658 -0.0952237253456169
5099339 -0.11740979184822431
5099983 -0.11723787244360079
5100655 -0.09570102745639558
5101318 -0.14500598657834168
5101939 -0.10558465527668537
5102569 -0.10974873513891803
5103181 -0.1522028178513819
5103789 -0.09081926069615698
5104471 -0.11565270784344861
5105163 -0.10721133446331782
5105816 -0.11181722863198496
5106435 -0.15182229694073673
5107041 -0.11130289326523796
5107717 -0.1042821699685727
5108347 -0.1357399215353155
5108996 -0.09524387026345332
5109637 -0.1413468920244344
5110271 -0.098110104731637
5110921 -0.10381718677051965
5111565 -0.14299724161981175
5112218 -0.09560624519746891
5112864 -0.13097056743112928
5113529 -0.0942277786567986
5114180 -0.13425865879256477
5114836 -0.09236553682846715
5115478 -0.1255090729515858
5116097 -0.09745823718044022
5116783 -0.12672383565179424
5117423 -0.09140567193398552
5118060 -0.11665362312312588
5118690 -0.13653239841369103
5119328 -0.09625745380964895
5119962 -0.12192628596730248
5120594 -0.11478456561392231
5121216 -0.11421306645215312
5121833 -0.12712376408660964
5122442 -0.12162519576163547
5123066 -0.117325523344891
