243776 0.7366228220385533
244222 0.7038187947588235
244662 0.6449535296877258
245099 0.5327203708413106
245550 0.7696826703772022
246002 0.7026512782139878
246440 0.6921984721988367
246896 0.7681983428211272
247342 0.8124845494759492
247787 0.8167790458776221
248239 0.7498693006066138
248680 0.755843551831135
249139 0.8562397027309286
249597 0.7294676383239262
250078 0.7420575226336805
250561 0.7752818259249559
251042 0.7687867092502398
251519 0.7989056515839139
251998 0.7926085079000034
252460 0.72586160547747
252922 0.8054456818333786
253393 0.7927467586933774
253871 0.7743771019455372
254356 0.7945436862929937
254846 0.8084967573171256
255384 0.806087764184291
255894 0.7828671637483688
256372 0.7201140234632646
256843 0.7434100277608262
257316 0.7664118085415336
257788 0.7006431054887479
258283 0.6595040280198987
258758 0.6710322893042675
259223 0.7660576135346167
259700 0.6637748374396388
260153 0.5960619154279162
260671 0.7061984766827625
261150 0.7577998692050435
261625 0.7499311769740339
262098 0.7704204207930441
262565 0.6945411544626703
263025 0.7065542332515712
263488 0.7250566608148666
263941 0.7463562279080973
264413 0.7247564612535398
264869 0.7410787026732322
265348 0.9445281560845332
265820 1.019659034388527
266303 0.9034336564263878
266773 1.0269252526960233
267231 0.9046276111308008
267683 0.9653432738288675
268134 0.9526723520015847
268570 0.9041167033907272
269020 0.9899897478864024
269468 0.9023797004285363
269911 0.9384923944547912
270363 1.0068008318452184
270820 1.0491984860564836
271315 0.8912153978342676
271775 0.9280494588941348
272234 0.9872307761052548
272681 0.8611965302865412
273125 0.9707135531559397
