184174 -0.24336825840141596
184692 -0.2689322270480834
185215 -0.17211113873085465
185776 -0.18360018866250172
186346 -0.19651075077170682
186918 -0.23176848633528174
187426 -0.3423814890662023
188004 -0.17377832138738203
188566 -0.16588413163930826
189132 -0.19111514967786625
189679 -0.19282371721502778
190270 -0.18565241317075043
190834 -0.2082255135618164
191374 -0.20173418340185184
191928 -0.22368234595336484
192463 -0.2889985009251954
192939 -0.2219419851701268
193551 -0.16362399749693884
194127 -0.19609079807662305
194666 -0.2235921077614514
195186 -0.27183897711176364
195680 -0.28812684744838774
196151 -0.18851487864992844
196713 -0.19528605148152428
197274 -0.18529698812230666
197835 -0.19206491422167166
198393 -0.2015616925377578
198930 -0.30379313820173026
199441 -0.21301010455084157
199956 -0.3494897475901617
200445 -0.29889059276405616
200939 -0.29698127455538226
201493 -0.2586502022605106
202047 -0.31195644282783874
202599 -0.34699646396580575
203136 -0.2584825564243092
203691 -0.21673573750003328
204208 -0.3448699730433711
204773 -0.4269314384025127
205280 -0.46959090458825714
205759 -0.38038091365249693
206271 -0.29182346761937883
206760 -0.2746999295810305
207240 -0.34891548803307926
207726 -0.28605027569170705
208234 -0.24854768949370765
208743 -0.3237383207424297
209252 -0.26388455664706956
209841 -0.2707249641934948
210380 -0.331668766577483
210853 -0.27534866864869456
211312 -0.2719822798425515
211783 -0.2568863934169107
212250 -0.2873183825512392
212726 -0.285586415130385
213238 -0.21816241822113144
