3387599 0.616435607240907
3388163 0.6913206376424612
3388743 0.5824985674100491
3389303 0.6745654928894542
3389861 0.6301098360603506
3390392 0.6723342360710656
3390993 0.660427714098822
3391519 0.605162077745923
3392039 0.6856958734686063
3392542 0.5899965647999506
3393017 0.6647084602224502
3393110 -0.005278512000885638
3393499 0.5921575249152227
3393967 0.6165197074369897
3394454 0.6141475815765782
3394936 0.6114419658257039
3395449 0.6814316239312861
3395974 0.6092628200232579
3396495 0.6054949715274759
3397042 0.6259600929293139
3397600 0.6242904776582519
3398157 0.6349897824619027
3398710 0.6445767695893067
3399291 0.6119271254998789
3399847 0.6382569464075912
3400363 0.6055225034867945
3400914 0.6141519415892962
3401482 0.6363704737822932
3402092 0.6298847348458203
3402664 0.6289020661504036
3403219 0.6746095477907323
3403772 0.5742854909626939
3404266 0.6781528023680374
3404729 0.6053963785894031
3405174 0.5983920695018703
3405643 0.6750447252669749
3406113 0.6052688861936766
3406579 0.6222930962704172
3407177 0.629403588704859
3407765 0.6332218629421903
3408282 0.5739360840054997
3408771 0.5446677478834062
3409275 0.6178006923274035
3409839 0.5641905973372782
3410368 0.5511625461505717
3410914 0.5859393153616115
3411443 0.5871534633157458
3411962 0.6042988260379668
3412501 0.5972128656495502
3413059 0.6039654577652783
3413615 0.6250978814460073
3414225 0.5994327798164747
3414794 0.6096893000884743
3415359 0.6102357448930742
3415910 0.609036859009899
3416519 0.6104931834509432
