1531253 0.5258283597269134
1531664 0.4932258068143364
1532083 0.5071043013104715
1532505 0.3854898498822881
1532937 0.39488084594910544
1533375 0.46181240771989274
1533803 0.5319988874577309
1534222 0.7316550261571577
1534627 0.7508185017294912
1535415 0.7883664822091704
1535800 0.5834411311575837
1536176 0.565775145743229
1536296 0.08465112745151987
1536545 0.5894319265118784
1536667 0.06187799605023231
1536912 0.44162946663390273
1537280 0.624307492381318
1537643 0.6061428752031008
1538011 0.679074114399209
1538376 0.7205704767268986
1538735 0.8472780516366019
1539449 0.5885819892212845
1539807 0.6471096954559081
1540169 0.8799458039899399
1540470 0.05538874801942151
1540904 0.6760105114870012
1541279 0.6814365565795988
1541661 0.4590240283559555
1542048 0.8911137954503708
1542112 0.0
1542425 0.6059513795079602
1542811 0.7446047658351285
1543189 0.7310941063056627
1543943 0.6944959231852079
1544314 0.7943388145959003
1544686 0.6549185887249218
1545058 0.6714889826587418
1545454 0.11322384698011637
1545800 0.5692273136137497
1546559 2.450587895142047
1546937 0.6376911778424742
1547318 0.5511524214729858
1547702 0.4736141492998519
1548466 0.5950061856998684
1548846 0.524827954700761
1549972 0.6186755691394178
1550342 0.6418470130011182
1550712 0.6190434530968936
1551086 0.5524485979667413
1551471 0.5796906778055961
1551861 0.6227350867838874
1552265 0.45864449563410636
1552444 0.3541258899827934
1552677 0.4330928736655695
1553081 0.43948537220904926
1553485 0.3279497368000372
1553880 0.29740227318608886
1554265 0.577398893928109
1554652 0.7303493618983916
1555042 0.5994009121286079
1555434 0.653791605965439
1555841 0.5933815418765229
1556247 0.639199798621496
1556653 0.660940135799259
1557067 0.4916512138005432
1557476 0.5060183410016539
1557879 0.43402114932393576
1558296 0.5201408878939953
1558705 0.5551303882644274
1559112 0.4767531292331746
1559527 0.5352990261852077
1559936 0.463584264844363
1560342 0.544091558510641
1560755 0.47436391105088077
