3147907 -0.12698523869505507
3148502 -0.13894483498181442
3149099 -0.15541361877318505
3149721 -0.17814809299660989
3150281 -0.23240529413951233
3150820 -0.2265271290234715
3151344 -0.20057554592402319
3151902 -0.1901116998280822
3152479 -0.2284485205442171
3153031 -0.21797183518637028
3153634 -0.14692124157982525
3154245 -0.16666022478308556
3154867 -0.16599808846924935
3155474 -0.1892521264051803
3156064 -0.1993968132278115
3156645 -0.19721274131886074
3157224 -0.1946991553146873
3157799 -0.19920213619022847
3158380 -0.1807052363734573
3158967 -0.2345710526135854
3159503 -0.26972520581824505
3160035 -0.1672588645218439
3160551 -0.2627102057901167
3161052 -0.21849876179189676
3161586 -0.15314222852939596
3162161 -0.15005912168245372
3162742 -0.1717046512035687
3163329 -0.18540228004049142
3163890 -0.23695371868105464
3164392 -0.27996879592579504
3164912 -0.1619886490914918
3165429 -0.20978965351754086
3165933 -0.2375706593809449
3166481 -0.15725137262700184
3166999 -0.28183712524758586
3167533 -0.1602363724958965
3168091 -0.13974543722972899
3168642 -0.16219003172896373
3169197 -0.1759125779607702
3169749 -0.19054885035913316
3170312 -0.23216720239462263
3170823 -0.29500337053853287
3171360 -0.14738612267715
3171917 -0.15033601247733142
3172498 -0.16931891879928174
3173084 -0.1796951069163643
3173676 -0.17208225781022363
3174252 -0.25209069795840705
3174775 -0.2813221042787214
3175321 -0.14718356512064767
3175875 -0.14809696955953028
3176434 -0.17170806507929898
3176999 -0.1793370769673731
