363612 0.7931423968949503
364105 0.6647901635455592
364587 0.6950308013567877
365072 0.725537158352264
365539 0.6304961718918529
365992 0.667056007979769
366442 0.6672818662444074
366896 0.6537248003197892
367345 0.7177036021162098
367796 0.7398546932310769
368235 0.6114509106753342
368684 0.6515794129036956
369122 0.8980121390639992
369551 0.7417552827014193
369978 0.6847814577692537
370394 0.669117605026222
370817 0.7913471644823935
371233 0.8579887847997738
371651 0.7839344415320448
372066 0.6926287385296364
372471 0.7130917739918894
372892 0.7245817343730092
373313 0.9105780578870677
373737 0.6843416905294927
374169 0.7123199138661639
374584 0.5408727546422232
375009 0.5036622450463154
375448 0.8193123008160512
375895 0.6952448731683933
376340 0.5600183004920283
376789 0.6702585597429728
377236 0.7223573424671123
377670 0.7011699575458492
378110 0.8369022708869722
378547 0.6939715168836617
378986 0.7030777214575469
379430 0.6966661880398957
379861 0.6439803318852416
380282 0.6270128151602713
380698 0.5976129825733336
381116 0.7181436975056781
381528 0.4686357861477264
381945 0.5141945797435963
382375 0.6858873703103474
382801 0.5100081111434038
383223 0.4597801890663822
383656 0.3870234684787518
384088 0.38231251115726517
384526 0.41379227256136236
384959 0.386021122459575
385383 0.3990368969875491
385813 0.4637933021540708
386228 0.4413934906884315
386646 0.49536427941083155
387055 0.3435733267360664
387466 0.42421890299169523
387880 0.4588649924549589
388286 0.5490366443351119
388701 0.46310880216963823
389118 0.3360401790773726
389537 0.4773967554337865
389954 0.3536892023106305
390385 0.4631670022782741
390816 0.48444993002221437
391235 0.45161585711948043
391651 0.45726421933034656
392051 0.4585324365816824
392450 0.4890681177905254
392843 0.44369745287719464
