4135916 -0.28803554330140013
4136328 -0.10454492459742304
4136802 -0.10592392674982276
4137201 -0.24689523375588363
4137640 -0.18585494015739534
4138098 -0.19540027474713578
4138581 -0.26419199184340286
4139058 -0.40106081057116433
4139527 -0.3747737212256745
4139998 -0.268479751274177
4140470 -0.2958497361304397
4140942 -0.2704910538576586
4141429 -0.27712359076856735
4141929 -0.22944167012986988
4142466 -0.22450614635208033
4142955 -0.22296708885324779
4143439 -0.19031600122982473
4143905 -0.11058334573344497
4144387 -0.18334691070713116
4144859 -0.19677881731832803
4145352 -0.1453898717337464
4145810 -0.27424531997024915
4146271 -0.2687091132845788
4146733 -0.09141463585189968
4147170 -0.14069341967078935
4147620 -0.2986466038376505
4148046 -0.2330906275049207
4148488 -0.15169334195464645
4148914 -0.22824225137876764
4149343 -0.14951223196510488
4149789 -0.18558816811942158
4150134 -0.27386377569962145
4150261 -0.19084589688837655
4150719 -0.1854490007729459
4151188 -0.21971714238326423
4151668 -0.26054740613183425
4152126 -0.2528960495612961
4152579 -0.20868429924545134
4153046 -0.16691816476814225
4153487 -0.2735377060241712
4153919 -0.1741806510232416
4154373 -0.20354497645111125
4154846 -0.2306712672193067
4155310 -0.23653738300145533
4155761 -0.18558626002945888
4156214 -0.3166921225882592
4156663 -0.18764917071041975
4157142 -0.2624430011533804
4157579 -0.2328455617137839
4158025 -0.23407815981374774
4158482 -0.1827191109841026
4158919 -0.22223842722511336
4159341 -0.3411042948781392
4159757 -0.24560018196734745
4160185 -0.23922638439850616
4160619 -0.24303430749687155
4161107 -0.2235837118149317
4161555 -0.2366439282966067
4162017 -0.2497919157900671
4162487 -0.218537375403616
4162947 -0.2986330839449904
4163423 -0.18372808969942594
4163943 -0.23304316596074376
4164425 -0.1923191593978405
4164910 -0.22163279136074565
4165385 -0.2965691497072427
