1860600 0.43600930713041064
1861066 0.43119354009633176
1861494 0.4118322043396364
1861934 0.38065521838083755
1862359 0.36899616891924947
1862798 0.3542559772956962
1863256 0.37819136689565747
1863731 0.45223428472607036
1864210 0.35843082063353154
1864696 0.3952768871731921
1865182 0.4849639910467738
1865644 0.47587622026013965
1866084 0.44003180799835084
1866507 0.5113948320610231
1866944 0.328136070958505
1867396 0.3977512187228801
1867922 0.3720625431629848
1868486 0.4786422596026916
1869000 0.6764753817802475
1869502 0.25027465131940085
1869999 0.47382866876623575
1870485 0.5061915643836546
1870939 0.4805332037843504
1871380 0.4199385699140936
1871822 0.43514245356509296
1872266 0.36614562785018867
1872806 0.3939587667530111
1873383 0.4061237744178374
1873931 0.4202847866103828
1874489 0.48152539192543775
1875022 0.512949302508964
1875536 0.537341020992364
1876035 0.4906759868199091
1876530 0.4610514428988551
1877018 0.5807793147379967
1877499 0.5188640316817698
1877948 0.7299400681370175
1878402 0.44485972823004305
1878847 0.5869426584648013
1879357 0.5692161835153899
1879859 0.5635626410969958
1880377 0.5900503521833249
1880897 0.5431895971991787
1881427 0.5361845946827704
1881928 0.5190628793533778
1882433 0.5279640231710597
1882944 0.5753285207893721
1883462 0.590217603671232
1883964 0.5690103027075785
1884459 0.5450140086904882
1884943 0.5361737638873191
1885418 0.6371837375999279
1885891 0.5520649670695466
1886347 0.5089056437180498
1886821 0.5407062276616077
1887304 0.495945971349765
1887826 0.48430608275081344
1888349 0.5220860319605425
1888866 0.5005049004445805
1889347 0.5136756259016059
1889840 0.5172772010416442
