663103 0.42852623330659817
663599 0.43483918224488766
664114 0.4589449528207316
664653 0.43161845626870543
665180 0.4342488540048932
665662 0.45082523600873997
666114 0.39647852469604644
666583 0.4486018408703882
667084 0.46061756419011535
667635 0.4702141904519837
668178 0.45290445556954867
668708 0.4287328718483417
669269 0.45609733523540863
669831 0.4739106689939735
670367 0.45059551940272213
670863 0.40923629182991444
671391 0.4446972272310678
671915 0.4438394076880125
672426 0.41033882995864146
672943 0.4393829841946428
673471 0.46795865969750555
674040 0.4640463356530852
674627 0.49597553286704893
675166 0.46786252110640275
675709 0.4942527017193722
676253 0.4697447013319253
676795 0.4676618738216798
677305 0.4227299558877485
677821 0.44718647769307307
678359 0.4546555973301821
678900 0.4513149775741069
679453 0.47840707470774846
680000 0.47451922262898477
680518 0.45953817901401334
681033 0.45387550617387173
681550 0.4692774417720706
682083 0.473515825094501
682585 0.45080283704406404
683051 0.5693747714820895
683511 0.7201348144287887
683948 0.4674557158706779
684387 0.5621146718989654
684818 0.5442573153672915
685242 0.5476466118903696
685678 0.4240009402950715
686106 0.6773757845056283
686527 0.6553329764915701
686948 0.7825977035002225
687365 0.5441048314132814
687795 0.6118491555452981
688212 0.5800263176252357
688644 0.5998509526041212
689098 0.6383428027727519
689557 0.6294270798182041
690024 0.6441290225400762
690514 0.6554360924260997
691008 0.6470040441918434
691499 0.6377521971417387
692020 0.6560020160207404
692549 0.6488531797024542
