153927 -0.4079624659682591
154350 -0.19620055812190323
154782 -0.3070991185329293
155202 -0.2653242439791075
155621 -0.2551524499360518
156038 -0.5718931287919137
156445 -0.6698397694259335
156859 -0.2772985373890946
157268 -0.19040981230409582
157673 -0.2459222999920736
158066 -0.33551595479317964
158458 -0.1783514350017119
158870 -0.14757680203418955
159286 -0.18732077390090007
159710 -0.14593753703934992
160105 -0.1480735423883074
160524 -0.1243402500102582
160990 -0.05838330658469909
161393 -0.3004365553431195
161835 -0.32093522495663196
162262 -0.2405784526323541
162677 -0.20720901486827992
163153 -0.06149767010101537
163505 -0.13559640143252144
163925 -0.090809182386406
164388 -0.08313297749255022
164860 -0.7259411095802624
165200 -0.20364123561939976
165635 -0.11574137627041502
166074 -0.25779447519740384
166518 -0.05819377350234625
166968 -0.24453412623988388
167403 -0.3146200029416423
167862 -0.20545494285084104
168310 -0.39926001661921984
168727 -0.4179589102574255
169156 -0.2846014966260591
169579 -0.36747143380832853
170006 -0.29389258745603
170429 -0.22210693517149138
170857 -0.1358813696545499
171280 -0.14210357435008963
171711 -0.05654525895806495
172140 -0.2667474575156514
172568 -0.21883139327513468
173010 -0.22261297798859397
173443 -0.21847550420807615
173870 -0.2856931075422147
174308 -0.3788578520518036
174734 -0.29092696206197216
175160 -0.3953863920410922
175618 -0.16639580583465358
176027 -0.3425881841268755
176536 -0.09573394993694334
176957 -0.0722027001616039
177323 -0.2664767513887889
177766 -0.24248074205062187
178207 -0.2748339154718224
178676 -0.31427013051253816
179123 -0.2913554791430738
179618 -0.24488424034584555
180028 -0.2961308760806011
180472 -0.24480156942145703
180969 -0.31716883696843157
181366 -0.3419387259526592
181672 -0.33300829248660013
181832 -0.27435843059453535
182250 -0.10438545547446465
182694 -0.21340598515784803
183143 -0.14495373690703106
183677 -0.37965637872718194
