3836639 -0.39244573480945066
3837103 -0.324842588139703
3837571 -0.304638194613327
3838031 -0.3403984933681664
3838496 -0.31389048069049963
3838965 -0.36488580399923165
3839425 -0.36515300776538917
3839906 -0.2723401269541666
3840377 -0.3497714229569485
3840846 -0.2736577996109442
3841308 -0.33260061441798006
3841768 -0.30644855066311455
3842229 -0.3375275305142272
3842682 -0.3778101410408589
3843126 -0.32141661293531465
3843577 -0.28224320183251245
3844031 -0.3873121289572916
3844482 -0.32185623582355183
3844933 -0.2736148051885043
3845373 -0.3739525572817585
3845818 -0.30502834759444175
3846264 -0.3139156858465312
3846713 -0.3472007626257682
3847172 -0.3144935678131052
3847631 -0.34707884611353507
3848092 -0.33855236422294044
3848560 -0.2603698544187375
3849022 -0.31448153083194647
3849477 -0.3629103202226716
3849943 -0.2567335725168886
3850389 -0.3473566719545929
3850844 -0.29728838565643656
3851303 -0.31042023076336744
3851746 -0.3832405997386561
3852177 -0.325830041024861
3852620 -0.2595335400897255
3853079 -0.30199788407109773
3853540 -0.1915450057596627
3853989 -0.32392937154708457
3854448 -0.32009847915608625
3854911 -0.26590133347279366
3855352 -0.2945978186351819
3855790 -0.3177053930135427
3856238 -0.2616319784181723
3856689 -0.31701273082565534
3857139 -0.30385859019252465
3857591 -0.30111376506732235
3858034 -0.32649562646240116
3858468 -0.27544094646396144
3858922 -0.2365361470696591
3859377 -0.2869692343479382
3859843 -0.29845562120900326
3860285 -0.3203048102107364
3860726 -0.2524698106627551
3861177 -0.2978802414425379
3861621 -0.29532172294281284
3862065 -0.3376016426307278
3862501 -0.31533423347707
3862990 -0.2609747339621663
3863459 -0.30274861773665307
3863914 -0.28031781045801
3864374 -0.2647195793342539
3864828 -0.3194167627048747
3865277 -0.32824429781059067
3865723 -0.26064496604517484
