1291879 0.9165456973168279
1292456 0.8770950011259562
1293048 0.8876574486896872
1293648 0.917442601522784
1294242 0.9164792371721625
1294807 0.8750787546953789
1295359 0.9225236761215072
1295926 0.9222825902416477
1296516 0.900396775407684
1297096 0.9133862205732654
1297663 0.8643516078060942
1298224 0.9169944097428928
1298775 0.8620088241040588
1299331 0.9449265375673943
1299878 0.8755557799553586
1300426 0.9031978390315092
1300981 0.909298133298075
1301502 0.8814066869136038
1302037 0.9155099393411761
1302574 0.8720083778199584
1303142 0.9451592005070149
1303723 0.8900810329108715
1304293 0.9057328369119044
1304895 0.9307240989273378
1305474 0.875976795336805
1306043 0.8767187039721624
1306617 0.957574711879974
1307167 0.8731665307710925
1307722 0.9088882868738287
1308292 0.9403320361312564
1308857 0.8671199590987319
1309438 0.8927800753592406
1310039 0.9326929083076931
1310625 0.8751219223846538
1311181 0.8824178094784658
1311747 0.9310351925319189
1312312 0.8792232497053977
1312902 0.9157531322573695
1313510 0.9455483286675512
1314099 0.8985870097771178
1314691 0.8949441402799849
1315271 0.8932830770679375
1315838 0.8772817773008352
1316413 0.9285069604428774
1316974 0.8978026915907877
1317533 0.9107576967394868
1318116 0.9051937742193323
1318712 0.8816176363453195
1319289 0.904630882812433
1319852 0.8867911686163756
1320389 0.8885188653814206
1320906 0.9534225495543408
