4345204 0.5676394003576101
4345820 0.5340101222922039
4346431 0.5579942679715767
4347037 0.5535650308677479
4347634 0.5545290316265806
4348240 0.5495582959148819
4348822 0.5335611685771426
4349416 0.5479290132990251
4350009 0.5406029561863461
4350581 0.5233713847837738
4351155 0.5542420462004145
4351704 0.5170405624899285
4352244 0.5384410982104454
4352791 0.5670007454277827
4353342 0.5394473517612595
4353864 0.5370471039534579
4354382 0.5530878500589823
4354902 0.511850696056364
4355423 0.5353183731514791
4355948 0.566758708329257
4356468 0.5269971310512261
4356983 0.5242652559112677
4357517 0.5481489954938339
4358037 0.5184792689433386
4358614 0.5025237523166142
4359214 0.5310974749332241
4359746 0.5244324384274076
4360252 0.4878761230606801
4360776 0.5237530895719736
4361305 0.5434458607122344
4361821 0.4634629838996448
4362349 0.5044394093169347
4362972 0.5447906964038389
4363604 0.46811664176269885
4364174 0.5124664587471501
4364823 0.5473416090818755
4365407 0.4878287252557344
4365955 0.49564778364608425
4366529 0.5568368878806089
4367125 0.5285271300761661
4367701 0.48986605597913785
4368309 0.5358464014111709
4368960 0.5553785684615126
4369633 0.5602543794339134
4370293 0.5537900094250225
4370939 0.5587326901359194
4371591 0.5561619340469119
4372230 0.5557686196358682
4372883 0.5794929936539537
4373531 0.5417521982167653
4374190 0.568571809622604
4374839 0.5552963038271657
