334 -0.12898103448844622
934 -0.12366892199809504
1569 -0.17640477409767197
2206 -0.1105395928768595
2863 -0.1512247601560317
3489 -0.16882171685646857
4095 -0.12535664266031088
4688 -0.17953537761803368
5254 -0.134778502056557
5834 -0.13757376348353106
6437 -0.1957584157441915
7010 -0.16218580412074657
7599 -0.13947002622551663
8197 -0.19791503808881122
8772 -0.1405506669360806
9346 -0.14097687509708018
9898 -0.20519553625177833
10445 -0.1383851065069458
10997 -0.16821231831770905
11542 -0.1801622223574918
12106 -0.13008018509656694
12695 -0.17662494891351177
13291 -0.12453331338008189
13916 -0.13845344107184338
14512 -0.20209484407723038
15101 -0.1260933540729715
15694 -0.1558736877728656
16272 -0.19472839778613976
16838 -0.13699757059122147
17398 -0.1525326274100856
17957 -0.18888936007929746
18520 -0.12649294741289624
19099 -0.15619942791127583
19663 -0.18921508430939554
20233 -0.1282482962355369
20810 -0.1444122248181795
21377 -0.19596821877536819
21958 -0.13782409592998285
22550 -0.1501538633890236
23142 -0.1992174611576033
23739 -0.14431905218620544
24331 -0.16482254888907827
24902 -0.18843101996035216
25473 -0.14742406278957215
26048 -0.1564122444984002
26637 -0.18589021972885067
27245 -0.14075076683829663
27838 -0.17657243009862145
28411 -0.16414105847334598
29000 -0.13138063828920404
29601 -0.17316905167615426
30183 -0.13241929042337353
30841 -0.1376390376190627
31476 -0.18154750173986317
32124 -0.1317669426061288
32768 -0.17151983677872434
33387 -0.14170504885019497
