5603242 -0.14447957923899296
5603870 -0.1648669788886037
5604541 -0.18372561002371685
5605218 -0.15283388118201746
5605863 -0.17616292154220592
5606488 -0.14989460730798398
5607094 -0.17482330493687448
5607748 -0.1776400360222385
5608413 -0.14792372338667048
5609043 -0.18875281218614232
5609636 -0.15949470553244638
5610287 -0.17447935392222746
5610935 -0.14978567531130504
5611544 -0.18272796527653723
5612177 -0.17572758703038366
5612804 -0.1717617019044052
5613394 -0.1703857707627774
5614028 -0.17201180357051893
5614678 -0.13030488115117678
5615292 -0.18120112611967532
5615941 -0.1552574053205985
5616604 -0.1395648602274714
5617182 -0.18205932575177836
5617811 -0.1328861476274587
5618447 -0.1710854667193109
5619006 -0.16831164220208172
5619651 -0.1459428768168915
5620286 -0.18307500157166767
5620868 -0.14915244997087834
5621513 -0.18021450076280393
5622161 -0.1513996985837745
5622817 -0.17309015791964777
5623448 -0.14615073017491448
5624069 -0.1777141234272221
5624635 -0.1528224943640652
5625204 -0.16921104068431925
5625821 -0.1618262752517758
5626450 -0.14554410968304948
5627023 -0.17574333793546099
5627644 -0.1647957332782376
5628289 -0.1558293778515899
5628869 -0.1814699987450063
5629513 -0.14835002271532527
5630163 -0.17743375249675364
5630744 -0.166233904784797
5631397 -0.15838641167986278
5632038 -0.16054979278725945
