1621145 0.6710606428071686
1621576 0.6496765913373481
1622011 0.6881393453675522
1622440 0.6584533774739814
1622858 0.5697417690926307
1623278 0.6771024273357756
1623699 0.688567555589209
1624118 0.6734899430156385
1624533 0.66473736697862
1624960 0.6686004891301686
1625374 0.6716865361424049
1625786 0.7108532095827493
1626202 0.6885519971823004
1626614 0.6836417270444086
1627026 0.6918249377176979
1627450 0.7144799142736397
1627878 0.7193163345083542
1628302 0.6548536560099989
1628729 0.7124827081088774
1629171 0.7638895564404629
1629617 0.6749487228150735
1630051 0.6706837212505599
1630478 0.6592091491202403
1630912 0.7139702908863312
1631346 0.6136423848502868
1631775 0.630155581210947
1632199 0.6563385450724277
1632619 0.6676788531129072
1633051 0.7176860563668563
1633478 0.6763011579363969
1633900 0.46441059138503404
1634294 0.44973497135043694
1634689 0.6189622424299329
1634927 0.07402421752088817
1635091 0.6120264519568273
1635492 0.8004822624999912
1635901 0.7661494461656855
1636312 0.7754494042171538
1636734 0.7791386826211275
1637157 0.7490653888891937
1637593 0.7947245329444813
1638024 0.8276430741885987
1638453 0.715278174938287
1638889 0.7935196246481683
1639329 0.8165581472385579
1639775 0.7628846916915188
1640220 0.7701640722640918
1640673 0.8131793998887165
1641130 0.8208258632429379
1641590 0.8036105899481207
1642048 0.7680980714115957
1642494 0.7362574968535873
1642950 0.8057062882798429
1643401 0.7943203489099868
1643846 0.7699752326836584
1644291 0.7691252508578352
1644736 0.790470678045849
1645174 0.7932562010310051
1645591 0.7944418727685748
1645995 0.7721787143231251
1646392 0.7820667523169633
1646799 0.7722420118625986
1647224 0.7769280309290425
1647648 0.601573191289552
1648067 0.846415204139201
1648484 0.6923071062683357
1648900 0.731249865831632
1649317 0.7020651965355134
1649756 0.7582254105670747
1650204 0.7598987244836517
1650667 0.7741132220278335
