2578899 0.42029644608542654
2579524 0.4167928579176687
2580140 0.427828862631687
2580756 0.41487454641673427
2581381 0.4289177648628012
2581987 0.41861794270653546
2582624 0.4245679186590282
2583250 0.4148104825875149
2583874 0.4135852495128727
2584522 0.4239905015127154
2585162 0.4179751466757793
2585793 0.4213086459585208
2586432 0.4238921024556783
2587058 0.4219300129268103
2587701 0.4204860474249339
2588337 0.4253750938869744
2588982 0.42964472318630637
2589639 0.4175627335385692
2590262 0.4055906886909554
2590908 0.4111715872215458
2591549 0.42362961220388623
2592167 0.41947424035887376
2592798 0.4212519179663626
2593421 0.41655962246036166
2594039 0.4218017925496057
2594649 0.4099321391070721
2595240 0.41921469724545724
2595871 0.42045490262341906
2596497 0.4221782625823801
2597131 0.4218897133441785
2597791 0.4256524131856933
2598447 0.4199523029175077
2599104 0.41459761891245317
2599775 0.41525686283985336
2600421 0.42221903021530877
2601076 0.41601504422512203
2601718 0.42134477220352384
2602344 0.421550603015497
2602976 0.4154554628099839
2603583 0.4124120311604254
2604175 0.4263444154884156
2604781 0.42348793165662707
2605397 0.42211471471459533
2606048 0.42244760666990505
2606698 0.41316111440116055
2607329 0.41829890064862535
2607986 0.4243763990682365
2608628 0.427193197779353
