5961986 -0.11183490407905061
5962596 -0.06534231488026254
5963216 -0.060145874978042635
5963828 -0.11192735102855667
5964435 -0.056633297989791664
5965040 -0.06972975680284388
5965641 -0.11325825242229098
5966229 -0.06706829153380489
5966822 -0.06640186029849804
5967414 -0.10713084947620821
5967987 -0.08445834439281852
5968562 -0.07488855428022523
5969139 -0.10989987450122896
5969693 -0.08576584271796023
5970248 -0.06976292064102124
5970799 -0.0679807058295156
5971344 -0.10814453045866523
5971890 -0.06944687996478965
5972449 -0.06603871312537951
5973022 -0.1057970532560365
5973592 -0.058241264152032846
5974181 -0.05901778471443808
5974776 -0.0949573699691122
5975367 -0.07115573318126195
5975980 -0.06688782764999462
5976577 -0.10394282404753857
5977159 -0.07001710426547192
5977737 -0.06685689850754012
5978324 -0.10122801205368354
5978896 -0.08040206323911564
5979476 -0.056812473468623836
5980061 -0.08658617289415016
5980652 -0.07676905297563918
5981221 -0.06356164694261252
5981773 -0.1132829871064685
5982318 -0.0627569672733359
5982909 -0.05094758684839856
5983553 -0.10221183623993202
5984199 -0.052115479851993884
5984851 -0.06074684270589614
5985452 -0.12151651568886962
5985997 -0.11229956832499788
5986510 -0.06564740864477026
5986972 -0.15672777959997608
5987407 -0.38977408590621465
5987967 -0.24261419258942518
5988177 0.40349501638635743
5988262 -2.260683782940266
5988909 -0.3700950970073924
5989073 -0.15641923796779178
5989516 -0.11057587085721177
5990394 -0.12263741290648722
5990707 -0.8317999105039194
5991108 -0.7599417986058781
