2488963 0.5304746262045714
2489424 0.5843208581294592
2489870 0.4962082311926575
2490339 0.6216921053818136
2490767 0.6578085837436365
2491164 0.5632801453074318
2491546 0.48027363815037666
2491923 0.5398845077768832
2492317 0.5685762976946087
2492786 0.5945293750705558
2493294 0.5974877830181302
2493746 0.5680037753130656
2494236 0.5412715955771579
2494732 0.5998705055612282
2495247 0.5653283123375243
2495771 0.5650776712656365
2496238 0.5090450136765359
2496690 0.5200009440305978
2497140 0.5616846665962487
2497658 0.5758282304899087
2498139 0.5718461221152349
2498608 0.604112205197123
2499056 0.6047127999624848
2499490 0.6424923555071904
2499899 0.5677241064042146
2500294 0.4944969351767752
2500693 0.5559233958217719
2501097 0.6027784466443937
2501504 0.5544739258711335
2501895 0.5445088662636582
2502294 0.5222132419431286
2502778 0.6447669079581313
2503251 0.4893214930143275
2503690 0.4495913282619801
2504136 0.5679379281773453
2504593 0.5644677697000895
2505044 0.48286670790242225
2505515 0.47152373603285525
2506006 0.485543226598807
2506494 0.4587853683920696
2506969 0.6085527266546715
2507434 0.6098470381299833
2507879 0.6154309330324274
2508313 0.7555269776222495
2508732 0.6545749183367058
2509129 0.6556550918639812
2509527 0.8111469544736019
2509915 0.7342269812390554
2510307 0.6655626811347342
2510706 0.6511087209585195
2511138 0.6445298283829748
2511608 0.6719254341127259
2512095 0.6825389539808266
2512596 0.6022163234424235
2513088 0.7738990932298119
2513558 0.7592109876570234
2514017 0.6583439516232802
2514461 0.7124420968745109
2514898 0.712818947607422
2515340 0.8070142345458957
2515793 0.7580656544012376
2516276 0.8523548851441519
2516743 0.5760814755759005
2517206 0.594483032110063
2517660 0.6129969607778294
2518101 0.6095149424809772
2518585 0.6476887562498725
