4824440 -0.11467744322829954
4824896 -0.09534181273551656
4825287 -0.1765238116567045
4825720 -0.12999843313896275
4826153 -0.07506847207614098
4826592 -0.13957575752832063
4827021 -0.21850050736821458
4827438 -0.2573238482367721
4827858 -0.37627728713583786
4828279 -0.2875801641750899
4828701 -0.24994193979145995
4829111 -0.22239932690808528
4829524 -0.19274268478258716
4829947 -0.1960061323295763
4830363 -0.26752493122371307
4830767 -0.30545913777196476
4831035 -0.30416772247430784
4831199 -0.32047928114364554
4831588 -0.21896071431009878
4831720 -0.14708645240280543
4831988 -0.2760382860094246
4832389 -0.19669092425091678
4832798 -0.19355676196319854
4833219 -0.26244420204816
4833636 -0.18401628591642394
4834053 -0.15362156966682117
4834479 -0.16482498178982574
4834900 -0.2615103403219575
4835308 -0.12522624530584991
4835719 -0.10414992150449015
4836144 -0.08800816245266385
4836579 -0.2258378728720536
4837040 -0.31566819410076985
4837446 -0.29422243682626725
4837876 -0.2539041804130797
4838250 -0.21279974111153965
4838646 -0.24108177313333962
4839033 -0.23169708948024548
4839424 -0.20451036578937098
4839820 -0.15735327601617655
4840228 -0.12359377946800709
4840658 -0.0997742921412691
4841127 -0.047233243724618124
4841569 -0.13268073277059544
4842091 -0.05952014846413678
4842492 -0.10453413724855087
4842957 -0.08968296490389727
4843410 -0.23176878331851525
4843852 -0.1497211425223769
4844283 -0.25347465534869384
4844695 -0.16754089031352348
4845097 -0.22410110899864316
4845492 -0.34719217225160437
4845865 -0.37289408825281956
4846244 -0.1921932000266827
4846616 -0.21989384006848725
4846998 -0.22276483819955512
4847384 -0.23117208444907594
4847793 -0.13715665414872047
4848215 -0.13816223697980778
4848634 -0.2479850758264892
4849076 -0.10526996477645878
4849534 -0.15781706151902264
4849984 -0.17582305824866484
4850416 -0.3000382101434508
4850826 -0.36333794202824243
4851212 -0.45380332247721084
4851705 -0.2181197967718438
4851993 -0.2203858746854669
4852378 -0.36696069768547
4852761 -0.46119171860412633
4853155 -0.2890804673402434
4853543 -0.34235356306376263
4853926 -0.3260241205540708
