303715 -0.20973826741942314
304170 -0.1712675140856591
304633 -0.440151795100143
305081 -0.40594532943869266
305621 -0.27290892880170425
305945 -0.2728040707929872
306425 -0.1589850564102187
306700 -0.28324611833154795
306963 -0.19986794265566016
307476 -0.26396100043081727
308054 -0.2615201770413359
308624 -0.21473766200657135
309190 -0.2696597076770322
309812 -0.26399340132566174
310244 -0.3294078987645444
310833 -0.24933954249267842
311395 -0.10489643833165369
311942 -0.18874914185343017
312462 -0.2594294431674232
312934 -0.2244512153746654
313518 -0.15705489434269104
314029 -0.10624439104397726
314569 -0.1215024203497847
315112 -0.14958211974064684
315624 -0.14485125065131954
316179 -0.1486058425985579
316704 -0.1843317902803937
317218 -0.10406989599358574
317825 -0.1639687086924786
318291 -0.2282640490338131
318799 -0.15339363541624657
319353 -0.1626539014643295
319866 -0.31057029284992305
320399 -0.16967431712429581
320925 -0.20573494917624968
321418 -0.2943056263184911
321908 -0.1676801217534784
322410 -0.11682680216926278
322966 -0.08817289040940696
323578 -0.15313636253005936
324054 -0.3007606880096047
324576 -0.27976765864292674
325071 -0.23828505835675673
325549 -0.2477993192917778
326009 -0.28014087382795433
326438 -0.3959943888352764
326874 -0.08603082725632025
327293 -0.12538906745560024
327781 -0.23107704378581456
328283 -0.29896535138066604
328649 -0.24935369706988064
329116 -0.35562023690797606
329585 -0.1908326900955606
330058 -0.5484172868910019
330536 -0.17116228923182975
331095 -0.09941224522952624
331485 -0.24695391468584799
331944 -0.3728190125634755
332394 -0.31322945569045846
332853 -0.275423793368976
333297 -0.2540907161863979
