3267436 -0.24839882547669076
3267831 -0.21425923168666933
3268225 -0.2753618745963613
3268617 -0.20273038753703806
3269073 -0.11572659735281013
3269446 -0.08651316447483925
3269886 -0.3187873987154064
3270324 -0.12473070555196963
3270776 -0.36350449345800884
3271175 -0.47689048452832716
3271965 -0.36327297825643606
3272350 -0.4250064103008399
3272736 -0.12753250514711717
3273115 -0.3842176099844621
3273500 -0.3294357265504233
3273876 -0.16805799168974095
3274246 -0.30981236185535327
3274619 -0.19127786368926064
3274992 -0.12734752948101496
3275359 -0.297274425641762
3275723 -0.3837010587235286
3276083 -0.27920672810154457
3276441 -0.2550394285484178
3276797 -0.2852914798378709
3277150 -0.06046013899343697
3277503 -0.3802415453285658
3277852 -0.26155608421906384
3278201 -0.18118629248135396
3278550 -0.049406498581201226
3278905 -0.07212997232593765
3279247 -0.12684074503060483
3279618 -0.15400433371469624
3279992 -0.1328639415681
3280374 -0.0958221965430629
3280761 -0.39162928252924845
3281135 -0.2581296761199833
3281506 -0.27622605663219046
3281874 -0.1006165547655577
3282238 -0.08117759635295962
3282617 -0.29189904364818653
3282999 -0.24481477722846456
3283383 -0.1853340001602677
3283759 -0.05622669235455957
3284166 -0.05406009502105147
3284534 -0.1369539669031743
3284936 -0.22768524254121097
3285337 -0.37842999188476395
3285732 -0.22972173019184816
3286122 -0.2090941875153418
3286511 -0.19617335276222014
3286893 -0.1264864850146259
3287281 -0.10498510468312428
3287689 -0.113281722508222
3288118 -0.2166362155466376
3288525 -0.1634839505764203
3288938 -0.17765659841312376
3289367 -0.23951227196762215
3289770 -0.33751405552582725
3290181 -0.1506185896902092
3290613 -0.14450978083367325
3291070 -0.05501554846460588
3291392 -0.18203627162756464
3291789 -0.27848662069785635
3292174 -0.3828564088579651
3292560 -0.2534536244098773
3292955 -0.2332776650584969
3293349 -0.20502590233323792
3293751 -0.18451642677729962
3294148 -0.2906190382462689
3294543 -0.27857084948084787
3294961 -0.14654389612394958
3295375 -0.2519094940072746
3295798 -0.29250371073143944
3296348 -0.10314172069117333
3296629 -0.39448698578279195
3297027 -0.1881408272817331
