1501010 -0.06418486912639587
1501605 -0.030878746968227733
1502138 -0.05464494693394489
1502673 -0.04426960313449596
1503184 -0.03966575743684814
1503666 -0.06403125434579487
1504188 -0.03839518775609011
1504720 -0.033496935490004764
1505240 -0.06964681119276821
1505684 -0.09131486586930579
1506160 -0.07795115885749296
1506612 -0.051253449763632324
1507082 -0.04629782847596255
1507495 -0.02551487139042454
1507924 -0.028955900190515985
1508412 -0.03730009720527775
1508932 -0.03598347923757271
1509520 -0.04899576509150218
1509987 -0.043308598358501885
1510569 -0.03434282318922935
1511052 -0.025822624662003302
1511518 -0.059558870838029784
1512088 -0.023388134686980394
1512595 -0.06864023506414174
1513146 -0.045374047547899976
1513655 -0.04668940909723285
1514685 -0.031231792832016936
1515226 -0.04782256132874496
1515805 -0.04500486962064898
1516290 -0.03605173707383158
1516846 -0.02708165830257242
1517418 -0.049603352508108545
1517991 -0.051174217483980766
1518447 -0.04007393535084075
1519023 -0.04704482130213833
1519583 -0.0412791472921854
1520131 -0.033775016550547265
1520653 -0.0447103602631036
1521213 -0.05133979870743283
1521776 -0.03750711824688069
1522279 -0.03806702597186723
1522825 -0.03786878068243488
1523381 -0.02036837741128278
1523894 -0.059111657592282374
1524416 -0.04515822937530661
1525459 -0.034003807916699214
1525946 -0.03776530885658702
1526414 -0.030180827791973508
1526801 -0.049336108554564884
1527252 -0.05837124253555487
1527758 -0.031422138465142524
1528254 -0.030242365659659154
1528801 -0.045293798749212244
1529368 -0.03497673952877878
1529889 -0.04242900399922883
1530452 -0.0244066129905377
