5213546 -0.23145160105270413
5214019 -0.2635032424683058
5214499 -0.2639308431547339
5214972 -0.2674557884100539
5215449 -0.25740891471872107
5215938 -0.23904863117712022
5216430 -0.21584562075158065
5216911 -0.25261198804250606
5217191 -0.4377289514314387
5217420 -0.23178277263473734
5217901 -0.3138429252903118
5218390 -0.22072583028015585
5218863 -0.18116477267770148
5219345 -0.19835997807125677
5219827 -0.20237064154161677
5220290 -0.1704776039842681
5220798 -0.18749933201091534
5221301 -0.18963282123834707
5221817 -0.20411330779764175
5222304 -0.22372970157058486
5222828 -0.16522099797481427
5223312 -0.1731456732083398
5223810 -0.15557546227010466
5224308 -0.196820333043293
5224845 -0.25255275040116243
5225335 -0.2335955744081734
5225812 -0.2962001223043225
5226294 -0.14528905204449777
5226831 -0.15804879613705175
5227325 -0.26138339042090036
5227819 -0.2596598246694145
5228306 -0.2597622686076911
5228787 -0.287032068476185
5229244 -0.3184996995571158
5229668 -0.29633920813975845
5230085 -0.26649060685076037
5230506 -0.2121695584226042
5230931 -0.29710601240018003
5231354 -0.32347469232317766
5231780 -0.4056017783141122
5232230 -0.28522142422924507
5232684 -0.27757232201162674
5233163 -0.24169721153962104
5233649 -0.2021319203178028
5234159 -0.24018872941607194
5234675 -0.23795461286304131
5235163 -0.2997482637594523
5235634 -0.07354353073384728
5236065 -0.39417409462123976
5236494 -0.5340412621423265
5237102 -0.36840253471639284
5237313 -0.49936452215758953
5237719 -0.4112524025484239
5238112 -0.32226875971464664
5238507 -0.3265494374901002
5238909 -0.23667267703018768
5239340 -0.6576694637848653
5239763 -0.22456749596427647
5240191 -0.26963518044962165
5240627 -0.355164586548224
5241055 -0.23334467969907505
5241484 -0.2968263389509217
5241893 -0.31750262538810814
5242284 -0.25720931356512866
5242667 -0.11631781642960748
5243047 -0.35654191712393507
