2010126 -0.12313553171658032
2010874 -0.16451083605238231
2011510 -0.14480669973850258
2012135 -0.15440326294630602
2012732 -0.1357537637779318
2013388 -0.1432014987513731
2014071 -0.15290795038219862
2014693 -0.1254225147230721
2015335 -0.13785167458293762
2015912 -0.2386627169348443
2016424 -0.08794068666594512
2016914 -0.14732128336044337
2017404 -0.2666154467293982
2017876 -0.25086727055002234
2018382 -0.2102459784126287
2018941 -0.2206893945975551
2019518 -0.16794345220735585
2020217 -0.1660293323317361
2020869 -0.2220860872746233
2021489 -0.18624156377943207
2022252 -0.18077489079532033
2022912 -0.22363452565464434
2023593 -0.18700803192971144
2024260 -0.21886510343537102
2024902 -0.20303501193001694
2025571 -0.2040395692612718
2026222 -0.23411601664413356
2026870 -0.18830179352895082
2027516 -0.20293745964907495
2028157 -0.21868099577955635
2028815 -0.19039693105510208
2029486 -0.20402237647299593
2030138 -0.2189982563002989
2030791 -0.18983627713950862
2031442 -0.19138325657615662
2032076 -0.21976481014434596
2032719 -0.1825751593726329
2033357 -0.18473236245266061
2033978 -0.20764686254495696
2034606 -0.19453297694080007
2035224 -0.2080750491959653
2035821 -0.20092344255849776
2036427 -0.19730616339736023
2037015 -0.21890057807482116
2037593 -0.17910475146545307
2038213 -0.1941334551622111
2038852 -0.20747268127587387
2039471 -0.17862695976229803
