3656823 -0.28309760793534533
3657277 -0.3066090360158077
3657726 -0.2973953866644552
3658169 -0.30429270796064
3658629 -0.2792264463034023
3659100 -0.09816815982655142
3659582 -0.18720588841452307
3660049 -0.3202632226722468
3660518 -0.2960048043294373
3660982 -0.21830279483054144
3661435 -0.2555824157651314
3661879 -0.253746048059138
3662331 -0.3503277831634283
3662766 -0.4298762422977779
3663266 -0.12402687686344206
3663638 -0.21254190803056044
3664059 -0.19863609120463094
3664470 -0.2857544823416236
3664878 -0.39563845546928733
3665269 -0.27284057274917517
3665668 -0.1761034246698947
3666066 -0.3040682937625961
3666617 -0.4170393248196434
3666961 -0.44095651120582036
3667317 -0.2641634035945727
3667745 -0.3470218827002822
3668171 -0.2403143028698006
3668600 -0.1557611863357674
3669024 -0.3260330573265336
3669442 -0.31065316127930964
3669866 -0.2870276826793198
3670292 -0.13098428579506677
3670721 -0.4748520775331836
3671150 -0.13988184462461772
3671581 -0.32250672187368207
3672008 -0.1811080392650552
3672458 -0.15912850718077487
3672948 -0.500884855603461
3673348 -0.11541067818125039
3673803 -0.3988249585486069
3674256 -0.4206263875039812
3674696 -0.37991363188331273
3675124 -0.4662693251922358
3675541 -0.4516809760234941
3675946 -0.27960209601344493
3676737 -0.3388978608936402
3677130 -0.28262992476522203
3677530 -0.3303079200605047
3677949 -0.40908620399163936
3678378 -0.46131728613395306
3678834 -0.3172832549996272
3679255 -0.3667190581843124
3679694 -0.2739357873337538
3680142 -0.2933149790347179
3680601 -0.24820970561924427
3681064 -0.11232995030873671
3681594 -0.2786314338196375
3682089 -0.34512039075766077
3682544 -0.42140352368379663
3682967 -0.3229910231235865
3683374 -0.6722539286798912
3683769 -0.35973622520060383
3684174 -0.26775186110265253
3684574 -0.2042666744835972
3684981 -0.32000418324689617
3685395 -0.2691199265981101
3685819 -0.1461391903995571
3686245 -0.2298952686260245
