752713 -0.9237291909664123
753109 -0.31735797997786797
753525 -0.27498280758161653
753939 -0.32664534193157313
754356 -0.28518723302575
754777 -0.38194754402344666
755187 -0.3238734556889282
755587 -0.36935460814028065
755974 -0.30577277741071673
756423 -0.27867190861555624
756822 -0.18332198903346775
757153 -0.2056679596822677
757555 -0.1607159364685934
758051 -0.12894075430838337
758371 -0.23812683399885354
758881 -0.241971051759169
759227 -0.18286687936916807
759680 -0.45938462346782893
760051 -0.3794817006051785
760455 -0.1686133746122651
760893 -0.07704569774836934
761307 -0.15947455106522834
761799 -0.1465558153743759
762200 -0.2052003363052573
762646 -0.22999398377742802
763093 -0.39713463942936134
763549 -0.18793920582385742
763987 -0.14717463454316154
764436 -0.20543569047236393
764882 -0.27096961347406745
765328 -0.18504098734293328
765771 -0.12369119638251008
766238 -0.23539920762230457
766726 -0.1738757179340329
767190 -0.20077223353753587
767676 -0.14730553351641273
768139 -0.19383617891602778
768595 -0.2589665263052221
769081 -0.2767620634495416
769557 -0.22626292916618168
770042 -0.25317251039650696
770535 -0.21562910061300516
771022 -0.25580114394428205
771524 -0.25619696072137005
771993 -0.22666042230940014
772464 -0.2361180235402056
772939 -0.3399516428829357
773401 -0.2120047350626027
773875 -0.23579519128645682
774357 -0.2527885391367232
774829 -0.2755779451088375
775306 -0.23760860419623164
775810 -0.2100910631576317
776288 -0.20638674328150158
776778 -0.2037221812338414
777250 -0.2825214820960525
777703 -0.26177947579963146
778188 -0.25671559662334187
778646 -0.2954471732192878
779099 -0.2706388751328637
779579 -0.27094220113416867
780073 -0.2246187660832556
780553 -0.2569991670379875
781102 -0.2597031046577592
781638 -0.25077923535043595
782125 -0.23763533666087855
