1650761 -0.016366156372907475
1651327 -0.01869582922090665
1651832 -0.08428869681840079
1652411 -0.024652347875997127
1652968 -0.023384984077753412
1653539 -0.018098483862150017
1654069 -0.05809699369074278
1654628 -0.023171116800946412
1655149 -0.08148139135471472
1655677 -0.0599341462941424
1656219 -0.04640850521280748
1656788 -0.037048638324481575
1657375 -0.026342278625032967
1657972 -0.028560704713723684
1658510 -0.03081522860179453
1658988 -0.07866935616283577
1659485 -0.052590577238833314
1660008 -0.01896109407569041
1660525 -0.017086569681825037
1661043 -0.015935689411945564
1661606 -0.018603742814803093
1662153 -0.017605427443723454
1662717 -0.010561100006471313
1663279 -0.015499622662094314
1663811 -0.011708384995148258
1664345 -0.013391979117620023
1664865 -0.41860158638104883
1665241 -0.6248954911510749
1665681 -0.16837029997829767
1665908 -0.18045981708547876
1666109 -0.11395133501173937
1666257 -0.3568778516460229
1666515 -0.1357164719092001
1666921 -0.22140492987972804
1667345 -0.2055024213126031
1667763 -0.1711769714830287
1668173 -0.4623501283532328
1668578 -0.1684145332902749
1668986 -0.18382780282775557
1669389 -0.15439046126264655
1669786 -0.28177203389215943
1670186 -0.2810131787134279
1670581 -0.16661570376231077
1671034 -0.31151998606270714
1671342 -0.31284251570113064
1671715 -0.11437094836664302
1672054 -0.1110468091778804
1672486 -0.08185642037373134
1672768 -0.11815131909643234
1673129 -0.3204804479206509
1673486 -0.25769315638853163
1673840 -0.182959325721611
1673961 -0.5162435478666404
1674185 -0.24176890307568144
1674528 -0.19784865024578357
1674876 -0.2662917286571279
1675220 -0.36257044600464433
1675560 -0.2952437324679611
1675890 -0.2618515129056561
1676223 -0.33723420163244777
1676546 -0.1542517521474901
1676881 -0.15232687399790312
1677225 -0.2570016052237116
1677567 -0.20121520517904534
1677914 -0.17972000406296643
1678257 -0.4820863316155744
1678610 -0.2779681030938489
1678961 -0.09850092209168501
1679312 -0.19120968190718557
1679766 -0.28543579135490427
1680039 -0.11517106668691762
1680404 -0.06050913820858739
