3357223 0.7318393269519365
3357729 0.6836595493891809
3358212 0.7021637905725935
3358682 0.7894858676123393
3359142 0.6692586062752715
3359582 0.6219388074134184
3360022 0.7966957266034461
3360445 0.7217985978285609
3360894 0.7577742097528123
3361353 0.7818736825377959
3361801 0.7666183539507945
3362230 0.7581687597478552
3362658 0.713486146398372
3363099 0.6595383622365143
3363564 0.6811085483337277
3364117 0.6971157184600347
3364663 0.8414644798442354
3365164 0.7753460080047109
3365673 0.852513460049321
3366201 0.8359122558752439
3366734 0.8202492710815693
3367255 0.7613360202580979
3367769 0.8918913756356586
3368229 0.582872987515568
3368667 0.5354054128929561
3369123 0.687720998543138
3369618 0.8303910034481945
3370168 0.8437645961725829
3370663 0.5959746181392618
3371321 -0.20196749189630653
3371674 0.5025885121626761
3372193 0.5913610588551262
3372718 0.6334135046628283
3373196 0.6114943882653368
3373647 0.5894150873660529
3374090 0.6072572652213936
3374538 0.7368232413817438
3375367 0.7058198155058224
3375800 0.749148322999763
3376249 0.6522765716018151
3376715 0.7686615039518787
3377176 0.6977145919199841
3377617 0.6270389945629216
3378044 0.5754680112714313
3378486 0.6203415261517612
3378915 0.47044683519503555
3379349 0.48983092415643203
3379786 0.47002814326346154
3380243 0.5496475661836155
3380719 0.6227115253925889
3381177 0.5830900333361744
3381658 0.5931388142177849
3382143 0.6095135537475767
3382626 0.6979190223102716
3383079 0.5278152195075503
3383286 -0.04724065811172698
3383503 0.9035113945961153
3383901 0.6992675405198681
3384312 0.8150606862158074
3384734 0.698779139308353
3385178 0.6929591391583076
3385649 0.7528904655420801
3386149 0.6636525979558339
3386677 0.701158797587551
