2758601 -0.028698990765019097
2759234 -0.013679355393922558
2759805 -0.011069716694942118
2760367 -0.04513018725403443
2760972 -0.02625323443562507
2761498 -0.028825615841104185
2762050 -0.03681590034908239
2762603 -0.030722119533793585
2763127 -0.028283575549504725
2763660 -0.03775974012983596
2764231 -0.0210422409158898
2764744 -0.016876924688460138
2765231 -0.035227409497857465
2765745 -0.015563493148795016
2766254 -0.014051340703704451
2766761 -0.05997529544247732
2767269 -0.012690393551168133
2767805 -0.012451412055497768
2768285 -0.05156849178230177
2768795 -0.03406918216448851
2769337 -0.019464290785625282
2769830 -0.02175442706040226
2770351 -0.07068995282716106
2770894 -0.0232582340073203
2771397 -0.01763269771498216
2771896 -0.07181055993017449
2772413 -0.06035221362729376
2772993 -0.015611019032284734
2773448 -0.03069951783750774
2773976 -0.08029015259346989
2774593 -0.007178511436501667
2775067 -0.015695561779117795
2775625 -0.09985631973899639
2776248 -0.009681868762964785
2776770 -0.012379850071655818
2777295 -0.10399427836136205
2777876 -0.01847754349129538
2778383 -0.0084021836450911
2778892 -0.10496821158448699
2779500 -0.016561387855005105
2779959 -0.01823422137191727
2780484 -0.07082341910926138
2781028 -0.02565053817166446
2781628 -0.02580375425469955
2782173 -0.06543805601374886
2782760 -0.02188900919998077
2783363 -0.015561080414887463
2783927 -0.06651363152080025
2784499 -0.015578281692349094
2785050 -0.011800383755558697
2785594 -0.05840319474226008
2786215 -0.024784816674799814
2786780 -0.0049981543650665095
2787345 -0.05881445184763612
2788005 -0.014515690427536088
