4914177 -0.18056817157760863
4914551 -0.25278985306708446
4914943 -0.22306089704375376
4915351 -0.18319260645261382
4915721 -0.11560022069169157
4916100 -0.04481189471155034
4916493 -0.11776566078182005
4916882 -0.21106125243718088
4917275 -0.2980392783797601
4917649 -0.3496277667417913
4918020 -0.33017423962791626
4918386 -0.209541085421239
4918755 -0.2075304005043319
4919119 -0.3736659533551192
4919487 -0.3562577816834489
4919864 -0.2249240597837131
4920248 -0.2952774744423574
4920637 -0.34892203026414215
4921020 -0.250538180710837
4921430 -0.2142178228828462
4921844 -0.2863050522128433
4922246 -0.2544208614949748
4922650 -0.2268723114384929
4923044 -0.06822264121310831
4923435 -0.15850361696866855
4923825 -0.39723699155366243
4924203 -0.3497602291357854
4924588 -0.39293426175858465
4924969 -0.3254801402175519
4925351 -0.534272889714599
4925734 -0.3628841121593893
4926118 -0.23333487077738013
4926507 -0.1996763114057023
4926882 -0.23014052299326626
4927268 -0.21176359423626756
4927662 -0.2633305995838964
4928041 -0.3838237836712379
4928419 -0.37843845040139046
4928779 -0.2978527169719954
4929142 -0.4317156656600749
4929537 -0.1522134168480307
4929911 -0.08743007944056369
4930277 -0.20196121599685857
4930640 -0.18048208836560176
4931029 -0.17973871874840808
4931410 -0.24009657306102317
4931788 -0.29717824787992386
4932152 -0.2756538335108816
4932513 -0.3012107246123512
4932865 -0.38933911351386474
4933211 -0.44935451851954067
4933551 -0.3002086425820245
4933887 -0.21873523056517397
4934242 -0.20549886898329484
4934617 -0.20148955884954356
4935022 -0.17905097187848007
4935451 -0.18874736076188992
4935892 -0.5085328493323056
4936307 -0.4006461551836762
4936703 -0.3776843598707602
4937101 -0.328086307521676
4937492 -0.2716529102741938
4937888 -0.19842574969113702
4938281 -0.22146035397144104
4938660 -0.22238015684825435
4939024 -0.36176364265490063
4939387 -0.22024278683646265
4939738 -0.4774326893577432
4940085 -0.3254087988869647
4940425 -0.43365775584887645
4940770 -0.3330104901090316
4941151 -0.325743770127795
4941483 -0.2489190299150576
4941846 -0.17435048795857613
4942213 -0.4064616792920491
4942583 -0.24507360810461076
4942964 -0.140987953158481
4943339 -0.1838893169104625
4943714 -0.3157784253898044
