3301955 -0.2540760596452828
3302310 -0.22825630297149413
3302671 -0.3003965097929292
3303045 -0.2906098742481771
3303408 -0.309048564376038
3303761 -0.2851639322725946
3304128 -0.34407661414502533
3304507 -0.34037611295351544
3304894 -0.30828924284304504
3305268 -0.29845295721034937
3305647 -0.2722021788147916
3306031 -0.29155552404383656
3306420 -0.3242010000005957
3306816 -0.29255343472469764
3307218 -0.2833778483886059
3307607 -0.2776972797715481
3307995 -0.2710474495885643
3308383 -0.2819287316823712
3308774 -0.2941645152362481
3309149 -0.2693963096748955
3309543 -0.290839264089213
3309939 -0.32801062750899057
3310339 -0.3375452657217579
3310710 -0.27402650307732135
3311078 -0.2970771865544253
3311453 -0.2680751148377012
3311821 -0.270237296802343
3312177 -0.28507042154612205
3312526 -0.28663134368510323
3312885 -0.2944086734512439
3313256 -0.36372351179342366
3313627 -0.3087716325958204
3313988 -0.2861142591172333
3314359 -0.28224448926860546
3314740 -0.27492161719676356
3315138 -0.2873427202473804
3315546 -0.2703868792999775
3315938 -0.26439971981235677
3316343 -0.26439344385170116
3316753 -0.3074140116345271
3317172 -0.28151962799175845
3317590 -0.27628323870283555
3317988 -0.27562511010073143
3318397 -0.24727157503744446
3318809 -0.2766851745811343
3319224 -0.2809642060114873
3319614 -0.25611398856887446
3320018 -0.255952989166052
3320422 -0.29946470204503695
3320825 -0.30476387252966497
3321207 -0.32477445518190184
3321593 -0.31597166667477516
3321987 -0.3051775522943775
3322386 -0.26486363779838085
3322768 -0.24536721090043856
3323162 -0.27228392081063535
3323564 -0.24664660876054512
3323977 -0.22486597521787066
3324392 -0.20564334701126974
3324810 -0.2531606671469717
3325205 -0.21101238187860627
3325612 -0.22658903903728655
3326018 -0.23012580219485101
3326423 -0.26472438726537206
3326811 -0.25341079848033976
3327208 -0.21648480882703625
3327605 -0.24205682781470084
3328006 -0.250185469708906
3328411 -0.24585278050832438
3328801 -0.26226685493730595
3329182 -0.2525031767595487
3329570 -0.24343902657128025
3329966 -0.3245989775384961
3330364 -0.18833615602686643
3330759 -0.25163647943590967
3331157 -0.3250685112034347
3331564 -0.3467538407708153
