303989 -0.31838071774224386
304379 -0.10401129539977516
304758 -0.18658379625089183
305142 -0.20518830204169708
305536 -0.29999592087419663
305949 -0.26069702533524836
306335 -0.24232812854345137
306733 -0.3564123903236274
307133 -0.3240517590226947
307522 -0.2286899966403229
307903 -0.21686129557487405
308264 -0.24666337909941544
308649 -0.23916733112555272
309055 -0.19747406399403528
309601 -0.368912898001609
309857 -0.21931989905110622
310242 -0.565340735583805
310616 -0.29434532152613613
310980 -0.5779703007228376
311340 -0.3913830376992364
311692 -0.3416821254955869
312086 -0.23618030756434666
312489 -0.26214868847892087
312903 -0.2789459159580882
313311 -0.2636674801833623
313751 -0.24646286334032425
314215 -0.22518046887450566
314650 -0.2236071594066022
315099 -0.21082034526863852
315568 -0.2201266250781262
316030 -0.23612538381058445
316484 -0.23232102115983977
316962 -0.2161916166502631
317443 -0.2225145191331792
317889 -0.21505121091469082
318371 -0.2124444763287402
318849 -0.2182816983894077
319301 -0.21916175645953273
319785 -0.21401697758647703
320277 -0.22407603000028753
320750 -0.21893039242838003
321222 -0.20283143721162183
321709 -0.20950361235510773
322188 -0.18368814520814386
322673 -0.22452343762109156
323159 -0.22065479959064638
323615 -0.21109330139936766
324069 -0.21614921155949302
324486 -0.21461559033116573
324919 -0.21888731378460574
325373 -0.230297658321375
325820 -0.2233721139978207
326257 -0.22655285370000172
326719 -0.20919660113333238
327197 -0.22588153482408124
327645 -0.2055993177829602
328101 -0.23501974319504965
328582 -0.2274454646908366
329056 -0.21331582128753818
329513 -0.22086169185957932
330000 -0.21309737606693885
330492 -0.21850037943080497
330958 -0.2122991298054624
331446 -0.2071776534966514
331942 -0.21401766429194685
332409 -0.2093278696922083
332898 -0.20043286252686127
333406 -0.20360285743111245
