1593127 -0.2113973744555468
1593544 -0.2251994578897375
1593955 -0.2460927240016606
1594367 -0.2278662418609269
1594764 -0.24287757193231913
1595172 -0.22760449245031444
1595584 -0.23189465264209985
1596004 -0.2484960967792772
1596415 -0.24492911382788196
1596827 -0.23679849468981246
1597250 -0.2391513108898659
1597666 -0.24304052734190063
1598066 -0.2385056410715119
1598469 -0.24848726600431176
1598875 -0.25415017578983506
1599281 -0.25806473728950124
1599670 -0.24235475506757592
1600075 -0.2272028868958212
1600482 -0.25985470255668325
1600896 -0.2613176241176164
1601295 -0.2506838645138345
1601712 -0.23115679226108288
1602132 -0.2484994890355579
1602550 -0.2472345006656717
1602942 -0.2479539919755524
1603338 -0.2233747103524501
1603739 -0.2512265822672092
1604146 -0.24956297605300326
1604544 -0.24179728481084128
1604928 -0.23273033948917599
1605321 -0.26412445770735743
1605727 -0.2430585463801107
1606138 -0.2485506757475925
1606530 -0.25771882590940853
1606932 -0.25479271823698013
1607332 -0.23530873363624644
1607712 -0.2552757712922483
1608091 -0.2576957414641344
1608470 -0.26835447665973594
1608841 -0.2835768536771918
1609230 -0.278167646026684
1609627 -0.3012817429799483
1610039 -0.28932680029605845
1610434 -0.2613150765138679
1610838 -0.258720481061662
1611240 -0.2738513930016292
1611653 -0.274214102311386
1612060 -0.25955780727181954
1612454 -0.23737907384769463
1612864 -0.25122373734787173
1613281 -0.2427517186098288
1613707 -0.25852805963327985
1614110 -0.2437475538165862
1614529 -0.23562106721953885
1614948 -0.24453004084550006
1615368 -0.25651800653714835
1615768 -0.255413458533465
1616180 -0.24924542797989846
1616599 -0.2512770446832059
1617009 -0.23971419495813995
1617413 -0.2176226192782717
1617825 -0.23492805445915943
1618247 -0.24290249678853348
1618655 -0.25507756199752935
1619046 -0.26513350445695066
1619432 -0.2512864607177626
1619830 -0.24425442786245366
1620233 -0.220115786855491
1620645 -0.24835091086241678
1621065 -0.24615218443667253
1621467 -0.23107709253888709
1621883 -0.23351576689073283
1622298 -0.2394149699693714
1622712 -0.2538121256560968
