2612524 -0.21515163468738407
2613081 -0.19006322952280136
2613644 -0.19759754065249857
2614198 -0.2243191776595176
2614756 -0.1906681356703711
2615315 -0.1934616309462826
2615869 -0.20725968277781714
2616409 -0.197925324241447
2616959 -0.1999211342474484
2617506 -0.22194823201147357
2618049 -0.19764978670779543
2618614 -0.1960210321276195
2619172 -0.21013394712176348
2619713 -0.19885700670817696
2620271 -0.19213583078865598
2620834 -0.20714263994320814
2621381 -0.20282213045253333
2621952 -0.1955687638223927
2622529 -0.19597023169583294
2623088 -0.22107534563128012
2623653 -0.18823564016576305
2624229 -0.18868980311858208
2624807 -0.20381809880230178
2625364 -0.20367416689166612
2625941 -0.19335079022500812
2626504 -0.22240730046570362
2627066 -0.1836294660462598
2627629 -0.18394076928746111
2628196 -0.215352419799898
2628745 -0.19616418139715475
2629312 -0.1943336171644548
2629879 -0.19409424252375274
2630447 -0.20910012819003398
2631011 -0.19562167143011633
2631578 -0.19056412368224607
2632154 -0.2069424620861608
2632713 -0.19527552287585664
2633275 -0.19582076882943328
2633843 -0.20958649955385827
2634386 -0.2115804251958462
2634941 -0.18706217662465313
2635502 -0.20010089012606153
2636059 -0.22403136076222735
2636620 -0.1888041066226459
2637184 -0.18689707960975765
2637745 -0.2177415011302225
2638295 -0.190971233456661
2638865 -0.1884922054253111
2639427 -0.19943037359853938
2639979 -0.20410522491742378
2640557 -0.19100935526195723
2641141 -0.19553764418676262
2641718 -0.21941522937255936
