2102684 -0.3767958661195343
2103005 -0.41849657976557864
2103325 -0.5635148715381828
2103650 -0.44473465266186907
2103966 -0.4694593159542134
2104281 -0.3799770623299512
2104597 -0.43306793160511736
2104914 -0.471581558441578
2105229 -0.5135802244986793
2105539 -0.45782533089296495
2105857 -0.4845263822251735
2106171 -0.354255401767811
2106488 -0.437261295529223
2106803 -0.3940251394142381
2107113 -0.3707985684349191
2107425 -0.38214723838653575
2107738 -0.3530855413800291
2108055 -0.3696976709053441
2108372 -0.3217992448714233
2108688 -0.36054208751068917
2109008 -0.34204892650220264
2109333 -0.3157242832500177
2109664 -0.3899882896195275
2109992 -0.32451355071661186
2110320 -0.3720174528244121
2110646 -0.3416269844794978
2110973 -0.3712772019352873
2111293 -0.340540878904433
2111611 -0.3553606208626109
2111932 -0.32379948510186524
2112260 -0.33303042758497836
2112589 -0.3428883818692436
2112917 -0.3571781340993681
2113252 -0.35969340995596455
2113583 -0.3390769306981929
2113903 -0.2830206446663165
2114223 -0.2959290120204914
2114542 -0.47205339257994683
2114855 -0.4839925342604823
2115173 -0.5742398708661747
2115482 -0.49454559709837953
2115787 -0.5138597449916318
2116093 -0.5037862673063498
2116402 -0.5245005568280489
2116709 -0.490085695873132
2117013 -0.4778267483181768
2117319 -0.5659559871879201
2117628 -0.501537533637658
2117945 -0.5621325380408813
2118266 -0.514474341716837
2118589 -0.5069529637965307
2118905 -0.4382566277974398
2119225 -0.4832240316641977
2119543 -0.5161458405818815
2119854 -0.5068612039790497
2120160 -0.5042708983662871
2120464 -0.5132871797541583
2120769 -0.4796456664791905
2121080 -0.4782075889693948
2121398 -0.41391706227006275
2121718 -0.3998886176768177
2122031 -0.2251039070837142
2122338 -0.36756708528374954
2122643 -0.33290684944272086
2122950 -0.41512237592103335
2123248 -0.36274899550088724
2123540 -0.37284214267927235
2123837 -0.3786599768325926
2124138 -0.30027457594989565
2124434 -0.3456073860752116
2124736 -0.48902311465452075
2125037 -0.33116805317908937
2125331 -0.4261726391227452
2125629 -0.18942432861816128
2125933 -1.2328238890777472
2126215 -0.38782093468503753
2126506 -0.37948497438171125
2126793 -0.33100580772953536
2127081 -0.32800005435580304
2127366 -0.31349785441085065
2127651 -0.3009247242025329
2127932 -0.30945242206185536
2128219 -0.26914482942220325
2128508 -0.3012669997014569
2128800 -0.2088079396753157
2129090 -0.43759931121066764
2129374 -0.5619651277307148
2129669 -0.4902700203885326
2129955 -0.3927070081183319
2130241 -0.4150353950616634
2130528 -0.42168397015453485
2130816 -0.4443054141443329
2131104 -0.36982435600103775
2131389 -0.29282338388404144
2131677 -0.44446585977058345
2131969 -0.4310895716374057
2132262 -0.34809091373081963
