304367 0.8858232100941676
305002 0.8630325843476652
305611 0.5629807402497248
306238 0.8755004191582771
306863 0.8560323886644444
307506 0.6431333838573974
308105 0.8099981136884882
308737 0.8226815751940466
309362 0.8087561324251347
309966 0.5834589785370335
310591 0.8542584784606515
311216 0.812121506666504
311839 0.6298974766166979
312429 0.7122300906386407
313053 0.8425201166345855
313668 0.7562240593982581
314268 0.6476693356898232
314901 0.8468179670664147
315545 0.8185924711521175
316159 0.5938312287520875
316769 0.8178053389444031
317384 0.8219035875185461
317977 0.559818112949738
318574 0.876319084749328
319175 0.8367866213886989
319759 0.5865556138507744
320345 0.865641345671687
320951 0.8474769359007672
321552 0.6627970330370314
322134 0.7793366735347167
322750 0.8478540762210826
323370 0.8077172838171973
323966 0.5637704191151096
324584 0.877278020593415
325212 0.8451998015585238
325813 0.5925448088034535
326389 0.7821535810040278
327001 0.8269209592061226
327611 0.5982447724947204
328216 0.8423516591862305
328834 0.8481656386034726
329440 0.6066276830074772
330064 0.8636196504227631
330692 0.8023337545122231
331305 0.547627910766195
331896 0.7826335084907292
332519 0.8069285717274088
333145 0.7685525406445834
333756 0.5554632202732114
