4950721 0.43606645248036974
4951298 0.3574972816804246
4951862 0.41467158690979616
4952432 0.4390387245187318
4953012 0.3895295357416896
4953580 0.38727862462533175
4954167 0.4578220752371763
4954770 0.44498063948265787
4955377 0.34693671615741317
4955960 0.4483151528798578
4956558 0.4461842213221829
4957144 0.3735491909026149
4957717 0.4188799543481321
4958289 0.4193734589921297
4958854 0.32289265925584465
4959413 0.441252951716257
4959986 0.4520339967124287
4960565 0.3330215253566474
4961136 0.46258889293323374
4961730 0.4422886874890475
4962326 0.3364982173179608
4962903 0.4248484445461934
4963489 0.442679794306888
4964063 0.31378469647821605
4964625 0.4377768634881342
4965205 0.44595750462982314
4965793 0.3678952834535285
4966368 0.4223365670681415
4966970 0.454335682685838
4967576 0.37308499915057547
4968168 0.38777947987542966
4968774 0.45028832319127915
4969406 0.43300667814272137
4970012 0.2876392322315733
4970631 0.4448754108826668
4971242 0.43156770886620166
4971851 0.39101693971683377
4972438 0.3789970260801031
4973033 0.427704158917832
4973626 0.42195067653336227
4974208 0.3042996740427883
4974792 0.4520971093578554
4975381 0.4347474593174522
4975975 0.4350141546089288
4976554 0.3020042233114184
4977152 0.4616615513443751
4977742 0.43574441422348886
4978326 0.3107991791834644
4978909 0.47085786631189386
4979487 0.4503469173702855
4980051 0.3116213258170877
