4111200 0.8170806654691097
4111589 0.6397426404523182
4111988 1.0236936060650084
4112382 1.0625811329289259
4112779 0.8391502574720946
4113156 0.7614574511069221
4113545 0.8683988751230134
4113940 0.8545559614056875
4114317 0.744929319153119
4114703 1.0896426983099712
4115089 1.1579307199082682
4115465 0.7421135804874572
4115847 0.9322782535177732
4116231 1.0527183056196816
4116612 0.8215171434340747
4116973 0.8258188664742238
4117345 1.0248145695082127
4117725 1.1214267037016854
4118096 0.7353064979430565
4118466 0.9308998299982407
4118846 1.038158456540848
4119240 0.8759041264658693
4119618 0.6645474024375639
4120000 0.9829135195468184
4120387 1.0341968460212243
4120781 0.8437115237529982
4121152 0.6318590194175523
4121531 0.8624911038613536
4121908 0.8688138564553034
4122290 0.7493397681610255
4122655 0.6675821872204218
4123034 0.8316161126415978
4123419 0.7687000680948128
4123782 0.6361192213604768
4124159 0.9714708568005128
4124535 1.147308183338919
4124915 0.8940046599183169
4125276 0.8525299317221966
4125648 1.065169449643426
4126025 0.9409262978103761
4126381 0.6984959668619999
4126747 0.9602603963043332
4127113 0.8996356795409826
4127488 0.7339761186766405
4127846 0.6585136577143947
4128213 0.7951198131958518
4128577 0.9724531413626456
4128938 0.6416082490101813
4129293 0.8005615502181929
4129661 0.8785122050496602
4130043 0.9087353600827843
4130412 0.6763547831077015
4130780 0.878815313433203
4131153 0.891950639473923
4131544 0.9190853190399719
4131941 0.7096439203606395
4132309 0.7437415905653398
4132685 0.8852199558798908
4133041 0.8839906022442376
4133390 0.9633164706835045
4133757 0.9862440272482482
4134119 0.6643746519213722
4134487 0.9589785107460731
4134866 1.0578354722733374
4135257 0.9791462552068154
4135632 0.6915965124514525
4136012 1.027485033558766
4136394 1.073113554071493
4136775 0.7411776108447076
4137136 0.749204427836675
4137517 0.9012136740945365
4137905 0.8995714334848717
4138278 0.6730016771675567
4138650 0.974666749814052
4139030 0.9719157749205073
4139409 0.6622758262711965
4139779 0.8914188368735653
4140158 0.9654114531614255
4140539 0.8041111019350211
4140901 0.7182573647907731
