3991385 -0.3734939421842884
3991768 -0.3394229073340725
3992151 -0.34279841659997234
3992545 -0.41462302230847553
3992971 -0.3553451205135631
3993362 -0.2807224671525424
3993792 -0.2942872247746571
3994196 -0.18148542621443797
3994587 -0.15772650850972425
3994982 -0.21174375218068925
3995389 -0.1881005046624103
3995793 -0.18956606309057317
3996173 -0.3421840863912401
3996560 -0.2807152363278883
3996956 -0.27119522508344673
3997346 -0.2847958717027501
3997745 -0.19292012920217794
3998133 -0.13963645187977847
3998516 -0.15678415334929807
3998924 -0.2251835393129899
3999317 -0.277505957269461
3999716 -0.26635020261329045
4000095 -0.2863630142758952
4000489 -0.2453303746710218
4000881 -0.2340472680229665
4001257 -0.24318201545577534
4001638 -0.3688480170973816
4002041 -0.28980101929833935
4002429 -0.3499645581686288
4002823 -0.248289241806109
4003249 -0.23278401782621422
4003674 -0.24236382190479372
4004075 -0.2359944242615054
4004516 -0.20288513790504398
4004936 -0.3861937270233865
4005361 -0.3130093982704658
4005816 -0.31821173829131766
4006247 -0.3230732538922873
4006690 -0.2609888286621251
4007120 -0.2402828026428275
4007563 -0.32772529887705654
4007994 -0.2827764153410342
4008407 -0.25218330678239004
4008820 -0.2688748295400989
4009247 -0.25293651711289705
4009652 -0.30307063575956183
4010064 -0.2563994483143262
4010498 -0.29640905843066684
4010896 -0.2917974131503555
4011305 -0.2739414556893112
4011739 -0.27068392054703266
4012140 -0.2894935364128173
4012552 -0.28333823483251097
4012988 -0.28058732303915457
4013388 -0.3024409661497588
4013807 -0.29628981058980597
4014226 -0.2709952882891704
4014626 -0.30264518379249983
4015030 -0.2609435362394501
4015433 -0.2954271062143678
4015846 -0.2763299817063386
4016285 -0.2766495672226702
4016700 -0.3206122683244096
4017120 -0.2822756041249208
4017565 -0.2805567354186903
4017986 -0.2931398901302162
4018379 -0.2691303099999112
4018761 -0.2826978484450553
4019138 -0.3327844123609191
4019512 -0.33740909006517494
4019883 -0.34937107831909575
4020246 -0.3021545111717687
4020603 -0.30734803952529616
4020958 -0.35170365609094517
