4440894 -0.2167558421657303
4441446 -0.21805580206239206
4441981 -0.2400020034491181
4442481 -0.2523232930079082
4443012 -0.21661548634566674
4443565 -0.20773129175432548
4444139 -0.2329429462367576
4444674 -0.23415433093705273
4445250 -0.20827880112939845
4445840 -0.19428640993058316
4446421 -0.24227256815328285
4446971 -0.21960526872424513
4447549 -0.21674563405719693
4448131 -0.20778150874646767
4448696 -0.24427529774667472
4449234 -0.22939123131702965
4449800 -0.21541089344909098
4450385 -0.22399110063807282
4450964 -0.24308099854322984
4451502 -0.25826452899586333
4452067 -0.21007877575192735
4452645 -0.22247570215036105
4453225 -0.23438763357280046
4453769 -0.2588621519079616
4454341 -0.19023180868849954
4454906 -0.1984904385294251
4455455 -0.24386754361396817
4456004 -0.20825941533715225
4456571 -0.2051093255993563
4457158 -0.19617761288873825
4457756 -0.22187953173901337
4458324 -0.2099712332030897
4458883 -0.204797880374831
4459430 -0.24257432723598593
4459953 -0.22468751339841764
4460494 -0.19789617899697476
4461062 -0.22589407387800453
4461613 -0.2153370379266471
4462165 -0.18051887664146765
4462667 -0.2775560111392247
4463150 -0.2198131489597971
4463626 -0.22037248479807925
4464095 -0.24190738096841008
4464561 -0.24767862567587745
4465050 -0.2736129778232239
4465551 -0.24120591891950532
4466070 -0.23438731260802548
4466599 -0.2628636922001594
4467142 -0.24771237995675632
4467635 -0.23806146664362982
4468112 -0.24860419664826983
4468606 -0.2520473649223297
4469137 -0.22872845198146186
4469681 -0.24642335233714768
4470254 -0.23595648745050934
4470855 -0.23159871051061354
