70.52
70.97
70.96
70.92
70.82
70.27
69.94
70.45
70.81
70.73
71.01
71.26
70.72
70.12
70.03
70.28
70.71
71.19
71.45
71.22
70.47
69.79
70.11
70.82
70.98
70.47
69.73
69.54
69.93
70.53
71.04
71.10
70.44
69.78
70.19
70.81
70.78
70.88
71.34
71.59
71.39
70.90
70.79
71.26
71.88
72.30
72.33
72.29
72.31
72.14
71.73
71.29
71.41
72.11
72.53
72.45
72.07
71.57
71.26
71.46
71.96
72.29
72.19
71.63
70.90
70.41
70.53
71.19
71.96
72.10
71.61
71.03
70.70
70.87
71.56
72.11
71.63
70.70
70.08
69.85
69.91
70.02
70.10
70.13
70.02
69.73
69.29
69.12
69.59
70.22
70.48
70.23
69.81
69.78
69.94
70.02
70.57
71.37
71.05
70.09
69.72
69.82
70.18
70.84
71.41
71.18
70.44
69.78
69.58
69.84
70.25
70.60
70.77
70.71
70.50
70.30
70.25
70.45
70.87
71.32
71.41
71.01
70.32
69.91
70.14
70.67
71.06
70.99
70.55
70.02
69.69
69.70
69.96
70.39
70.83
70.88
70.44
70.19
70.37
70.68
70.95
71.12
71.40
71.62
71.28
70.73
70.59
70.93
71.48
71.63
71.43
71.25
70.99
70.66
70.60
70.89
71.32
71.38
70.93
70.66
70.74
70.87
71.16
71.62
71.78
71.50
71.15
71.11
71.53
71.89
72.05
72.41
72.64
72.29
71.65
71.14
71.13
71.46
71.79
72.01
71.90
71.16
70.39
70.26
70.55
70.95
71.34
71.43
70.98
70.47
70.36
70.62
71.05
71.35
71.43
71.26
70.83
70.44
70.58
70.97
71.18
71.33
71.33
70.86
70.41
70.50
70.56
70.40
70.67
71.08
70.90
70.49
70.27
70.30
70.54
70.93
71.32
71.50
71.23
70.79
70.90
71.51
72.22
72.51
72.34
72.20
72.10
71.95
72.03
72.49
73.21
73.52
73.04
72.77
72.83
72.52
72.56
73.41
73.78
73.54
73.63
73.67
73.30
72.99
72.81
72.63
72.72
72.99
72.75
72.06
71.38
70.97
70.90
71.03
71.27
71.48
71.30
70.75
70.39
70.26
70.14
70.10
70.19
70.34
70.42
70.34
70.04
69.68
69.68
70.11
70.52
70.75
70.86
70.65
70.20
70.12
70.39
70.52
70.38
70.13
70.17
70.51
70.75
70.75
70.55
70.37
70.37
70.58
70.75
70.63
70.63
70.96
71.15
70.97
70.51
70.25
70.46
70.63
70.70
71.11
71.43
71.08
70.57
70.21
69.81
69.76
70.48
70.95
70.53
69.94
69.62
69.63
69.79
69.97
70.20
70.40
70.38
70.09
69.65
69.43
69.75
70.68
70.41
67.57
71.29
92.56
119.38
95.81
69.62
70.96
71.07
65.44
64.45
66.62
68.66
69.55
69.31
69.01
69.20
69.80
70.08
69.50
69.02
69.16
69.52
69.90
70.24
70.19
69.66
69.38
69.65
70.22
70.59
70.34
70.01
69.94
69.89
69.92
70.22
70.68
71.11
71.35
71.42
71.45
71.42
71.24
70.94
70.85
71.47
72.14
71.99
71.68
71.61
71.53
71.42
71.44
71.78
72.25
72.09
71.39
70.70
70.35
70.46
70.91
71.26
71.04
70.67
70.42
69.92
69.33
69.18
69.52
70.14
70.51
70.27
69.51
68.97
69.41
70.33
71.01
70.95
70.34
69.85
69.57
69.54
70.09
71.04
71.52
71.42
71.15
71.15
71.57
72.16
72.80
73.48
74.07
74.42
74.37
74.49
75.45
76.83
78.05
78.57
78.41
78.11
78.64
80.12
81.78
82.06
81.60
81.00
79.71
79.63
81.14
81.78
81.69
81.34
80.53
80.18
80.23
79.55
78.98
78.95
78.94
78.97
78.96
78.76
78.85
79.31
79.53
79.63
79.93
80.45
80.62
80.42
80.79
81.13
81.07
81.37
81.50
81.30
81.46
81.44
81.09
80.95
80.68
80.21
79.87
79.72
79.35
78.44
78.07
78.13
77.59
77.30
77.51
77.28
76.75
76.37
76.33
76.31
76.13
76.34
76.74
76.77
76.71
76.89
77.50
78.11
78.34
78.17
78.19
78.64
78.92
78.94
78.94
79.02
79.20
79.25
78.71
78.06
77.93
77.86
77.71
77.53
76.90
76.15
76.03
76.23
76.34
76.15
75.56
74.78
74.55
74.84
75.26
75.38
75.21
75.11
75.26
75.74
76.49
77.17
77.52
78.11
78.95
79.50
79.51
79.36
79.72
80.20
80.43
80.42
80.49
80.64
80.63
80.73
80.86
80.55
79.72
78.93
78.87
78.98
78.75
78.01
77.12
76.55
76.62
76.71
76.53
76.72
77.24
77.58
77.09
76.51
76.85
77.38
77.52
77.23
77.15
77.17
76.42
75.88
76.09
76.10
75.94
76.03
76.33
76.53
76.33
76.00
75.78
75.71
75.80
75.94
75.88
75.50
74.87
74.46
74.27
73.98
73.94
74.23
74.11
73.68
73.38
72.93
72.37
72.12
72.12
72.20
72.41
72.75
73.05
72.92
72.30
72.15
72.45
72.38
72.59
73.54
74.03
73.74
73.29
72.87
72.71
73.29
74.08
74.10
73.76
73.43
73.08
73.02
73.45
73.88
73.92
73.51
72.83
72.16
71.71
71.30
70.72
70.68
71.39
71.50
70.59
69.43
68.98
69.62
70.30
70.25
69.53
68.81
68.71
68.55
68.12
68.61
69.87
70.21
69.75
69.40
69.26
69.25
69.38
69.81
70.78
71.68
71.92
71.98
71.87
71.14
70.57
70.98
71.72
72.42
73.30
73.91
73.74
73.42
73.47
73.97
74.53
74.78
74.80
74.46
73.57
72.75
72.35
72.18
72.11
72.16
72.43
72.78
72.67
72.05
71.24
70.82
70.78
70.56
70.43
70.84
71.11
70.80
70.18
69.77
70.02
70.53
70.91
71.30
71.59
71.44
71.02
70.67
70.60
70.74
70.74
70.77
70.98
70.74
70.06
69.95
70.41
70.84
70.88
70.55
70.36
70.54
70.96
71.29
71.30
71.24
71.14
70.77
70.39
70.37
70.84
71.59
72.03
71.93
71.41
70.97
70.81
70.60
70.58
71.19
71.97
72.41
72.44
72.45
72.90
73.19
73.11
73.55
74.27
74.53
74.75
75.25
75.90
76.41
76.48
75.89
75.16
74.96
75.06
75.18
75.19
74.87
74.35
74.33
74.85
75.42
75.53
75.36
75.74
75.89
75.42
75.69
76.38
76.42
76.27
76.15
75.92
75.67
75.56
75.69
75.73
75.29
74.41
73.52
73.15
73.25
73.50
73.48
73.11
72.55
72.13
72.08
72.40
72.65
72.45
72.14
71.71
70.86
70.20
70.32
70.86
71.36
71.41
71.06
70.60
70.39
70.51
70.75
70.92
70.94
70.92
70.93
70.88
70.77
70.66
70.83
71.36
71.77
71.93
72.01
71.90
71.56
71.39
71.55
71.88
72.14
72.17
72.05
71.95
71.97
71.92
71.67
71.64
72.13
73.15
73.95
74.02
74.33
75.12
75.69
76.05
76.41
76.99
78.17
80.00
81.44
82.29
82.95
83.32
83.67
84.18
84.41
84.08
83.78
84.50
84.57
83.44
82.15
81.06
80.65
80.90
80.33
79.44
78.97
77.79
76.29
75.55
75.96
76.53
75.85
74.61
73.62
73.19
72.90
72.37
71.76
71.58
72.27
72.89
72.58
71.77
71.11
71.13
71.54
71.95
72.31
72.47
72.17
71.33
70.39
70.51
71.48
72.08
72.08
71.62
70.76
70.10
70.53
71.34
71.62
71.53
71.10
70.10
69.25
69.28
69.82
70.33
70.38
69.97
69.46
69.30
69.74
70.44
71.12
71.63
71.96
72.19
72.36
72.78
73.92
74.85
74.67
74.87
75.39
74.72
74.28
74.88
74.85
73.99
72.93
71.68
70.57
70.15
70.28
70.43
69.96
68.68
67.07
65.97
66.07
66.73
67.20
67.50
67.65
67.33
66.77
66.58
66.93
67.71
68.42
68.56
68.07
67.30
67.00
67.33
68.04
68.69
68.84
68.48
67.88
67.67
67.84
68.01
68.36
69.13
69.71
69.64
69.11
68.66
68.94
69.67
70.22
70.13
69.65
69.84
70.40
70.33
70.06
70.06
70.09
69.97
69.78
69.98
70.81
71.36
71.19
70.94
70.92
71.17
71.55
71.96
72.38
72.80
73.16
73.07
72.58
72.44
72.83
73.48
74.09
74.42
74.38
74.25
74.41
74.97
75.55
75.47
75.43
75.74
75.49
74.68
73.74
72.94
72.33
71.96
72.00
72.24
71.58
70.34
69.68
69.38
69.12
69.28
69.91
70.60
70.92
70.63
70.07
69.81
70.46
71.53
71.95
71.93
71.85
71.61
71.42
71.67
71.99
72.07
72.24
72.60
72.91
72.69
71.95
71.81
72.11
71.87
71.57
71.68
71.85
71.79
71.45
70.98
70.68
71.07
71.86
72.11
71.89
71.50
70.98
70.48
70.27
70.26
70.38
70.83
71.38
71.24
70.74
70.57
70.26
69.72
69.64
70.05
70.51
71.04
71.57
71.38
70.67
70.43
70.41
70.23
70.42
71.08
71.59
71.77
71.68
71.20
70.55
70.36
70.42
70.22
70.10
70.32
70.48
70.44
70.29
70.05
69.79
69.86
70.39
71.18
71.96
72.48
72.68
73.14
75.02
77.00
77.32
78.83
81.47
81.94
81.69
82.22
83.28
83.52
82.75
81.81
80.93
80.00
79.20
79.49
80.05
79.86
79.76
79.77
79.49
79.04
78.40
77.69
77.38
77.30
76.89
75.96
75.01
74.75
74.86
74.74
73.93
73.07
72.75
72.43
72.12
72.34
72.69
72.77
72.93
73.16
73.20
73.48
74.11
74.27
73.88
73.36
72.71
71.95
71.28
71.11
71.70
72.30
72.47
72.40
72.08
71.52
71.17
71.40
72.37
73.38
73.55
73.15
72.70
72.62
73.09
74.00
74.74
74.85
74.31
73.81
73.91
74.48
75.01
74.90
74.38
73.80
73.43
73.63
74.37
74.72
74.63
74.79
75.10
75.33
75.48
75.32
74.63
73.79
73.03
72.43
72.01
71.71
71.39
71.10
70.89
70.41
69.64
69.43
69.85
70.32
70.61
70.59
70.23
69.71
69.50
69.77
70.46
71.03
