75.26
75.02
74.77
74.48
74.53
74.80
74.87
75.15
75.69
75.71
76.09
77.85
79.65
79.97
78.50
77.75
77.92
77.32
76.74
76.71
76.84
76.55
75.75
75.16
75.28
75.98
76.03
75.37
74.91
74.82
74.97
75.06
74.96
74.63
74.12
73.71
73.69
73.68
73.44
73.08
72.79
72.84
73.67
74.61
73.93
72.84
72.79
73.35
74.03
74.48
74.30
73.56
73.10
73.39
74.26
74.22
73.16
72.70
72.85
73.00
72.90
72.80
73.18
73.57
73.54
73.60
73.71
73.61
74.26
75.48
74.94
74.07
75.01
75.80
75.60
75.45
76.08
77.30
77.65
77.22
76.82
76.65
76.51
76.24
76.71
77.33
76.48
75.48
75.21
75.07
75.01
75.21
75.70
75.95
75.44
75.17
75.23
74.69
74.84
76.33
76.76
76.11
75.92
75.98
76.12
76.43
76.48
76.07
75.57
75.10
74.80
75.03
75.56
75.72
75.37
74.74
74.33
74.56
75.35
75.57
75.19
74.94
74.70
74.58
75.14
75.87
76.04
75.67
75.18
75.13
75.70
76.47
76.49
75.99
75.60
75.66
75.74
75.47
76.02
76.91
76.38
75.49
75.32
75.83
76.42
76.47
75.98
75.56
75.85
76.39
76.56
76.01
75.44
75.47
76.01
76.60
76.70
76.10
75.37
75.31
75.86
76.48
76.44
76.04
75.69
75.29
75.45
76.56
76.87
76.17
75.82
75.71
75.71
76.15
76.58
76.47
76.06
75.75
75.79
76.16
76.68
77.11
77.00
76.55
76.83
77.41
77.64
77.99
78.62
79.32
79.89
80.49
81.28
81.69
82.04
82.80
82.53
81.92
82.02
81.39
80.42
79.74
78.78
77.96
77.74
77.64
77.17
76.24
75.59
75.37
75.35
75.41
75.39
75.12
74.68
74.41
74.73
74.99
74.45
74.35
74.93
75.14
74.93
74.67
74.66
74.82
74.88
74.70
74.46
74.47
74.37
73.97
73.95
74.07
73.64
73.27
73.31
73.44
73.54
73.60
73.37
73.02
73.06
73.44
73.81
73.87
73.71
73.76
73.96
74.18
74.41
74.43
74.09
73.79
73.71
73.73
73.97
74.30
73.90
73.18
73.25
73.65
73.86
73.92
73.89
73.78
73.66
73.67
74.00
74.28
74.10
73.52
73.16
73.73
74.41
74.60
74.74
74.81
74.58
74.36
74.41
74.74
74.73
74.10
73.67
73.91
74.78
75.27
75.17
75.53
76.02
76.04
75.71
75.36
75.32
75.43
75.26
74.42
73.82
74.00
74.07
73.69
73.08
72.75
72.91
73.29
73.54
73.44
73.30
73.33
73.51
73.76
73.93
73.72
73.52
73.96
74.28
74.00
73.74
73.93
74.61
75.25
75.41
74.97
74.57
74.60
74.64
74.84
75.48
75.82
75.61
75.37
75.10
74.93
75.42
75.96
75.63
75.24
75.34
75.85
76.19
75.92
75.18
74.83
75.46
75.93
75.77
75.29
74.86
74.77
75.15
75.64
75.72
75.15
74.63
75.00
75.10
74.64
75.00
75.65
75.77
75.76
75.56
74.92
74.55
74.75
75.02
74.63
73.58
73.40
73.89
73.81
73.37
73.03
73.03
73.39
73.86
73.70
73.06
73.05
73.66
74.32
74.36
73.92
73.74
74.03
74.54
74.59
74.23
73.90
74.02
74.54
74.99
75.22
75.24
75.05
75.01
75.42
75.52
75.07
74.71
74.64
74.87
75.23
75.37
75.03
74.71
74.77
75.14
75.40
75.27
75.06
75.00
75.13
75.19
75.04
74.73
74.34
74.16
74.71
75.18
74.49
73.99
74.35
74.80
75.31
75.78
75.38
74.62
74.70
75.22
75.56
75.35
74.91
74.67
74.61
74.63
74.55
74.34
74.10
74.12
74.55
75.14
74.92
74.10
73.69
73.79
74.16
74.40
74.21
73.65
73.65
74.20
74.34
74.25
74.27
74.18
74.07
74.17
74.29
74.17
73.60
73.15
73.34
73.70
73.74
73.24
72.72
72.68
73.14
73.53
73.17
72.72
72.75
72.98
73.17
73.15
72.84
72.49
72.60
73.03
73.34
73.24
72.87
72.75
73.08
73.70
73.91
73.58
73.20
73.24
73.73
74.00
73.71
73.07
73.21
74.24
74.53
74.46
75.04
75.61
75.76
75.65
75.56
75.57
75.49
75.36
75.27
75.04
74.99
75.54
75.67
74.97
74.47
74.21
73.99
74.41
74.99
74.61
73.83
73.38
73.50
73.92
74.16
73.85
73.24
73.12
73.42
73.72
73.51
73.02
72.91
73.03
73.14
73.22
73.17
72.94
72.80
72.92
73.19
73.35
73.18
72.83
72.62
72.94
73.39
73.44
73.23
73.01
72.97
73.28
73.65
72.93
71.64
71.30
71.78
72.62
73.51
74.06
74.05
74.20
74.84
75.22
75.41
75.77
76.09
76.15
75.93
75.69
75.58
75.47
75.07
74.35
73.78
73.53
73.53
73.88
74.28
73.86
73.34
73.71
74.34
74.49
73.93
73.80
74.62
74.67
74.07
74.05
73.97
73.57
73.61
73.69
73.24
72.84
72.80
72.94
72.98
72.76
72.50
72.30
72.18
72.39
72.89
72.90
72.48
72.27
72.33
72.54
72.80
72.99
73.08
73.26
73.51
73.41
73.16
73.27
73.82
74.40
74.21
73.61
73.31
73.56
74.20
74.76
74.70
74.06
73.71
73.92
74.44
74.64
74.33
73.88
73.43
73.14
73.41
73.72
73.20
72.75
72.92
73.07
73.18
73.42
73.12
72.39
72.36
72.86
73.28
73.79
74.11
73.51
72.97
73.39
74.05
74.27
73.84
73.48
73.54
73.38
73.37
74.06
74.55
74.34
73.91
73.71
73.93
74.22
74.27
73.98
73.95
74.36
74.47
74.67
75.50
75.67
75.05
74.92
75.35
75.88
75.88
75.53
75.30
75.05
75.15
76.20
77.12
77.29
77.58
78.00
78.25
78.56
79.03
79.60
80.02
80.23
80.36
80.60
80.61
80.02
79.42
78.85
78.23
78.16
78.08
77.16
76.33
75.76
75.04
74.85
75.05
74.38
73.63
73.67
73.62
73.36
73.35
73.30
72.96
72.54
72.47
72.96
73.14
72.73
72.59
72.84
73.19
73.42
73.51
73.64
73.71
73.73
74.28
74.98
74.81
74.68
75.22
75.59
75.79
76.17
76.45
76.53
76.62
76.82
77.08
77.24
77.36
77.51
77.49
77.56
77.96
78.31
78.31
78.00
77.99
78.33
78.52
78.50
78.34
78.16
78.15
78.31
78.49
78.52
78.36
78.18
78.14
78.29
78.41
78.25
77.82
77.67
77.99
78.56
78.88
78.95
79.17
79.74
80.46
80.92
81.31
81.78
82.36
83.20
84.19
84.91
84.90
84.75
84.78
84.14
83.63
83.30
82.38
81.38
80.51
79.74
79.42
79.06
78.19
77.65
77.26
76.53
76.37
76.72
76.68
76.43
76.18
75.91
75.73
75.84
76.27
76.52
76.14
75.84
75.76
75.54
75.72
76.28
76.18
75.66
75.38
75.49
75.76
75.82
75.66
75.41
75.22
75.21
75.35
75.37
75.16
74.86
74.89
75.02
74.50
73.99
74.02
74.16
74.26
74.44
74.82
75.17
75.02
74.80
74.95
74.98
74.81
74.73
74.94
75.20
74.86
74.36
74.25
74.28
74.26
74.03
73.45
72.75
72.55
72.65
72.58
72.33
72.01
71.77
71.79
72.12
72.35
72.31
72.23
72.31
72.56
72.61
72.35
72.06
72.18
72.85
73.33
73.22
72.83
72.92
73.78
74.17
73.91
73.73
73.72
73.83
74.05
74.27
74.32
74.17
74.06
74.33
74.39
73.78
73.29
73.51
74.70
76.30
77.55
77.83
77.41
77.06
77.56
78.14
77.65
76.96
76.52
76.22
76.13
76.15
75.94
75.34
74.49
73.80
73.52
73.64
73.70
73.42
72.89
72.38
72.13
72.18
72.29
72.09
71.67
71.26
70.93
70.89
71.33
71.59
71.17
70.78
70.74
70.85
70.92
70.85
70.68
70.48
70.30
70.26
70.43
70.65
70.76
70.70
70.73
71.19
71.41
71.02
71.04
71.67
72.21
72.50
72.54
72.31
71.98
71.89
72.21
72.79
73.05
72.85
72.57
72.47
72.67
73.03
73.18
72.81
72.70
73.21
73.37
72.99
72.52
72.21
72.21
72.62
73.19
73.45
73.16
72.56
72.42
72.67
72.97
73.37
73.58
72.95
72.20
72.14
72.51
72.68
72.04
71.33
71.28
71.67
72.09
72.07
71.93
72.03
72.19
72.28
72.34
72.51
72.77
72.75
72.63
72.96
73.15
72.70
72.18
72.10
72.65
73.33
73.76
74.10
74.07
73.42
73.23
73.89
74.48
74.37
73.53
72.97
72.98
73.12
73.16
72.98
72.50
72.12
72.32
72.43
71.98
71.48
71.26
71.39
71.68
71.90
71.94
71.79
71.53
71.44
71.65
71.92
72.10
72.16
72.09
72.04
72.37
72.95
73.24
73.08
72.70
72.76
73.33
74.01
74.26
73.99
73.74
73.94
74.58
74.83
74.64
74.74
74.78
74.49
74.52
74.83
74.95
74.56
73.95
73.89
74.11
74.14
73.91
73.71
73.89
74.14
74.14
73.81
73.52
73.61
73.75
73.59
73.04
72.59
72.66
73.07
73.50
73.67
73.40
72.89
72.92
73.35
73.54
73.49
73.37
73.34
73.57
73.99
73.96
73.56
73.63
73.95
74.07
74.04
73.90
73.73
73.76
74.02
74.12
73.85
73.31
73.22
73.64
73.92
73.85
73.51
73.15
72.99
73.21
73.69
74.08
73.83
73.53
74.00
74.27
73.96
73.74
73.71
73.79
74.09
74.27
73.76
73.25
73.18
73.11
73.18
73.70
73.85
73.55
73.76
74.09
73.86
73.63
73.69
73.93
74.10
74.08
74.11
74.26
74.45
74.34
74.07
74.33
74.64
74.50
74.50
74.80
74.99
74.57
73.91
74.33
75.04
74.81
74.54
74.46
74.04
73.62
73.52
73.56
73.33
72.62
72.21
72.29
72.12
71.74
71.49
71.42
71.53
71.86
72.12
72.02
71.95
72.08
72.15
72.11
72.06
72.20
72.44
72.36
72.10
72.08
72.56
73.15
72.79
72.27
72.60
72.85
72.79
73.18
73.54
73.28
73.20
73.50
