93
92
94
94
94
93
92
92
94
93
93
91
93
94
92
93
92
91
93
93
93
84
83
86
85
85
84
84
85
85
85
84
84
85
84
84
84
82
82
85
84
83
83
83
82
83
83
83
82
90
90
92
90
91
89
90
91
90
90
89
90
91
88
91
89
90
90
89
88
90
89
89
90
87
88
90
90
82
82
79
85
85
84
84
84
85
84
85
84
85
86
86
92
89
90
90
90
82
85
85
84
85
83
85
86
85
83
84
84
85
84
84
85
84
82
84
85
84
83
85
85
84
84
83
83
82
83
83
83
83
83
84
84
84
84
83
83
85
81
81
83
84
80
88
82
82
84
85
79
83
84
84
84
84
83
83
82
84
84
83
83
82
85
84
84
84
84
84
82
83
84
85
83
84
84
84
84
84
84
81
84
78
84
83
83
85
84
83
85
85
85
85
86
86
85
84
84
83
84
83
83
82
84
83
85
83
84
85
84
85
84
85
85
85
85
85
85
85
85
85
86
85
86
78
84
86
81
83
83
84
83
85
81
84
84
84
83
83
84
83
82
83
82
83
82
84
82
83
83
83
84
83
83
83
83
84
83
82
84
84
83
82
83
83
83
83
83
83
81
82
84
84
85
84
84
84
86
85
86
86
86
84
85
84
86
85
78
80
83
83
85
84
84
84
84
84
84
84
84
84
83
84
84
83
86
83
77
82
82
84
83
83
84
84
84
83
84
83
83
83
84
84
84
83
84
77
80
81
80
80
80
79
81
81
81
81
80
80
84
83
84
81
83
83
84
83
82
81
82
82
82
82
81
82
82
82
81
81
82
82
82
82
82
83
82
82
83
83
81
83
83
77
85
81
83
83
84
85
81
81
80
81
82
82
80
80
82
81
82
78
80
81
86
86
91
84
83
83
84
83
83
85
84
84
85
81
83
83
84
83
82
84
83
84
83
83
83
83
82
80
85
84
84
85
84
85
85
85
84
85
85
83
84
84
80
84
84
81
83
82
82
83
84
83
84
82
84
83
82
82
82
83
82
81
82
83
82
82
82
82
83
82
83
82
82
83
83
83
82
83
83
83
82
83
79
87
86
85
83
83
81
82
83
83
83
82
82
83
78
86
84
86
83
81
84
82
82
82
84
83
83
83
83
84
82
84
84
84
82
83
81
83
83
84
83
83
84
83
83
83
84
84
83
83
84
84
84
76
82
82
83
84
76
82
84
84
87
83
83
82
82
84
83
84
86
85
85
86
86
77
81
80
83
78
79
81
81
80
81
79
82
79
80
80
81
81
80
80
81
80
81
81
81
72
81
89
83
81
81
82
81
82
82
82
82
83
81
82
82
81
81
81
82
82
82
82
80
82
82
82
79
81
81
79
88
89
88
90
90
86
81
84
85
