28.66313677
115.26516644
92.37217515
36.93428734
73.69509667
34.18962925
29.92345055
48.15705598
25.09990380
45.53369609
70.31555341
60.82869066
46.23734383
29.95003534
47.76476162
48.98311610
46.56361152
43.57459264
65.36127534
33.57452147
24.41885784
26.67673215
54.59096384
34.35978237
33.39116526
50.45218994
33.69816804
54.11052334
96.99673907
29.71179949
32.08306236
29.76386260
27.54155011
27.31481224
32.66150132
31.71115944
36.23877096
31.15925879
28.08766918
27.42434456
31.27238821
28.16603351
55.40804974
35.31991748
44.35150777
41.62599205
47.60440244
37.97352394
39.59629813
34.43957692
38.73661235
70.73987611
64.17414324
64.10146074
46.93836267
39.45206656
93.83813487
81.56213719
100.18672816
71.31159220
62.83099725
37.00584465
34.83563207
36.72979667
39.53027869
41.66027367
34.15580076
36.60031106
30.42305247
42.20693567
34.76030930
30.39031717
33.52381787
131.02615415
65.58988773
65.20915150
56.34981281
37.48026964
62.84987620
33.92790780
57.00710208
65.33305567
48.61298440
146.89664540
59.54101659
38.16463731
37.70725043
33.07565008
30.40250204
23.67635102
32.81436844
27.77453071
31.73547751
35.60973539
35.95644338
31.08556144
30.47172380
24.38425139
36.18343628
28.84051227
28.76838796
27.38901758
24.93079178
39.05230903
30.38580579
23.50575908
33.60594407
26.41962225
145.60372055
104.56007170
110.19576043
37.78510667
101.46777366
32.78630769
42.88954411
35.18158727
28.65450770
30.25180321
33.62205091
24.58895259
36.53536424
26.25851165
35.25232377
28.69805572
46.36431180
37.07476853
28.11312208
28.05077813
37.69377941
40.36129363
38.24371953
50.30291379
31.82819542
39.61987412
47.45021227
65.51620439
67.46926738
92.64217302
35.63293990
57.04334422
102.10127765
83.47796867
60.41041287
73.91929710
50.54364380
78.79096051
50.72274857
60.13803927
35.70507024
43.14360753
51.30963739
53.81398372
55.80551463
42.52076502
59.55635986
44.96750399
61.35818337
48.06337473
83.91607413
89.78942569
42.28613199
48.59034732
36.29145723
53.66925340
73.78688096
80.23192827
160.61371816
62.07548688
39.85909682
36.70990716
44.59640688
41.67618580
35.37556681
46.11604912
30.44849932
31.24764322
26.15940945
37.36895714
48.99194578
32.70932379
30.53696404
31.85956189
30.34063585
40.60193526
136.92933168
115.15947341
72.82976495
31.26046271
60.39392449
34.70283409
33.29569892
29.13012018
29.79908992
31.73596489
29.07903431
27.95816434
23.16612349
39.69032853
36.19261424
29.97984371
26.83063775
27.45930676
38.57205276
29.13696995
32.90840345
32.40193557
28.07860901
33.00663372
31.61311521
34.49799263
26.70959316
31.21473158
31.04174990
25.02815024
29.29991821
32.83671579
30.99749465
30.01545161
27.53214891
34.70100522
180.64449998
58.94541952
40.74758460
75.37813515
253.79329328
160.27585788
95.27202634
48.77181549
59.84118057
57.36578109
91.21173306
46.43221530
63.87168164
170.83135013
80.40032071
76.95661757
54.64041487
60.23225585
83.35181948
30.50876003
101.21680134
32.92296459
98.14659356
45.68204885
57.83926431
42.16408364
35.69719467
48.27643771
53.12962755
65.01367044
68.17730968
49.38055821
58.84610357
63.15820757
84.75679544
41.33198112
30.74928651
28.79580826
78.01244603
77.16558543
55.63838595
53.01533218
36.06219030
73.13383151
135.10640510
47.99138119
48.29987379
33.44601453
117.89283007
27.18363588
36.29467193
49.13751659
46.92738147
31.45032026
35.77123718
50.86132824
30.61203911
34.19200578
47.05272770
54.91065521
46.43215048
30.64903745
34.45105275
40.07935249
54.19272972
27.85438395
47.72560459
26.75524871
32.35076850
122.21507409
43.21739422
34.70120075
43.93882038
66.50577924
81.50269249
50.08412744
57.94705238
57.92922098
41.98946739
38.60373138
56.03301006
39.46703497
288.28381149
49.23039079
60.90399245
61.08503372
47.58942978
46.04710715
34.76759202
53.92780827
59.13405732
42.96845772
154.47913739
56.00327042
245.41164931
59.55255693
51.83805729
99.79778129
43.95410313
47.69684165
29.33480207
65.10660332
45.03896420
44.28847903
120.69981646
203.15936599
51.01204204
24.16176452
40.64241384
34.48675684
46.98122260
76.34371316
25.47937545
21.90314861
32.69925656
36.38430010
76.42172578
29.27624685
72.22807199
54.53662515
48.14681252
212.52963944
156.30710657
217.35897370
159.59200746
23.73618880
39.67686197
203.48297956
46.43897117
56.79877759
53.18687695
59.92349729
71.93310502
44.39858528
38.81120516
26.01250397
233.11862186
87.69544616
64.96930592
56.46637048
49.05599584
21.64244800
33.96332747
79.16056885
91.44264140
88.44082139
107.36982896
39.25806216
73.81056107
49.90965679
41.60362349
69.13181564
109.94053963
23.68799472
32.53725952
89.43876123
88.72617442
34.36386687
54.13122943
34.46345299
33.12184060
37.23686079
35.76937860
45.63015417
31.72858027
39.44635986
27.82148525
32.45119963
48.33136312
39.65874842
41.96234439
38.20509145
49.18551840
45.58109033
27.67924274
45.66606671
21.79114054
20.67802603
18.67903992
32.07058618
30.23523690
22.77083706
23.98784962
33.74732154
24.37578847
145.05123191
77.66397706
92.46050890
72.46450825
90.19023721
49.51261177
64.61720091
36.73674045
75.14918276
40.68007005
29.68876044
38.16410256
28.38195213
25.03711531
41.05813657
30.66694454
37.39264081
37.79999563
38.09836768
40.39909990
29.60754874
164.45675606
109.81573471
109.90888826
56.90875451
48.38687070
44.02468443
49.38809384
33.95858044
34.76637176
31.92446503
72.72469086
49.66467917
31.96609774
28.77413104
35.94340926
34.33686307
47.22274510
37.08130688
32.74532835
36.05431431
27.13061284
29.92769063
27.88676039
25.78598635
27.80465506
26.45338954
33.82751869
132.13854315
54.96062800
110.46027776
62.57416406
57.88698022
37.22518349
32.32849173
40.90602101
42.83969883
54.74457153
39.50418151
41.11978520
43.16949423
23.65107235
52.05262862
48.88531557
172.01373771
107.23458952
45.12171563
41.77275138
37.84948565
35.64892233
28.57744968
38.45895751
106.72355453
32.56846808
55.69784289
24.85824257
44.18872405
68.90265948
44.56254219
33.98391777
33.08568002
99.53906746
35.01545667
48.18117972
37.38477106
45.02053715
47.89362967
52.87919469
74.46253019
77.52439379
63.67958024
30.20651575
49.79001806
28.44951669
35.13240897
46.01842141
81.31309348
112.24345021
35.19975086
60.65634127
51.74233809
62.45575333
62.25310215
36.22540781
42.34475226
83.39240639
137.31531631
46.92567327
55.78947531
26.64198858
38.66775861
35.29186246
28.52598265
54.80166113
54.78137356
43.92613750
27.90981495
55.52908147
35.38232923
110.74171653
46.57108068
37.31821122
27.35414692
122.63074267
72.55110438
231.77961111
217.60119822
47.35567255
65.59953871
112.87648320
30.92609859
38.74996160
