3509175 1.3872070534806709
3509526 1.3688511104495988
3509879 1.2915882662038054
3510231 1.2708579413141152
3510580 1.3993337456238648
3510925 1.4628843641529625
3511273 1.4172950782244145
3511625 1.3327507147558537
3511977 1.2962212165950104
3512331 1.274014274276125
3512681 1.3468683591376949
3513030 1.4349319663544822
3513380 1.4213838627933695
3513732 1.3482636164672994
3514086 1.2822751805510595
3514439 1.254861474426059
3514789 1.3234673870515041
3515135 1.4323880252793149
3515482 1.420103828048436
3515833 1.3649013090332027
3516184 1.2899097211839945
3516537 1.2576419714165645
3516885 1.2660922850631908
3517231 1.399542701730997
3517574 1.4162622728835321
3517924 1.3658414347782806
3518277 1.3295441386221734
3518630 1.2536035871688256
3518979 1.2607051461509917
3519326 1.4181451995977554
3519670 1.4122816162281464
3520018 1.3495727420253962
3520366 1.2574098263710372
3520715 1.2517834048591165
3521060 1.313472169881452
3521402 1.4514341036707834
3521745 1.4139574389637235
3522091 1.3317112969938305
3522439 1.2579379158683515
3522785 1.2294040212563138
3523127 1.3045246199814966
3523466 1.4517487391711992
3523804 1.4153730793387707
3524146 1.3378158522401118
3524491 1.2298443739202014
3524832 1.265000634052386
3525172 1.43389667726715
3525507 1.454651034148465
3525850 1.408935052931377
3526194 1.2877091736687272
3526542 1.2443598409026708
3526885 1.32188637549948
3527224 1.4585420020534317
3527563 1.4550324803861034
3527909 1.3963384766878164
3528257 1.2816018067244934
3528603 1.2770215087522168
3528946 1.4068837278069117
3529284 1.479388413821774
3529630 1.4343153549724421
3529979 1.3334773780505114
3530329 1.2890542787205508
3530675 1.4337404833313707
3531016 1.4596212155888895
3531361 1.4288836882889542
3531710 1.3509132307925835
3532060 1.2638855195229672
3532405 1.283611993731344
3532748 1.4225206445755858
3533085 1.4685361085756556
3533427 1.430457097191244
3533772 1.3343597352698946
3534121 1.2692086443514898
3534466 1.3130770397443712
3534808 1.4315876291707545
3535151 1.4207097118839715
3535497 1.376903429225516
3535845 1.2832509606801337
3536191 1.2570170264035858
3536533 1.3233152435902362
3536875 1.4244511632400214
3537216 1.39857204301759
3537558 1.350450029916096
3537900 1.248341759381175
3538240 1.259440274025331
3538578 1.379859733624746
3538910 1.3815196653143538
