1322027 -0.606900044934411
1322400 -0.5722471141429794
1322777 -0.5488828867461382
1323157 -0.5213522907704821
1323536 -0.5619135087445184
1323913 -0.5984954356481191
1324288 -0.6075966260536486
1324659 -0.5665131395739678
1325037 -0.5419344627921961
1325416 -0.573736711133545
1325790 -0.6054369344444113
1326160 -0.6037465993125848
1326528 -0.6428067342317025
1326893 -0.6687192562974943
1327257 -0.6846119256947165
1327619 -0.7147624417261657
1327973 -0.6308243056400069
1328321 -0.7371875824329565
1328665 -0.5601417772541148
1329005 -0.5423827914710061
1329348 -0.5521809120492843
1329692 -0.6138580742327131
1330037 -0.6453074566041157
1330382 -0.5827153925578494
1330725 -0.5194777501390322
1331071 -0.6186241875742859
1331415 -0.5952799364194821
1331759 -0.5406128309557912
1332109 -0.6631115637458204
1332465 -0.6250550929559415
1332825 -0.6624922666997424
1333189 -0.618984781784403
1333551 -0.6459028943326319
1333917 -0.5867486651363366
1334293 -0.6645641978480059
1334675 -0.35576267746090645
1335047 -0.6259263897086405
1335424 -0.6238385499678765
1335807 -0.5577945763359627
1336191 -0.5255359066835207
1336576 -0.6783783695995759
1336954 -0.6209886009522074
1337339 -0.579583676159762
1337731 -0.6247265639450765
1338135 -0.5713361435503069
1338536 -0.47101596002672796
1338924 -0.5819701933877185
1339315 -0.5302748042190337
1339708 -0.5131337374744435
1340105 -0.6422802654311925
1340496 -0.62486455693435
1340883 -0.5821668830190807
1341265 -0.6746355819505201
1341657 -0.6063178112978997
1342047 -0.6147759163095678
1342805 -0.5563233129112656
1343180 -0.5871765171781945
1343561 -0.5648680932200356
1343940 -0.5691012197661969
1344316 -0.5706071930499893
1344688 -0.5737749445756393
1345059 -0.5561286963753779
1345442 -0.5418363511871254
1345831 -0.5957393747967413
1346214 -0.6031601340142666
1346599 -0.5584573722896058
1346986 -0.6374717634323389
1347368 -0.5485590058489077
1347754 -0.6311237405617088
1348144 -0.5891168575688406
1348527 -0.6290098454965746
1348906 -0.4320619586282505
1349277 -0.3914992738278187
1349366 -1.4898812329144306
1349648 -0.8162745023486135
1350020 -0.7547596610968905
1350387 -0.6499819571055814
1350757 -0.585748751842036
1351122 -0.5730735648370158
1351485 -0.5766786645337229
1351842 -0.47304034769705394
