275 1.5141842827754115
729 1.5211524879047271
1190 1.4488183551941747
1640 1.3654738458572877
2099 1.4922346928017187
2559 1.5141096963710095
3021 1.5500291332577882
3477 1.4358426450108657
3920 1.3994007466859164
4373 1.4874362950718016
4828 1.5194267689585452
5285 1.5233253113519274
5741 1.4591845835837984
6185 1.367337516440701
6639 1.524012031196501
7095 1.5328633062714572
7553 1.5118904580604307
8010 1.503084242449798
8457 1.4028096341011753
8902 1.4861129426712605
9355 1.5257296317559434
9807 1.5387634622553015
10258 1.5132462064896335
10701 1.3937859030636595
11137 1.4760791210850916
11586 1.5368180291282132
12035 1.5562992269533407
12486 1.533048456797041
12930 1.4015291062886703
13367 1.4333739037450037
13817 1.521353753915466
14272 1.5566129694627726
14731 1.5469960204736855
15181 1.410949517183863
15622 1.475151730291983
16072 1.549522784098112
16528 1.5485139917149995
16976 1.5165970072508634
17420 1.3674676105350116
17854 1.3674097998099004
18300 1.5205176685178659
18749 1.5714715499253447
19202 1.5478851342742064
19656 1.4245881451557725
20101 1.4613117255052614
20559 1.5416404167322408
21021 1.5369526160085856
21485 1.5551856731423208
21952 1.5372074927113615
22410 1.4239232909470179
22856 1.4882272684522067
23313 1.5327254029703117
23771 1.5588475386130152
24231 1.4790313237169628
24687 1.4285428217083915
25133 1.4183183679883589
25588 1.5002961026063912
26046 1.5436436792066435
26503 1.538218107350756
26957 1.4946739091804262
27401 1.424825129085463
27854 1.5083211915791792
28309 1.44244956360653
28757 1.4433492729762714
29193 1.3428199001567886
29641 1.4906642610825236
30093 1.4982872608980915
30547 1.452993263438608
31004 1.4615564979331463
31450 1.3733863721711514
31897 1.445017274454054
32352 1.4910011215751975
32801 1.4903721835937334
33247 1.4802971313094384
