4258651 -0.5778563403253567
4259027 -0.6043559375938021
4259390 -0.6358334920427571
4259742 -0.6105938371083277
4260081 -0.6416766551830968
4260416 -0.6351063303581467
4260748 -0.5866287862931366
4261084 -0.5547400369901097
4261437 -0.5370276670298657
4261803 -0.5399552668520464
4262185 -0.5615993073924553
4262560 -0.6230665320546096
4262915 -0.6201108019302839
4263264 -0.604736490883087
4263611 -0.5706127393410749
4263960 -0.5593508397284916
4264313 -0.5710632304032628
4264658 -0.6616292552528908
4265006 -0.6511252039478705
4265364 -0.6228734458781501
4265734 -0.630841927091634
4266126 -0.6420565331835637
4266512 -0.6260998529023796
4266893 -0.5784355108956475
4267273 -0.5856877135886841
4267652 -0.5447259967970726
4268063 -0.48440700947601983
4268485 -0.510463788163307
4268888 -0.5213880024847799
4269282 -0.608378341935599
4269657 -0.6657187327973986
4270015 -0.6534162699301046
4270364 -0.6328702243925348
4270709 -0.6353553214010437
4271060 -0.6167085956153322
4271414 -0.6292372668049002
4271765 -0.6040177693122745
4272112 -0.6012740288452405
4272475 -0.570193671793128
4272847 -0.556569184327188
4273229 -0.5490555391637877
4273621 -0.5342774931976425
4274012 -0.5322242958424714
4274395 -0.5725941240488099
4274778 -0.6163574849182225
4275142 -0.6376766547369725
4275494 -0.6494455523099145
4275837 -0.6471486656884187
4276173 -0.6098966437974045
4276512 -0.561822357928361
4276870 -0.5318592656354514
4277235 -0.5374891897725718
4277615 -0.6132982432485474
4277979 -0.6420242053703108
4278338 -0.6358344464942922
4278690 -0.656507959893196
4279033 -0.6479215557699962
4279369 -0.6596446032980862
4279702 -0.6492519434479799
4280036 -0.6237699854380936
4280376 -0.580738698028918
4280736 -0.5708342372530201
4281108 -0.5662032941731265
4281487 -0.5371896877421289
4281874 -0.5087990717243531
4282273 -0.6098585104526082
4282655 -0.6272032350190071
4283023 -0.6225512812579626
4283379 -0.637529167925702
4283729 -0.5972326294282004
4284082 -0.6264770823796456
4284437 -0.6082829726735867
4284789 -0.6082287597885223
4285142 -0.5721537564392577
4285501 -0.5283993245640819
4285892 -0.5429895447666331
4286297 -0.5790112728868653
4286679 -0.6355326271573831
4287051 -0.6298530897528228
4287412 -0.6361061413695297
4287777 -0.6154042798335875
4288151 -0.6231191979996291
4288523 -0.6264998008229014
