2370734 1.49106196950966
2371214 1.473855783044187
2371693 1.4551850086996632
2372169 1.4494573987946935
2372636 1.4322766660683395
2373106 1.498104982038738
2373579 1.4826803376592104
2374052 1.464256595504283
2374524 1.452928388688235
2374994 1.4410988803991938
2375451 1.4186822963564156
2375911 1.5040819389846292
2376374 1.4972726467493696
2376837 1.4802608469430707
2377299 1.4338120580781388
2377753 1.474034826560988
2378217 1.5089045865424064
2378679 1.492223823849158
2379133 1.5189534653067351
2379572 1.5046664363993392
2380012 1.5914969949620423
2380451 1.6065721345416337
2380886 1.5571975995935834
2381316 1.4356412375091696
2381739 1.5255491311247784
2382168 1.5796318674022791
2382599 1.4807566018498264
2383029 1.8020167095628075
2383456 1.7566323813049547
2383878 1.541349509465477
2384309 1.2760140044759236
2384743 1.2979933980491754
2385173 1.4604167643774804
2385596 1.3841108858604776
2386005 1.3366529620588663
2386409 1.4502785773280846
2386818 1.5110594955066023
2387235 1.4891356671982239
2387660 1.5029149313792058
2388079 1.3673146088540293
2388489 1.4522294966787148
2388903 1.5000979292052075
2389323 1.5056209766294484
2389752 1.4862581233964396
2390177 1.4096891462009318
2390600 1.478587612174882
2391027 1.5414289184897265
2391460 1.5016923083391402
2391898 1.4713154460877265
2392335 1.4658416397651217
2392759 1.426516952254622
2393190 1.4884333857148906
2393629 1.488592770722011
2394075 1.490803768628428
2394520 1.4384919224456134
2394960 1.4093667044499858
2395399 1.4856015589458345
2395849 1.479852535771419
2396305 1.4814438619671266
2396764 1.4623881139274735
2397211 1.427129426064045
2397643 1.5003341061398048
2398082 1.5313326443763795
2398525 1.4839195676832002
2398970 1.4214390593146615
2399406 1.4272001530058311
2399830 1.4208791052359664
2400261 1.499904572423943
