1921277 1.0227149578646615
1921618 1.0303581566325586
1921957 1.395384827224511
1922296 1.1630241838460778
1922634 1.1152294324768928
1922973 1.0936616839779314
1923312 1.0239301856844816
1923650 1.0094680824896207
1923985 1.362552444412183
1924319 1.1587494653239485
1924649 1.1512953630887082
1924981 1.0803934150686967
1925313 1.030824453727369
1925643 0.9537126992034709
1925970 0.9820765092441202
1926296 1.0583746677629848
1926622 1.1714381764710522
1926948 1.1649239678709482
1927278 1.1048900251197407
1927607 0.970513302628381
1927936 0.9696310762179954
1928266 1.096330254821612
1928596 1.162710444627587
1928928 1.1218851649606465
1929261 1.0677088348543222
1929592 0.9392480698255339
1929923 1.0032236437545266
1930251 1.1342293816903934
1930579 1.2019531588595842
1930912 1.1681860123294194
1931245 1.1119611396204978
1931581 1.0087066471507138
1931916 0.9841022418819791
1932254 1.0103452821163206
1932590 1.1735509400906527
1932926 1.181249557378514
1933265 1.1071685074467532
1933605 1.0027197274729218
1933944 0.9901935652428109
1934280 1.0606118737306642
1934616 1.1712941074758831
1934953 1.1235590335723369
1935291 1.086599295407202
1935628 1.0307556452070346
1935966 1.0334061779480468
1936303 1.0134621277653035
1936638 1.0671824000507502
1936975 1.1409118548480675
1937312 1.1182245731923215
1937650 1.0440110448713762
1937987 0.9832046265635781
1938326 1.0235562298788627
1938664 1.1159273442376487
1939005 1.1478408898154469
1939346 1.099771294085471
1939687 1.061440873492502
1940026 1.0295724673352273
1940363 0.9769970280787812
1940698 1.0207028486883527
1941033 1.1528203628959368
1941367 1.1460422595602089
1941704 1.0998355265547852
1942041 1.0516372493361037
1942376 0.976424608972144
1942709 1.0144939356825133
1943041 1.1385665808805112
1943376 1.1736882613851525
1943712 1.1355756903371939
1944052 1.052159301362689
1944393 1.0066739108432001
1944729 1.3919976967086525
1945065 1.1984605456486905
1945403 1.1653155218467475
1945746 1.1227790818837289
1946088 1.0171088531481085
1946429 0.9956828284147392
1946767 1.0409571804363713
1947101 1.2004498080653125
1947289 -0.06980127122455831
1947771 1.528361545706416
1948106 1.0655561223432677
1948439 1.0831454841791548
1948770 1.1244661618456173
1949100 1.2062787150864653
1949435 1.1634817346364903
1949769 1.0381474193645797
1950103 0.9547014446143426
1950436 1.3689166914108273
1950768 1.1847203544369593
