2400931 1.2267286133269877
2401362 1.2321189208425158
2401792 1.2722639174822743
2402232 1.2961664464049427
2402683 1.3564293438592423
2403124 1.247394984940053
2403552 1.2334409028203535
2403972 1.268747248341712
2404405 1.2846104507683556
2404851 1.3446316637403686
2405299 1.2853200691758624
2405735 1.2412038455096681
2406158 1.269621611552147
2406591 1.301851405999957
2407033 1.3275529855408368
2407477 1.2960434136597014
2407898 1.2167185933660067
2408308 1.2617391097489041
2408717 1.2814046261476362
2409140 1.3064855625057743
2409573 1.3415562257522893
2409994 1.2222930119749282
2410407 1.2278527112359199
2410811 1.286539460619748
2411224 1.3025179197698569
2411645 1.3464745690023905
2412072 1.2861630087761267
2412494 1.209757144949784
2412905 1.2425160590579658
2413321 1.2835460116313908
2413753 1.3134433269177501
2414194 1.3766049395629532
2414628 1.2306403545917028
2415052 1.2267248469058252
2415467 1.276509221666229
2415897 1.297684769893087
2416332 1.3301376450142304
2416766 1.2564562539853843
2417186 1.181603305786058
2417596 1.24068734434997
2418008 1.2813151748098295
2418440 1.3055816704780752
2418889 1.3544535523602468
2419335 1.2164157388323433
2419762 1.2064207138932035
2420177 1.2576515953624987
2420600 1.2907564596599068
2421037 1.3163858828272188
2421477 1.3567858540685502
2421909 1.2782040947507416
2422322 1.1854128688236045
2422729 1.2382996282626515
2423135 1.2847356975517448
2423556 1.3111368108585058
2423987 1.3582842738913228
2424421 1.2165145294373292
2424843 1.2370159995884507
2425258 1.2730492041196708
2425690 1.3111040593769632
2426124 1.3307925743679345
2426549 1.3322611555112327
2426968 1.2201654863348714
2427375 1.2230368743828617
2427777 1.2735373955651408
2428187 1.2981138563343746
2428606 1.3174746563951827
2429027 1.3091397175289736
2429442 1.209610443839028
2429844 1.2193781799039647
2430246 1.2629843057847236
2430658 1.2901758584222318
