3659436 -0.5418391469246071
3659885 -0.5572469992448594
3660328 -0.5460353015185091
3660778 -0.5015722222652987
3661234 -0.5094896798842552
3661694 -0.5158762742047445
3662155 -0.5296715550700137
3662602 -0.5495910293791768
3663044 -0.5348714087803349
3663498 -0.5020050746212669
3663953 -0.5136889015721314
3664413 -0.5208284439375424
3664865 -0.5303851552189158
3665304 -0.5553687485637646
3665733 -0.5341400130036512
3666164 -0.5146507355246719
3666603 -0.49373865027520036
3667047 -0.5017184795478299
3667482 -0.5350513710970013
3667910 -0.5217474768438619
3668345 -0.4918120654061152
3668792 -0.48916007406346373
3669220 -0.5158448109499816
3669642 -0.5205379506138084
3670082 -0.5041353046729504
3670503 -0.5328371720208859
3670906 -0.5496362771928138
3671303 -0.5346220578272302
3671708 -0.5240071579504797
3672119 -0.5225030155189412
3672531 -0.5429519120069533
3672936 -0.5542198050600713
3673342 -0.5375483455514167
3673756 -0.5166666805211689
3674185 -0.5117176954343523
3674637 -0.5265206866400434
3675080 -0.5423382511621764
3675514 -0.547233099294188
3675959 -0.5234183185887276
3676415 -0.5267097023474637
3676880 -0.5317420110860933
3677343 -0.5526008703855935
3677792 -0.5516528475958089
3678242 -0.5381918168787319
3678701 -0.5210441607686941
3679157 -0.5218579758199335
3679611 -0.5451901020110841
3680057 -0.5501114018831783
3680504 -0.5279647142409548
3680956 -0.5041205241238491
3681415 -0.5109324017667158
3681870 -0.5414579455613765
3682318 -0.5471116305068295
3682766 -0.5285705448409406
3683224 -0.5000201952435331
3683681 -0.5067123689366994
3684132 -0.5586004112763487
3684566 -0.5582195011500423
3684988 -0.5381973364516955
3685412 -0.48692515292293687
3685836 -0.5020038590356815
3686255 -0.5399360749733418
3686663 -0.5335785012776555
3687066 -0.5515452129391131
3687466 -0.5602163157005879
3687873 -0.5707537780951766
3688280 -0.5795938515099017
3688673 -0.5924817401110244
3689063 -0.574712952173537
