4348260 1.3033704360418503
4348589 1.3519971624422142
4348921 1.3904518604130556
4349253 1.3932167164607234
4349586 1.4104992837665287
4349921 1.3860865616832754
4350256 1.2812547240669638
4350590 1.3959153434191607
4350924 1.2781419205976048
4351254 1.22206660926699
4351585 1.4246618216161375
4351916 1.0974691293922372
4352245 1.135809503174661
4352570 1.5900528256246638
4352897 2.1981561634947857
4353221 1.1373538148213398
4353547 0.7764877704875772
4353872 1.3115542014562407
4354198 1.3169353561377057
4354525 1.2936915480360467
4354853 1.2803963322032663
4355179 1.2153562859132578
4355510 1.3514803008693992
4355842 1.3932911153652676
4356174 1.575608999679283
4356507 1.4897971180108365
4356843 1.263200411211479
4357178 1.2218120940076465
4357515 1.3691363186366106
4357852 1.3229415718280257
4358189 1.37502302041454
4358524 1.3857018629911604
4358861 1.2323651572747782
4359194 1.1777242121041784
4359529 1.343263963014993
4359863 1.3938540624857105
4360197 1.371376322761395
4360531 1.2796293883430043
4360864 1.2430182541974912
4361197 1.289219035306952
4361529 1.0534344112843503
4361859 1.1952506075705538
4362187 1.2722088131961582
4362515 1.277020023759025
4362845 1.1898196541437573
4363172 1.296297363862012
4363503 1.373935022366652
4363834 1.3507730889414766
4364166 1.1585643641818155
4364501 1.4829406813474288
4364832 1.4879994465914281
4365165 1.3658791449882586
4365499 1.401462171602968
4365833 1.437317039211882
4366167 1.4699962332551406
4366499 1.4894863920854995
4366830 1.4345862409466683
4367158 1.4859931904813553
4367486 1.4996272220440219
4367813 1.5653381526564787
4368140 1.4924325550305282
4368469 1.5891578557615502
4368800 1.6313871640791158
4369133 1.5968044549830585
4369468 1.5429639364405592
4369802 1.3309610495811994
4370138 1.40375743091217
4370477 1.4422074463136096
4370814 1.4736025919442342
4371152 1.5203234291112113
4371489 1.3593948114722165
4371824 1.272146937962284
4372159 1.4048972208897028
4372492 1.3080432281421122
4372825 1.485906062064606
4373160 1.4958247721943947
4373495 1.5166125711918592
4373830 1.4747677679651843
4374163 1.3937227516743782
4374496 1.305984930771968
4374828 1.1984686195148184
4375155 1.229160033370341
4375482 1.3489404947004109
4375809 1.426274998125371
4376136 1.4004830484640478
4376464 1.3349102725310034
4376790 1.3779863765204166
4377117 1.5082073161212302
4377446 1.48663938554371
4377775 1.2040847609718397
