4348551 1.0558842945519458
4348858 1.0699193837149004
4349164 1.046185606933827
4349471 1.0717975702411149
4349778 1.075139556651213
4350084 0.9017188902355908
4350392 0.974078695520864
4350704 1.0644756561989759
4351022 1.0806833794256618
4351349 1.053281103859131
4351683 0.9632770151505408
4352023 0.9672436317631774
4352368 1.069719995733751
4352719 1.1034109026435241
4353074 1.1100350153127312
4353439 1.065124240626579
4353803 0.9535869237375372
4354164 1.0249572609870814
4354523 1.0904382872601506
4354893 1.127682547861773
4355270 1.1415261353072865
4355658 1.0703163082859994
4356044 0.9615125454741513
4356427 1.0711333185343237
4356823 1.1258445041604812
4357230 1.1704479582568932
4357647 1.1663971193321356
4358065 1.1273402741532887
4358472 1.0044981653848932
4358871 1.051061849932061
4359274 1.168953475386001
4359692 1.1927585922734782
4360119 1.2051837072223592
4360549 1.1770013581823124
4360958 1.0308039866942855
4361357 1.0277698681996943
4361756 1.2073146192901625
4362162 1.2375808880968786
4362578 1.2378819132467278
4363000 1.2180626063007876
4363410 1.0403136199509513
4363812 0.9928768588040451
4364207 1.1703868439141878
4364605 1.2338247658777017
4365003 1.240852521105872
4365392 1.249921533693204
4365785 1.100897678029338
4366166 0.9938633221186329
4366536 0.9768645800322437
4366903 1.096197369158413
4367269 1.142976645780411
4367645 1.0838038269698833
4368008 0.721623457651052
4368363 1.6623003058308496
4368716 1.5492496961408828
4369072 1.5024530986798457
4369413 1.4604670897996437
4369750 1.3682976318334725
4370080 1.35987418208945
4370418 1.5318629325944029
4370751 1.6831642997731306
4371086 1.37473425944067
4371419 1.4842102045214989
4371749 1.5400244089739243
4372081 1.5617324348044939
4372412 1.3495213308864353
4372740 1.4761755772111531
4373065 1.521963149264093
4373397 1.518609357993555
4373741 1.412447311848926
4374083 1.3202762721262506
4374423 1.400653317529916
4374762 1.5373999377041185
4375109 1.5030405291914442
4375459 1.4711848411633437
4375815 1.3600315745686273
4376161 1.362508477274419
4376505 1.4683031072439336
4376854 1.5002025905866339
4377215 1.4807542023692184
4377575 1.4117123066246329
4377931 1.3592652069262434
4378286 1.4856310625910898
