2880551 -0.5062211377094656
2880927 -0.5114452841245082
2881309 -0.5542647367030789
2881685 -0.5771796226479307
2882055 -0.5496254130760942
2882422 -0.5615573472222488
2882799 -0.5006083963770351
2883179 -0.507506166573899
2883558 -0.5663391457468574
2883927 -0.5755917281899519
2884299 -0.47553025187294995
2884675 -0.48786639661971193
2885068 -0.4864903568676356
2885459 -0.5616334458417225
2885843 -0.5824646750986735
2886223 -0.5103947978827218
2886603 -0.5018964581603075
2886988 -0.5292531548206987
2887373 -0.5292916136854139
2887751 -0.5353888037381751
2888126 -0.5151648730950774
2888502 -0.5508513682710425
2888886 -0.5385256981878157
2889272 -0.5638380202724276
2889656 -0.5798421111562442
2890036 -0.5302790856298318
2890424 -0.5292890941698953
2890815 -0.5533021096043355
2891212 -0.5776997721267939
2891609 -0.5841526104266028
2891995 -0.575196426383807
2892388 -0.540390825331376
2892783 -0.5287046799576909
2893179 -0.5334341377560582
2893577 -0.5651470387683255
2893965 -0.5898191225794116
2894357 -0.5536434398743245
2894751 -0.5649096204144346
2895148 -0.5659629623005538
2895543 -0.5938842975125731
2895935 -0.5859446880303245
2896318 -0.5363807678910136
2896706 -0.5352898357803669
2897101 -0.5411970484098739
2897498 -0.6030499516811494
2897893 -0.5980089258152466
2898277 -0.5598526567303381
2898666 -0.5374927329813302
2899053 -0.5073644047130157
2899442 -0.592343939746221
2899824 -0.5730876827734103
2900198 -0.5582629211786718
2900578 -0.4891747600646175
2900962 -0.5007993829759996
2901351 -0.5701741892519473
2901743 -0.5360734881991809
2902126 -0.5513507344317421
2902502 -0.5244247600161993
2902878 -0.5331407598001057
2903257 -0.5316695359901251
2903641 -0.5187549791122307
2904022 -0.5776063020040837
2904397 -0.5898033659884586
2904774 -0.5516307645402845
2905155 -0.5158100706565095
2905542 -0.5153739684413126
2905934 -0.5337680262383082
2906321 -0.5625086115857565
2906700 -0.5414295256911303
2907080 -0.5183439804657848
2907467 -0.5031228563802073
2907853 -0.5225731532934271
2908237 -0.5586761459303269
2908613 -0.5779005595199277
2908990 -0.5126326393193592
2909371 -0.5232006557129312
2909755 -0.5271154893917156
2910136 -0.560249740542649
