423143 1.0342465913052563
423451 0.8524250520216385
423762 0.8346619904514232
424072 0.8895493931023671
424384 0.9920019109863148
424698 1.024237272577741
425013 1.1359508510964715
425333 1.0665409432887876
425655 0.9710749115593655
425976 0.9194191464022129
426298 1.0039238762103824
426621 1.0262217829291782
426946 1.0019922363847742
427273 0.784947060775792
427601 0.8361119669073813
427925 0.7595125521336628
428248 0.8878350536195223
428572 0.9939078287103257
428896 0.8877697611931358
429221 0.9188667492103862
429545 0.8057727741214677
429865 0.7501409443569504
430183 0.8873503802001388
430501 0.937045728273366
430818 0.9536755204801005
431135 0.8719721283444337
431453 0.7693878863791817
431768 0.7115898589108691
432081 0.8102394677318495
432394 0.9743249166736601
432706 0.9257084291786088
433017 0.8104417044788611
433328 0.745321654316347
433638 0.6767748723864953
433947 0.6393267608270764
434255 0.7881556145226789
434562 0.9239246615063152
434869 0.9175913146566871
435175 0.8709884108438439
435483 0.7748824917841105
435793 0.7638087545119266
436102 0.7545990400951268
436410 0.824031143584385
436719 0.916615778794422
437029 0.9508742650223998
437339 0.8174478991134879
437651 0.7644009260241126
437964 0.7792745841604667
438277 0.6896824144136733
438589 0.7577247183061899
438902 0.9136812187746968
439216 0.9915413093095803
439529 0.9326568968380187
439843 0.7666285514738331
440157 0.7148294155535717
440468 0.8032598962483453
440779 0.9165941305568857
441090 1.0151613819209535
441399 0.9210185402485142
441709 0.7849449043160903
442019 0.7487963194855645
442327 0.6965719549039893
442635 0.7661046555677553
442943 0.8465207700888606
443250 0.8982551446337027
443558 0.8723288273678047
443869 0.7664113005437866
444180 0.7684235051113103
444489 0.7938797373873067
444800 0.9286070055455109
445111 0.899408899124954
445423 0.9010822680334154
445735 0.8291376446290685
446047 0.7234551102875216
446360 0.6676538474429478
446673 0.8926077200566256
446987 0.8475260293926503
447301 0.875992121632017
447617 0.7663618107797134
447932 0.7445074008291934
448245 0.7270726759435169
448557 0.8240407661116778
448869 1.0019865611688261
449180 0.9645745007960352
449491 0.8385950227606147
449801 0.7124869154654352
450110 0.671181050677236
450416 0.7207150256610053
450722 0.8832660088861943
451028 0.9358378937245933
451332 0.8558539761893498
451636 0.7472636322934094
451940 0.674649595153426
452242 0.6298272531640997
452543 0.7148754043517795
452844 0.9014686532369434
