5277072 -0.6347762905229566
5277451 -0.6563003408943366
5277831 -0.6822058660826051
5278205 -0.7090802822050373
5278579 -0.6722186744542855
5278954 -0.659406020971814
5279327 -0.6939229711311777
5279699 -0.6933888019227736
5280070 -0.7101326886811123
5280442 -0.6696271743199828
5280816 -0.6695823518060404
5281191 -0.6881833350891635
5281563 -0.692519841392174
5281933 -0.7118539009544372
5282306 -0.682759226447931
5282681 -0.6582256516678731
5283056 -0.6781195252986603
5283427 -0.6932511033018864
5283797 -0.7066670135167524
5284167 -0.592222312171246
5284537 -0.6524206516230107
5284902 -0.6627930952067298
5285266 -0.6942882467947656
5285629 -0.6445531341859918
5285991 -0.65394211217439
5286353 -0.6817725051395351
5286712 -0.6904960744552291
5287070 -0.7171916275222612
5287431 -0.6691018809542881
5287793 -0.6652182705086331
5288157 -0.6701039258889385
5288519 -0.7039471244326211
5288880 -0.7026371335860944
5289242 -0.6770773411210558
5289607 -0.6420215180733007
5289974 -0.6433101020097418
5290343 -0.693694180358529
5290710 -0.7249497987341753
5291076 -0.6978804375374195
5291443 -0.6457149076374451
5291811 -0.6382320506739848
5292180 -0.6778869629370352
5292546 -0.7241033994948385
5292910 -0.7151885620683982
5293276 -0.6666618393211762
5293644 -0.6743975156290144
5294010 -0.7207742386479327
5294375 -0.6840233822742117
5294744 -0.6755167257893699
5295111 -0.6436177708757154
5295480 -0.611604127953617
5295850 -0.6827728120891654
5296217 -0.718615477069998
5296583 -0.6334415111997586
5296947 -0.6687032727177293
5297311 -0.7261717347385046
5297668 -0.71648898275446
5298022 -0.6687897158110891
5298375 -0.6157493347996681
5298730 -0.6497559661897059
5299095 -0.7147860097636278
5299450 -0.7181341331898914
5299803 -0.6577558529323961
5300146 -0.6213207507883384
5300496 -0.6705786212725346
5300855 -0.7127371068544055
5301206 -0.7317797086080322
5301557 -0.7774120257344281
5301777 -1.2971479612250407
5302243 -0.6635901562879922
5302586 -0.6992160881593543
5302927 -0.751432383036502
5303269 -0.7615442139242965
5303611 -0.7442390991202099
5303947 -0.6923059673835443
5304293 -0.6875081345554748
5304645 -0.7667335778082074
5304997 -0.726433271950207
5305349 -0.7391860586431007
5305703 -0.6852330750235724
5306060 -0.6848416621632567
5306416 -0.729565271528025
5306773 -0.7581908003680737
