1951449 -0.460084026704053
1951850 -0.4455203635260387
1952250 -0.5815502846111369
1952645 -0.6235541746700862
1953039 -0.5091237528947536
1953429 -0.5054876511993961
1953827 -0.3804287993441749
1954210 -0.5441817401445909
1954589 -0.6450678341933329
1954968 -0.47184028046393967
1955350 -0.4699122118409753
1955735 -0.5884209383882673
1956119 -0.5503933117643892
1956509 -0.5121415882114927
1956901 -0.5417577275183443
1957298 -0.567661676131326
1957697 -0.5553527652940301
1958098 -0.540239740968302
1958506 -0.51776370714441
1958923 -0.5124398579845392
1959341 -0.5822024325393481
1959754 -0.5422533912379575
1960163 -0.5148579491368013
1960564 -0.5013304553028773
1960992 -0.48549698640208144
1961420 -0.4997244208993354
1961847 -0.5209405685518853
1962261 -0.5907413119085694
1962665 -0.5919283297685596
1963070 -0.5864016141730486
1963475 -0.5641709401097991
1963876 -0.6058709355510536
1964276 -0.5491808848678903
1964677 -0.5128553527841064
1965077 -0.5882807211523199
1965474 -0.5924966587218856
1965871 -0.5823212279815353
1966270 -0.5510947666058472
1966689 -0.5486759665404521
1967099 -0.5738452569072741
1967522 -0.5777481634180317
1967937 -0.7484796510826578
1968334 -0.6676442084673098
1968732 -0.581169907373711
1969133 -0.49090666687450174
1969537 -0.6766905569903622
1969933 -0.6096558837259898
1970315 -0.5978557570089915
1970701 -0.6462695038503373
1971095 -0.5810895718341539
1971489 -0.6213525274664073
1971888 -0.6861223722684436
1972283 -0.6491179318425521
1972669 -0.5471163477838847
1973063 -0.5709710086508447
1973465 -0.6258779828300343
1973868 -0.61752121527741
1974269 -0.6219599064041876
1974669 -0.5923252002934692
1975052 -0.5772413264162448
1975433 -0.5832318491020769
1975812 -0.5895857644014296
1976191 -0.5809117230968538
1976583 -0.5753614124715478
1976985 -0.565865857497637
1977391 -0.6014738777302745
1977794 -0.6035037186036127
1978203 -0.5677430640774999
1978619 -0.5571068099133155
1979045 -0.5436765662928883
1979470 -0.5664595058222882
1979889 -0.5837380275929551
1980303 -0.5681042405228139
1980726 -0.533957077971559
