5187197 1.1389943021122761
5187555 1.1211921824853661
5187909 1.2246355558759172
5188260 0.9000604836380999
5188615 0.9051335853201037
5188976 1.197085236312204
5189333 1.1474222096126123
5189686 1.087147916439169
5190032 0.8195755022668991
5190386 0.8523993889222717
5190743 0.8551474167901112
5191098 0.833768613085166
5191451 1.020959812580104
5191798 0.9901131530230228
5192137 0.9603100606201928
5192470 0.7232256819593906
5192806 0.7905103301452512
5193144 0.7799309435132217
5193483 1.0394665944552137
5193822 0.9431227974318062
5194157 0.8928657577564836
5194489 0.7204807714992667
5194828 0.774560310431905
5195171 0.775182469119122
5195519 0.7622486846094032
5195868 0.954120607517245
5196211 0.9441281758439155
5196551 0.7134389254113134
5196899 0.7760430203828212
5197257 0.7997173308087039
5197618 0.8030451522309991
5197985 0.7948747160650984
5198353 0.9954646574844482
5198715 0.9807714661516469
5199071 0.7383350774405055
5199430 0.7879303936221913
5199798 0.8138592183772053
5200174 0.8070199973901496
5200551 1.1159885780361913
5200923 1.030863994979048
5201289 1.0103021620588275
5201647 0.7668904620206258
5202012 0.7968876849532864
5202381 0.8179705931227581
5202747 0.8126592130799901
5203116 1.0725464758558838
5203476 1.037337812889917
5203827 0.9922372441459772
5204173 0.754527256888716
5204519 0.8054561272158007
5204873 0.7953534064162491
5205226 0.7823369040026376
5205582 1.0489290957437518
5205936 0.990125908941712
5206284 0.9647697292556525
5206626 0.7333936794396957
5206971 0.7718326980482957
5207322 0.7773869081471582
5207671 0.7564133529950985
5208022 1.0658669450086207
5208373 0.9914343185917027
5208717 0.9617112544064528
5209057 0.7184099606677752
5209401 0.7728078086275136
5209750 0.7790441717174335
5210104 0.7650847546199306
5210459 1.0516830413912892
5210809 0.9918305386635367
5211155 0.9751149913700348
5211501 0.7449482538336795
5211853 0.7734862560621714
5212211 0.7780498063713537
5212571 0.770095318620019
5212931 1.0429555777565949
5213281 0.9895086035158946
5213629 0.999626318343636
5213973 0.7581453641518316
5214324 0.781788483496141
5214677 0.7696447866969898
5215029 0.7568811098132613
5215383 1.0756941728715048
5215740 1.0306446210335642
5216092 0.9978693626749993
5216444 0.759680002938131
5216801 0.7834722330927595
