4828351 1.3761434524535372
4829016 1.523509627573767
4829636 1.5340024856584762
4830251 1.5180285762745036
4830849 1.5448022532800039
4831427 1.4252178924114025
4831992 1.499618016618242
4832567 1.5290571444505332
4833140 1.5444766264985121
4833705 1.5360976948405025
4834261 1.4285817301318666
4834804 1.4897247136435963
4835351 1.5451328144242704
4835895 1.5424458614914534
4836431 1.4230261625381333
4836958 1.3450357780498645
4837482 1.5414215117738357
4838010 1.5357242282209846
4838536 1.4636362761546122
4839045 1.3428089286035116
4839549 1.4342380157183632
4840023 1.5426029888318822
4840434 1.545480627609822
4840840 1.5469029125299063
4841245 1.3690917992432787
4841644 1.2789775990052479
4842034 1.5027097666628748
4842429 1.5464043852616363
4842839 1.5430962003605138
4843251 1.4499362708165164
4843656 1.311743282834879
4844055 1.3083943708249068
4844450 1.5302182549650793
4844850 1.5508349335150418
4845259 1.550042949703712
4845676 1.429875501660517
4846095 1.3301637468374858
4846518 1.4884536233012733
4846947 1.5385864003695953
4847383 1.557304248810654
4847825 1.5312369232594802
4848273 1.3951777510620091
4848723 1.4588808727295237
4849181 1.5430658827342068
4849659 1.5403508280045013
4850138 1.3975929347840652
4850586 1.4314943998138983
4851032 1.5574032671375597
4851485 1.549583881134836
4851928 1.4242654541510613
4852352 1.3324676819543966
4852763 1.5351365081802468
4853170 1.5365645575039575
4853574 1.5389769829549476
4853979 1.4758340378365185
4854380 1.343957487050509
4854773 1.3104990887440549
4855168 1.5541156602667845
4855565 1.5507559399935194
4855966 1.5527166518641025
4856368 1.3956655755240606
4856768 1.3165267774055391
4857165 1.3786223648004752
4857557 1.5475523954887058
