453030 -0.6862462347443583
453350 -0.6507216295133127
453674 -0.6991647913664736
454007 -0.6948055135488
454340 -0.6634909541862704
454670 -0.6898424270792501
455001 -0.6999808643950385
455335 -0.6820184384457858
455675 -0.689602264657344
456019 -0.6975897067302503
456370 -0.6744316079868266
456716 -0.6639389442983915
457059 -0.6818291707370575
457402 -0.685089352733549
457753 -0.6825774714307691
458114 -0.6824942805407987
458482 -0.7021449612094727
458849 -0.6927521649333147
459208 -0.6678489805003638
459561 -0.6723605473850863
459919 -0.6924471684717853
460277 -0.6934805550590981
460629 -0.7104746216329044
460979 -0.7250574881335339
461324 -0.71233084885816
461667 -0.7015811364322361
462001 -0.7126838365625014
462339 -0.709923084599337
462677 -0.682395136342927
463018 -0.6987099479031884
463363 -0.6760142519599379
463718 -0.6849750346045913
464092 -0.6831641342477013
464476 -0.703859449178813
464867 -0.7250316770588323
465247 -0.6496517917486366
465622 -0.6815893539894835
465990 -0.6663350779270941
466365 -0.6602749756345009
466755 -0.6696127586402418
467150 -0.6807553144320587
467543 -0.678115472007179
467928 -0.6270495898272946
468304 -0.6331991281058644
468670 -0.7050126122416932
469034 -0.6960080754739697
469409 -0.7057151884965427
469799 -0.7116039794728983
470191 -0.7332320201480189
470579 -0.6436912389392917
470953 -0.6758930342333269
471324 -0.6759688058423771
471706 -0.6666138395618885
472111 -0.6693265103141133
472517 -0.6938221934920539
472921 -0.628383702258101
473309 -0.6593241658649401
473683 -0.6638844159805357
474059 -0.6558310120454015
474445 -0.6728921652047042
474829 -0.6867994791266661
475219 -0.7121140270211894
475605 -0.685465680178758
475982 -0.6585722720432757
476350 -0.6516478150636006
476737 -0.6616016927266308
477131 -0.6726497997208967
477526 -0.6897974894794534
477927 -0.7106668332202168
478329 -0.6242773769763579
478713 -0.664732793884552
479087 -0.6514030071736487
479468 -0.6689698806098944
479859 -0.6647856477130101
480253 -0.7002563527365846
480645 -0.6261268393586996
481028 -0.657364762181893
481403 -0.6539303600746513
481785 -0.6646987412724071
482173 -0.6680833955056527
482572 -0.685564979167419
