4228761 1.6144934007880072
4229109 1.4664672852721488
4229447 1.4102479383736637
4229779 1.6425709667921438
4230128 1.523275485706654
4230471 1.5244312720410358
4230812 1.319194360137651
4231141 1.2388445837731008
4231470 1.3461156479614713
4231794 1.356086208053444
4232122 1.47621622638674
4232450 1.528837197836872
4232780 1.3532371383691462
4233113 1.2684497743857792
4233445 1.5105303258797784
4233777 1.6452521309250698
4234110 1.6611622110958288
4234436 1.3517165945297585
4234763 1.1847933590951698
4234855 -0.27652299109358897
4235085 1.5105655164388643
4235412 1.2751232710239049
4235738 1.4700672814861866
4236068 1.320314128710662
4236395 1.3641886445074298
4236720 1.1540167231186207
4237048 1.6412790969557647
4237379 1.5510063311807916
4237699 1.4485891093396885
4238019 1.4272618287450833
4238337 1.6097658922598028
4238656 1.5888726993512374
4238976 1.4134898714242268
4239297 1.25476877590296
4239615 1.3142481665498988
4239931 1.5427521213621926
4240249 1.3565071909904112
4240559 1.1403396230584963
4240866 1.2727101834199535
4241175 1.528564306582615
4241482 1.4297130937328801
4241787 1.239610280983543
4242090 1.2127187625975464
4242395 1.3188388568441494
4242702 1.3500189104047982
4243010 1.350215203932471
4243318 1.3395671526437685
4243624 1.3375866928905307
4243929 1.2519634636481034
4244233 1.2617092727415942
4244540 1.332395358121151
4244853 1.3306351169074646
4245170 1.2822762040941984
4245488 1.2107000458312027
4245807 1.2750810693853318
4246131 1.3595498036923046
4246462 1.3584399647869996
4246799 1.3061340412662275
4247138 1.2160794012715226
4247474 1.2901960254556584
4247815 1.3837418968703745
4248163 1.4068040573684697
4248524 1.3636927434644037
4248886 1.2666437174661924
4249235 1.2524950667468504
4249594 1.3949811824462817
4249959 1.4262579606958923
4250332 1.383812300578241
4250701 1.2731680481793315
4251066 1.3689247201444648
4251445 1.4486904215037115
4251834 1.4210160034604509
4252226 1.3248395408464502
4252600 1.2886715023373656
4252976 1.4232872506586698
4253357 1.4410223537336422
4253743 1.383186648169822
4254130 1.2608668612873442
4254504 1.3735416833704763
4254880 1.463120907873786
4255259 1.500740695846589
4255646 1.3678648715358728
4256017 1.2906170884993884
4256380 1.2251010731846623
4256739 1.3370071352711528
4257103 1.4124327192972757
4257475 1.4758495241072322
4257842 1.459483787225946
4258245 1.419720620195406
