4647873 1.5557345106428948
4648194 1.6302587091875183
4648518 1.2249990522892078
4648839 1.3361544296631416
4649162 1.3941360362488553
4649479 1.3166831568056656
4649798 1.4658719783951386
4650117 1.4821721475606826
4650448 1.4998922738346172
4650775 1.4313443944217177
4651102 1.3967410655723542
4651430 1.2226620809006028
4651758 1.4594811973539779
4652088 1.4910733028783747
4652419 1.27320568438404
4652747 1.2868531275623067
4653074 1.516675586392576
4653405 1.5401161976905027
4653738 1.5754675550135833
4654071 1.4150049602893655
4654404 1.041577472401941
4654737 1.3288238942949753
4655065 1.2832594628266047
4655392 1.2202789891256691
4655718 1.2291158099944055
4656045 1.1494337544063997
4656366 1.5602244079307086
4656693 0.5223221469457159
4657021 1.3134761741030352
4657352 1.3928010750616269
4657679 1.1890781667589716
4658005 1.2864574890779654
4658331 1.2350059391345058
4658662 1.3387903755738653
4658997 1.383479148945672
4659332 1.35016371710889
4659669 1.3264184590548314
4660006 1.2452374435630058
4660336 1.0776499879202506
4660668 1.2254705364277398
4660995 1.4154246536706991
4661322 1.4217000822775696
4661649 1.4140829515783064
4661975 1.4144492541064684
4662301 1.3326727233368407
4662627 1.1584106660386244
4662951 0.9790145710136132
4663271 1.4761146101355043
4663588 1.5618141613949161
4663903 1.6381587542829157
4664220 0.92334886770157
4664392 1.4084799746309318
4664541 1.4602478888683974
4664857 1.507252177426878
4665172 1.1831430444166129
4665490 1.5874712604294836
4665804 1.5897863914642176
4666123 1.5355861561936583
4666446 1.292264733693116
4666765 1.1192735324693366
4667089 1.3258988379861272
4667408 1.350187269530255
4667736 1.449490936743535
4668062 1.4084589854527705
4668388 1.329772958932085
4668713 1.1352264817867648
4669037 1.031499795574261
4669360 1.2973132713063977
4669676 1.3934217771551707
4669995 1.487439632191498
4670315 1.3310231703234352
4670637 1.2130846358668723
4670953 0.9806090859222405
4671275 1.5084825468882594
4671593 1.4326792419651897
4671917 1.3483207920085305
4672238 1.1363727853554861
4672558 1.1814083817481287
4672876 1.2771257352418262
4673193 1.41056261298803
4673505 1.267604111547545
4673815 1.4572892376287736
4674121 1.4383995159051148
4674428 1.3924097408091387
4674737 1.3406015771678528
4675045 1.31950551654498
4675352 1.1193828442959786
4675656 1.2144636496784256
4675961 1.4247052775040663
4676272 1.3840982800431187
4676588 1.4857620533797655
4676905 1.1540957537441143
4677224 1.3028013544589072
4677539 1.2347682727638543
