243370 -0.5895191550055043
243803 -0.5373239233850166
244245 -0.5287882068120457
244688 -0.5268632092910177
245131 -0.5686751257535474
245567 -0.5838521585074792
246000 -0.571971092765245
246438 -0.5362530420736513
246875 -0.5541462716192975
247312 -0.5750758509473171
247740 -0.5816757728353037
248166 -0.5705411059357297
248600 -0.5380230341558231
249038 -0.5383153624050276
249476 -0.5710687396387415
249906 -0.5856777087360867
250334 -0.5670174249083907
250772 -0.5297759890562355
251213 -0.5296056252520296
251659 -0.5700520400518718
252095 -0.5861180493476579
252530 -0.5565587809647998
252974 -0.5323421484271973
253420 -0.5336688725403651
253867 -0.5749046568385023
254305 -0.5905878844533998
254743 -0.5585600327107226
255188 -0.5262343637953283
255637 -0.5326212019583698
256087 -0.5550732936203586
256528 -0.5872283562652709
256963 -0.5889553327580719
257409 -0.5449969820908187
257854 -0.5303601200094251
258301 -0.5630491369088955
258742 -0.5740231746317643
259180 -0.5701820345676654
259630 -0.5335665136494069
260081 -0.5260705905320957
260533 -0.5633608395075456
260976 -0.5955502820612188
261418 -0.5574677983936338
261867 -0.5309725813170766
262314 -0.5309673267186492
262757 -0.5790281763137034
263194 -0.586147888987649
263634 -0.5547421995667661
264079 -0.5222614004041715
264530 -0.5326164242553697
264978 -0.5514087568965886
265420 -0.5752163730471807
265855 -0.5784815323135694
266301 -0.5230612821371827
266745 -0.5303406716278418
267193 -0.5642646187411682
267633 -0.5836641073191866
268070 -0.5738929238467041
268512 -0.5573838503204324
268961 -0.5277120682195922
269410 -0.5605962215552696
269851 -0.5865146304519189
270288 -0.5870855642072725
270734 -0.5405643490315599
271181 -0.5248132889249868
271627 -0.558120312008132
272064 -0.59534915843328
272498 -0.5791964193361321
272941 -0.5363965975107425
