3269876 -0.5924202459687609
3270362 -0.6181945517915914
3270842 -0.6285765613845429
3271320 -0.5584240559109959
3271804 -0.5646888554948344
3272292 -0.5710240954035084
3272774 -0.5867132329659973
3273244 -0.6228108031040684
3273701 -0.5902106880096105
3274158 -0.545844213936208
3274621 -0.5494002017318538
3275084 -0.5636832199928298
3275548 -0.603100408464208
3275999 -0.5924790258262809
3276450 -0.5637892668343338
3276908 -0.5327093527491491
3277366 -0.55842161633297
3277816 -0.6006254143319182
3278256 -0.5777061983024969
3278702 -0.5327866673196616
3279152 -0.539010998224612
3279604 -0.5682542016072802
3280053 -0.60678700228007
3280498 -0.571891242807443
3280950 -0.5543389517526676
3281402 -0.5792070524057631
3281832 -0.5784395784203928
3282272 -0.5537581863804645
3282714 -0.5681157798376643
3283160 -0.5941572496309462
3283597 -0.6004791130961351
3284042 -0.5634447687368834
3284500 -0.5843319227715555
3284965 -0.6032803205497794
3285424 -0.6199168734726894
3285883 -0.5831478383196811
3286346 -0.5798137843068619
3286814 -0.5889626852823266
3287282 -0.6226506320291666
3287740 -0.6144910853451239
3288210 -0.58254606594678
3288682 -0.5981160270436796
3289155 -0.59788401234407
3289625 -0.6219343341192729
3290085 -0.6147153606175101
3290554 -0.5957359414359127
3291026 -0.5936908161128631
3291498 -0.6030937870120869
3291966 -0.634131219257651
3292425 -0.6158508769984038
3292891 -0.5930733063723372
3293359 -0.6009992394283975
3293828 -0.6064867800908733
3294296 -0.6126272211344918
3294755 -0.6422081423887201
3295205 -0.6400913783142557
3295656 -0.5979541742932022
3296113 -0.5976027595321229
3296570 -0.6088391917481277
3297026 -0.6388674645558517
3297475 -0.6384588287010529
3297931 -0.5881037289290634
3298389 -0.5946704668525378
3298846 -0.598757533821735
3299303 -0.6137154267230591
