4737777 -0.8708599020939158
4738127 -0.7901830407785007
4738473 -1.0121411419399462
4738816 -0.620693010084273
4739163 -1.326635052454443
4739502 -0.5795474988661362
4739840 -0.7354742675120853
4740176 -1.317094621801808
4740511 -0.8693391649432504
4740844 -0.7958306089239192
4741179 -0.7464871900698681
4741513 -0.6605614048121126
4741844 -0.6306163121150057
4742173 -0.531997816792456
4742502 -0.6715674222938479
4742830 -0.5050993179912011
4743185 -0.2352665390148604
4743474 -0.695534889416398
4743793 -0.6322405369263797
4744110 -0.7704075766840444
4744427 -0.7120472929109973
4744744 -0.7069458837947684
4745059 -0.6067898400813752
4745370 -0.6806899144534112
4745684 -0.8211577599035464
4746000 -0.8387569774551464
4746341 -1.0944995659271657
4746623 -0.8200690407422189
4746934 -0.8327747790898125
4747247 -0.6168882140253047
4747559 -0.6787427786663932
4747868 -0.7099692852084232
4748178 -0.7747795274452858
4748484 -0.9649581873107931
4748648 -0.4551360025262754
4748792 -0.663024497216476
4749103 -0.6440042418792093
4749410 -0.41512096333385473
4749669 -0.6045838642640528
4750021 -0.533382000025015
4750328 -0.5818512763834466
4750637 -0.5552168376172218
4750953 -0.600695624934751
4751264 -0.7044442090359531
4751576 -0.7239734208388431
4751887 -0.650555171040815
4752205 -0.5810770788522781
4752522 -0.6738993557492909
4752839 -0.6736301205351554
4753153 -0.6184195105831256
4753465 -0.6199354057803015
4753783 -0.6752042577140307
4754100 -0.6409496270021542
4754410 -0.6197820771966582
4754726 -0.6075848404661467
4755045 -0.6559844668841581
4755364 -0.6691829851601709
4755681 -0.748008831208725
4756000 -0.550716292754811
4756312 -0.5968230410331751
4756630 -0.6265910612400494
4756950 -0.5979135161158264
4757262 -0.6652941975421243
4757573 -0.5015273695634099
4757879 -0.6044408843853526
4758194 -0.6872913210495845
4758504 -0.5907794448152545
4758813 -0.5658798155020293
4759120 -0.450997511755027
4759427 -0.6438472148463101
4759731 -0.6905194518495068
4760034 -0.6920767643588386
4760338 -0.7053316472058915
4760639 -0.7195843282688948
4760941 -0.6232216994622333
4761243 -0.6435225410714649
4761546 -0.701668805333095
4761849 -0.642703985336591
4762155 -0.6838395159169228
4762459 -0.7132437720562746
4762761 -0.6718012359113986
4763064 -0.7489511444562267
4763365 -0.6966228625849819
4763667 -0.6744659485002089
4763965 -0.6865719984312149
4764264 -0.6670534815735532
4764561 -0.6605138942637483
4764856 -0.6543658982635001
4765152 -0.6200742260808533
4765446 -0.596721463462758
4765742 -0.6676449039459826
4766040 -0.71036396975188
4766340 -0.7311319231137525
4766636 -0.5947240366060925
4766937 -0.5066206718902545
4767234 -0.6394818945766905
