2550690 -0.39493389225381514
2551083 -0.43763987549866984
2551477 -0.45527867411579004
2551872 -0.4668435387721731
2552270 -0.45751111549753937
2552671 -0.40476139897299973
2553073 -0.3859055148272834
2553467 -0.4434219706854372
2553869 -0.45626867348590233
2554272 -0.4612840956335015
2554680 -0.47133464063302716
2555089 -0.45668206645461223
2555498 -0.39668634280658405
2555906 -0.44456429478459114
2556313 -0.45375788367150205
2556718 -0.46458771951692296
2557123 -0.45655203137130296
2557527 -0.46640570428334266
2557930 -0.40371914047885127
2558329 -0.4315370656840349
2558728 -0.4543745703756898
2559131 -0.46305809431967554
2559535 -0.4700042395051288
2559937 -0.45295415871269384
2560338 -0.44225039634174307
2560744 -0.45094680240747254
2561149 -0.453269301211541
2561560 -0.4628297544422685
2561968 -0.457982473881653
2562375 -0.38984360794998546
2562783 -0.44004090979768284
2563191 -0.45494629550759547
2563601 -0.4616724558974921
2564016 -0.4646643955143794
2564432 -0.3976841252064996
2564844 -0.39075663304199687
2565250 -0.446473612047893
2565661 -0.45911216934658033
2566072 -0.46448638119150126
2566482 -0.470000646848995
2566892 -0.40674239625244996
2567300 -0.3956263708650272
2567702 -0.4546023352797062
2568100 -0.45934151142514673
2568501 -0.4601001105120877
2568903 -0.40346212810199916
2569301 -0.3949625817329599
2569692 -0.44946475316742884
2570087 -0.4495601885521881
2570487 -0.4591757761318696
2570888 -0.45614430584632903
2571291 -0.4688893958663252
2571698 -0.40105913832881723
2572101 -0.4434780194166099
2572504 -0.4541923489398256
2572903 -0.4603637078067689
2573304 -0.467953477191862
2573523 -0.6493867536124563
2574090 -0.368047860200735
2574477 -0.3939512901218093
2574848 -0.45003790330517485
2575226 -0.44984243846104327
2575608 -0.4618796787356008
2575995 -0.4619298702209395
2576377 -0.41751542252859436
2576764 -0.4401729788641634
2577157 -0.4504563330971862
2577549 -0.46276868207040367
2577944 -0.464583715309641
2578337 -0.46915929730951444
2578728 -0.45363669522657013
2579121 -0.4357546693983027
2579517 -0.44575410943259497
2579915 -0.44663104480345966
