6775141 1.1603677055082455
6775470 0.895550896516798
6775795 0.904368277883258
6776118 0.7660359098016039
6776438 1.0579973755738066
6776759 1.1177429608587517
6777081 1.096186148452865
6777404 0.8782924440080453
6777725 1.0173287225009915
6778045 1.0637136015314805
6778366 1.033332451599089
6778687 1.088817221006206
6779011 1.1013055979442228
6779336 1.0427718154723238
6779661 1.164700212223136
6779984 1.0509750693323014
6780303 1.0015348374861066
6780622 1.015062016842904
6780942 0.8712968559746963
6781263 1.0343989569706749
6781586 1.1158852924473845
6781911 1.2597434537206624
6782236 1.28569040277371
6782562 1.2542116018680811
6782891 1.0277352823093948
6783220 0.8430331144174621
6783547 1.023902781417276
6783875 1.1836095887566298
6784200 1.206161000317965
6784526 1.1000821616922392
6784852 1.0742249899304814
6785179 0.9149473385732994
6785504 0.9714325463012483
6785830 1.2214175615510103
6786156 1.1797251633570047
6786484 1.1657391947372329
6786812 0.9997411196654651
6787140 0.9825288671379868
6787468 1.0622079454629647
6787798 1.1186907162537256
6788130 0.9553063133458171
6788464 1.0053447696285969
6788796 0.9370451018041477
6789129 0.984782773658893
6789464 1.1554362538450582
6789798 1.1961507113229992
6790134 1.0031746049349581
6790470 0.9575568033195863
6790802 0.8798397920476186
6791134 1.0688317437962722
6791465 1.0509156186251079
6791798 1.037022642542241
6792131 0.9435553548628609
6792465 0.9027761025113422
6792796 0.8584899465249174
6793127 1.0161723371031794
6793459 1.0970143138210882
6793790 1.0150256083915508
6794121 0.8606244092794073
6794452 0.8431167621128414
6794780 0.8316913545872846
6795107 0.9410209096463548
6795433 1.0385392160163736
6795759 1.1149849245838885
6796084 1.0460016833123775
6796408 0.9505058695414181
6796734 0.9696818028949958
6797057 1.1023967737710598
6797378 0.9873460158183203
6797700 1.071918183971773
6798021 1.0250585520262008
6798341 0.8694024868890862
6798663 0.8285421902265411
6798982 0.8123083712377868
6799301 0.9043252441908087
6799622 1.0458369535682124
6799941 1.0962579378773887
6800263 0.9067954981504605
6800584 0.9764034314438987
6800903 0.8454801351948342
6801222 0.9371808022295897
6801541 1.0677292634254163
6801859 0.9513499626082289
6802181 0.9765049557884387
6802503 0.8717641101133182
6802824 1.0850607550072602
6803144 0.9970842878873076
6803467 1.0789789480690288
6803789 1.0245700727255915
6804113 0.9336035754271153
6804434 0.8435293793581831
6804756 0.9268889406015507
