932692 -0.6508754588088635
933053 -0.6525925639465819
933415 -0.6947242107213487
933767 -0.6981059332695507
934113 -0.6597721707513353
934453 -0.43307646484336565
934792 -0.7976711776024059
935210 -0.7130137153567344
935313 -0.11525826381062565
935469 -0.6834072927094563
935807 -0.6672107468289896
936149 -0.6527957989923633
936493 -0.6714697314998876
936836 -0.6697698023787035
937170 -0.6145142284036176
937507 -0.718995994669597
937853 -0.7140454297380732
938198 -0.676360588620945
938540 -0.6410593169487069
938881 -0.6285423575415432
939233 -0.6212172509413942
939595 -0.6377233077153985
939946 -0.6651297137955059
940291 -0.6551340584588925
940631 -0.653949144394681
940980 -0.6554995857974008
941334 -0.6420520656408739
941679 -0.6384017094238389
942019 -0.6083868419051157
942354 -0.4779079770750506
942697 -0.6765753851226889
943045 -0.666057082927872
943384 -0.6528723459101693
943718 -0.688635422814396
944052 -0.6914465787338413
944388 -0.7047872078322668
944726 -0.6494369824505967
945058 -0.6339740407377463
945391 -0.6835979821091602
945725 -0.6534757808766363
946066 -0.6411009989952741
946410 -0.6445759879129055
946756 -0.6694898132625005
947100 -0.6521240808883484
947436 -0.6553174925870859
947773 -0.6527926907346799
948111 -0.682496040075454
948447 -0.643863934668865
948794 -0.6461191125678153
949143 -0.6656503276150945
949495 -0.6915248854543043
949846 -0.6691751128038694
950192 -0.6537179227089184
950539 -0.6386362692818857
950894 -0.6751620781081527
951252 -0.6958241814258457
951611 -0.7005175235394425
951961 -0.6713361569601574
952310 -0.6421965593625374
952657 -0.6621510547756453
953014 -0.641256464983752
953374 -0.6717859797466683
953734 -0.6799761424841351
954086 -0.6227076290115242
954434 -0.6398863627192798
954792 -0.6479019385014213
955159 -0.6455222138689748
955524 -0.6643855402299692
955881 -0.6510269111924831
956234 -0.6391838431860035
956593 -0.6152976936796523
956961 -0.6340059986717016
957332 -0.673743637155925
957703 -0.662949390932158
958070 -0.6847493403279741
958432 -0.6830388947617432
958787 -0.6840567783884917
959138 -0.6541494279618911
959489 -0.6762672084664345
959844 -0.6879349655342187
960202 -0.6922380792486469
960560 -0.70655242814637
960913 -0.657965157496073
961265 -0.6616320114002007
961616 -0.6433462093478214
961968 -0.6369892052913999
962312 -0.6601278559703299
