6475397 1.6483400248938547
6475817 1.6789765420585219
6476235 1.6490949286934269
6476655 1.603712432894501
6477069 1.63471192699319
6477484 1.6924777227279368
6477900 1.668980956498869
6478305 1.5679583667545884
6478699 1.3653957108795902
6479091 1.5654305670921977
6479487 1.6201270303814805
6479886 1.6876090078967518
6480290 1.7026449051600576
6480703 1.575798012096543
6481101 1.4371900042487753
6481499 1.533467399934426
6481898 1.582810192857689
6482302 1.5966725737566752
6482706 1.4767023490368063
6483107 1.486780713830126
6483508 1.5525535152641694
6483908 1.5849837892721401
6484314 1.5892213228283305
6484723 1.4812732704588074
6485129 1.5093522872616334
6485537 1.594480102261071
6485951 1.6033904389586928
6486374 1.608254276882239
6486793 1.5215554530078708
6487204 1.5279667115241682
6487621 1.5917182280545683
6488043 1.6054185900338322
6488471 1.6020132866338415
6488901 1.5921969693579463
6489324 1.5234052366107482
6489744 1.5671573607113425
6490165 1.6005231461153806
6490589 1.6214186511580748
6491018 1.6227243733121055
6491446 1.5321886108410507
6491862 1.5133651657078673
6492278 1.6238793890181136
6492698 1.6160323570763973
6493124 1.6287932793780182
6493554 1.61815386532888
6493981 1.5409372911117467
6494395 1.5289758306517736
6494812 1.6266286644160015
6495231 1.6546778569786467
6495649 1.646651842412079
6496061 1.571991184790007
6496469 1.4923077064552759
6496872 1.6204725885516176
6497278 1.6552716168779624
6497687 1.6651696915548537
6498088 1.5170721057953427
6498481 1.5291618896285761
6498877 1.6435204446236076
6499280 1.6829393803036723
6499685 1.5862897409680352
6500085 1.4637595933587462
6500480 1.641581409849777
6500880 1.680541092689135
6501290 1.7062389853607092
6501704 1.5957342572436777
6502109 1.493355533864769
6502513 1.6428272250687064
6502923 1.6783424365241038
6503340 1.6958587152233056
6503755 1.5990396501944486
6504165 1.5261580243486539
6504573 1.6660968264597944
6504986 1.7118621961138716
