2910692 -0.372325380731822
2911229 -0.38738181331757554
2911765 -0.38229160450258926
2912291 -0.3622699742727134
2912809 -0.37917421093218284
2913260 -0.3806280359173191
2913705 -0.3843062386197014
2914156 -0.3946815665291243
2914616 -0.3810301605442434
2915081 -0.37194970026431473
2915547 -0.3680084831547908
2916036 -0.3805957459911383
2916567 -0.37974082836508116
2917208 -0.37654631897249896
2917781 -0.3713188862093407
2918341 -0.3616736087914523
2918905 -0.3736218861269136
2919461 -0.3794694693251778
2920009 -0.37167446977227914
2920546 -0.37422813804213984
2921077 -0.3658868077329634
2921617 -0.37211387516715616
2922157 -0.3743841650494377
2922698 -0.3809796434680446
2923231 -0.35130936383448613
2923751 -0.4178401102770175
2924284 -0.3681387990881157
2924759 -0.3976699170864704
2925201 -0.4001113648428189
2925633 -0.3760690041629397
2926062 -0.3630200699609436
2926494 -0.37257541419432477
2926934 -0.37222228867169227
2927385 -0.38743957934486906
2927843 -0.36249693867615956
2928291 -0.36326549219207416
2928731 -0.36330295447372335
2929176 -0.35845623115140834
2929644 -0.3753651009909895
2930131 -0.3740016907908358
2930615 -0.37236250258566017
2931071 -0.3286947663485066
2931510 -0.3599960323800602
2931939 -0.36302467725746507
2932361 -0.3774997854837439
2932775 -0.3867220261344977
2933173 -0.39512789021298617
2933571 -0.39517519000951784
2933977 -0.39072980781731953
2934392 -0.3827151201164161
2934818 -0.37435156334095065
2935255 -0.3651361948710101
2935709 -0.3865689723091045
2936184 -0.36898774571017234
2936661 -0.39292050806810264
2937115 -0.3705973214552729
2937556 -0.37212702948094895
2937997 -0.3638802076074311
2938449 -0.38603592584120416
2938914 -0.3942589517802797
2939383 -0.38433965877600224
2939844 -0.3485362270914027
