4438612 -0.44976572971790263
4439013 -0.4634555792536021
4439413 -0.4961254258465873
4439807 -0.507385263938019
4440190 -0.466660886511454
4440575 -0.4569630297648844
4440969 -0.46942195475603127
4441361 -0.4855039829915162
4441753 -0.4760500772270425
4442131 -0.47640319828787214
4442502 -0.48909924614880884
4442870 -0.5009588928580777
4443237 -0.5105595368082875
4443596 -0.4599630287315869
4443953 -0.43543034394328
4444312 -0.4915577846011228
4444669 -0.49921235214119264
4445026 -0.5556523019622382
4445396 -0.587645096042492
4445755 -0.5382858498612567
4446112 -0.5134547967459788
4446473 -0.5100255272952748
4446837 -0.521330351677783
4447202 -0.6125669684354832
4447558 -0.5214710979453404
4447910 -0.5239958239050799
4448262 -0.5387885649836841
4448624 -0.5744693972059983
4448985 -0.5676174046401015
4449345 -0.5342761930148126
4449708 -0.5148424171189128
4450086 -0.5221940476716217
4450468 -0.5042706689583389
4450858 -0.5389786534157998
4451240 -0.5435718351360759
4451627 -0.5311982134356497
4452020 -0.5176159849451517
4452420 -0.5253029750830097
4452825 -0.5366244960914035
4453229 -0.5488741789729896
4453631 -0.5234952554061914
4454030 -0.5163296112029966
4454436 -0.5099206335454355
4454842 -0.5334061507607158
4455246 -0.5590893024167038
4455648 -0.5547261062633672
4456046 -0.5032998556694892
4456453 -0.5055974163919931
4456868 -0.5158641666299872
4457281 -0.5220810947616961
4457683 -0.595427665826633
4458072 -0.638903521078744
4458446 -0.5706547718890986
4458811 -0.5085269703555819
4459172 -0.5010773648935918
4459531 -0.46980002409342525
4459887 -0.46916879015735213
4460239 -0.5663639250528494
4460585 -0.5700349032280629
4460928 -0.541626432147358
4461270 -0.5449220229525742
4461620 -0.5392495903950367
4461974 -0.5633753384514386
4462330 -0.596742934316057
4462686 -0.5918500034953468
4463040 -0.5709762627885578
4463398 -0.5505765880892208
4463763 -0.5476026472941072
4464135 -0.5753430993546969
4464515 -0.593611247536041
4464890 -0.655818559421146
4465258 -0.5664144256582704
4465620 -0.5920686061160573
4465980 -0.641767724989461
4466340 -0.6592746509824098
4466696 -0.6053269335645198
4467061 -0.5661655571917255
4467439 -0.5538533734974939
4467822 -0.5785678531040749
4468202 -0.5728943657777403
