6775098 -0.6235267868018248
6775417 -0.5970006572582981
6775736 -0.6456928272375397
6776064 -0.644932451080912
6776384 -0.6695467162389529
6776700 -0.6539597523289571
6777021 -0.6053263188554276
6777348 -0.6714402224322288
6777672 -0.7456337239234083
6778000 -0.7565558481719524
6778325 -0.7235944180193215
6778651 -0.6241067038255328
6778979 -0.713965696538759
6779304 -0.6089668716818513
6779631 -0.6627747262181442
6779961 -0.6700181252062893
6780293 -0.6979264098897969
6780620 -0.6920899165324147
6780949 -0.6828268975698879
6781276 -0.6748767250237913
6781603 -0.6656241686722693
6781928 -0.6534113673569548
6782252 -0.6895783519876515
6782574 -0.5931453032987027
6782892 -0.666989458085843
6783208 -0.644722461632254
6783523 -0.6767255691446876
6783836 -0.6487294044784784
6784147 -0.6428324137732321
6784460 -0.638648853684771
6784772 -0.660677331277328
6785082 -0.6478664197694995
6785388 -0.6968264091102363
6785685 -0.5809295677078885
6785992 -0.6713043580479069
6786300 -0.630476307551176
6786611 -0.7113335206019173
6786917 -0.6218130856203334
6787219 -0.6242764227569043
6787526 -0.685672407443866
6787827 -0.7098290460306367
6788128 -0.6663845068595431
6788424 -0.7482647730326186
6788720 -0.656720919654351
6789017 -0.652185393959493
6789316 -0.7590013148061291
6789614 -0.6964330697646922
6789914 -0.7711031106168831
6790216 -0.6039705868451364
6790521 -0.6020185107581528
6790829 -0.653471000008905
6791141 -0.6047043888804138
6791456 -0.6264668759294738
6791772 -0.6438320979103507
6792086 -0.6517327313984804
6792403 -0.618669118485769
6792720 -0.6179155664353773
6793040 -0.6023029447260845
6793360 -0.6268119912518737
6793681 -0.6350985941289597
6793998 -0.6690343206034354
6794313 -0.6566501823770287
6794628 -0.6430207690486835
6794941 -0.6113903108410659
6795256 -0.6136112674005867
6795570 -0.6244715404588703
6795885 -0.6249247752401608
6796199 -0.6412853935467406
6796507 -0.6166476162991396
6796823 -0.6840675755007657
6797137 -0.6368778775179806
6797443 -0.5623626514484237
6797756 -0.5337077438801426
6798079 -0.7021402086567584
6798403 -0.7262399812201992
6798721 -0.5930888105280139
6799031 -0.5644913708058635
6799346 -0.6261332631208961
6799665 -0.6300939061923851
6799978 -0.6395373880326867
6800301 -0.6600166307672267
6800623 -0.6615472968118076
6800948 -0.664268820460866
6801275 -0.6604894118327047
6801600 -0.6608423428773519
6801921 -0.6411713977696866
6802249 -0.6435255790426759
6802580 -0.6497178744878368
6802912 -0.6467486461209186
6803243 -0.6472298477987043
6803575 -0.6640429344471958
6803905 -0.6402646550454093
6804235 -0.6415786178234695
6804565 -0.641949332422775
6804896 -0.6573916283844898
