2251030 1.6720293171364784
2251467 1.7451840669585106
2251911 1.7815552993624224
2252357 1.748032920348645
2252801 1.699258050948747
2253238 1.6901175794760237
2253676 1.7650662359661862
2254117 1.781978931148227
2254560 1.7494416437162252
2254999 1.681896351279506
2255439 1.7633797676878278
2255887 1.772120462661473
2256338 1.7539628931572016
2256789 1.7193554252807435
2257235 1.6933178333775782
2257685 1.768384980701081
2258140 1.7704306387449855
2258594 1.7209779762219266
2259048 1.6937167259762043
2259495 1.6845777184600026
2259952 1.7482661383352815
2260416 1.7374167414270094
2260881 1.7468563946538251
2261343 1.7057655566827965
2261804 1.6831910962317096
2262262 1.6820965582137588
2262725 1.7343390898898874
2263191 1.7312015367411122
2263657 1.712389227226299
2264122 1.6942391448170122
2264578 1.6701963023736652
2265032 1.7379910798513059
2265486 1.7406229044138248
2265940 1.718309334711288
2266393 1.6879690291782534
2266843 1.6658067360203364
2267297 1.7432081706299376
2267755 1.7497375949960519
2268218 1.7350747522159464
2268681 1.7115766400482917
2269138 1.6678192296510024
2269588 1.6821632176114552
2270040 1.7527758518446621
2270491 1.7315938632601766
2270938 1.6829898398266108
2271379 1.7108605315143997
2271830 1.765707352255882
2272284 1.7597427197979503
2272744 1.7281331915654197
2273209 1.7120288775635455
2273667 1.6766570781561465
2274123 1.7130723767332796
2274586 1.7479798465728285
2275049 1.818774265623789
2275507 1.7368381056041855
2275953 1.6633888371391898
2276386 1.5775361954615277
2276814 1.679218818524195
2277249 1.7333060298590444
2277684 1.7833355312219044
2278112 1.8013062831024045
2278525 1.526982492064905
2278942 1.6723264489688363
2279084 1.182707615129846
2279344 0.6373267172247539
2279740 2.4661609372484223
2280124 0.7790396314939729
2280505 1.4587526838551885
