5157762 1.0134874977414259
5158173 1.082816880411638
5158594 1.1023012124078242
5159019 1.1056569150222728
5159448 1.0390620784771571
5159873 0.9370248445969942
5160291 0.9586371327454951
5160707 1.0631360195956678
5161130 1.0999000789015865
5161561 1.1060654288663772
5161990 1.0634907944290446
5162413 0.9377553376589265
5162832 0.9555407120579325
5163248 1.0921388097526772
5163673 1.0991120749946695
5164106 1.1097863464843698
5164541 1.1099711862679686
5164973 1.010830735168334
5165393 0.9148882936147124
5165808 1.0470136741319946
5166227 1.101856212049195
5166650 1.1310620075598905
5167072 1.1262830332130127
5167486 1.0202417442085443
5167893 0.9131686658617472
5168297 0.9724294906605416
5168698 1.0945693631290203
5169109 1.1271727235564402
5169524 1.1238656532542048
5169933 1.0363707574682408
5170335 0.9267162749084701
5170734 0.9341722961062859
5171132 1.0771947366236339
5171536 1.1260643218631898
5171947 1.1292546921357687
5172354 0.9848124090477159
5172754 0.8981737295087744
5173150 0.9808518511399653
5173547 1.104516479767152
5173948 1.12721524365495
5174353 1.1330583355062127
5174757 0.9796776848618577
5175155 0.8936506108891755
5175551 1.0566222498513413
5175949 1.1408078292337418
5176354 1.1290200807121666
5176762 1.0262774649708044
5177165 0.9083256505345862
5177564 0.9694946091919352
5177965 1.1164575159717227
5178371 1.1207114732265278
5178782 1.1332223011930913
5179194 1.0938957824314777
5179606 0.9651544149202433
5180010 0.9131412412486908
5180410 1.028306046394085
5180817 1.1127248719126932
5181238 1.1293760582597427
5181667 1.1202000072949359
5182095 0.9572537526630099
5182512 0.9155413156943635
5182924 1.063909706874889
5183341 1.1281541980125476
5183768 1.1371141039021246
5184196 1.0888748175063805
5184620 0.9295784561686804
5185032 0.9107882950792334
5185440 1.0788118316197877
5185858 1.1368951768135873
5186284 1.1424127510948605
5186715 1.1390588436622153
5187142 1.0849252722669416
