6595044 1.009915666842335
6595440 0.996641400483171
6595840 0.8406567368160893
6596232 0.840772177943042
6596623 0.9989894684130486
6597008 1.0242463802882376
6597407 1.0128148716112286
6597812 0.8987983916800819
6598217 0.8324947854730299
6598610 0.8668404977968633
6598995 1.0360087868869323
6599394 1.0372367700030654
6599792 0.9857932561356825
6600194 0.8438525499931977
6600586 0.8188357486988495
6600969 1.0180874115487384
6601351 1.0271957505565685
6601740 1.0073441339518319
6602131 0.9155053057874685
6602524 0.8318099427399877
6602907 0.9004442209489161
6603284 1.0280280408104452
6603668 1.027264994413434
6604060 1.0190124189673613
6604461 0.8592520335413496
6604860 0.8367998640453695
6605252 0.9842043890704301
6605640 1.0185683205399567
6606040 1.0224979748377006
6606439 0.9386074235597519
6606836 0.8361287182129902
6607227 0.8392945541770429
6607612 1.0211779581432878
6607998 1.0241447443740799
6608393 0.9634548880960494
6608796 0.8364924156160469
6609192 0.9022179486265237
6609580 1.0192908510958931
6609982 1.0161199478156036
6610392 1.0033524252627002
6610804 0.8466570513125429
6611210 0.8321176208974193
6611608 1.0139121425871862
6612011 1.0322202146821609
6612430 1.017572921956462
6612856 0.9324165573723494
6613277 0.8456993817663445
6613685 0.8716695030733648
6614083 1.0238567924350883
6614501 1.0363918528667613
6614936 0.937575032931117
6615360 0.8706336967214638
6615775 0.9086372941584051
6616185 1.0305255408400944
6616609 1.0420858790692582
6617062 1.006407043370952
6617562 0.9219241294592869
6618066 1.1542563906605738
6618525 1.061390282895702
6618958 1.0069203681842525
6619369 0.8799965128659004
6619768 0.8394076572506881
6620153 1.0078303573717573
6620533 1.0231172980834253
6620921 1.012429970172463
6621309 0.8894546357132214
6621700 0.8388884366863488
6622079 0.8412657680062048
6622450 1.0204098263327612
6622821 1.0252008318883459
6623197 1.0098402383325948
6623578 0.8530226802998877
6623948 0.7993952236347118
6624313 0.9522624168934635
6624666 1.048324485334115
