3389757 1.33170489553691
3390192 1.3513743101851927
3390631 1.347944190833173
3391080 1.360247342910514
3391535 1.364426323133637
3391978 1.3590367706931625
3392424 1.3724135450947443
3392867 1.3766675422658805
3393310 1.371094353032892
3393752 1.379711344795271
3394183 1.3794399757933045
3394603 1.3785304466233304
3395016 1.391336064370079
3395444 1.4352538250854938
3395872 1.443532137171574
3396290 1.3955320456255236
3396702 1.3927673859849754
3397118 1.4736695015271117
3397544 1.4802195469419615
3397972 1.4654158110392796
3398400 1.4450318024682243
3398812 1.3886241604227272
3399225 1.471113026221118
3399642 1.4979691475384296
3400064 1.4965720044335755
3400484 1.4705611553454505
3400901 1.4492900968293987
3401305 1.4399434736656374
3401693 1.3819331325735682
3402070 1.3106559995304123
3402449 1.4228654023994154
3402822 1.4039286960192057
3403220 1.3664735778944275
3403607 1.3524209902484525
3403998 1.4611918213455761
3404395 1.4556099146514316
3404807 1.4154620831324816
3405206 1.2924406360322145
3405603 1.3314817019063097
3405992 1.4337728437491881
3406384 1.4628153025079205
3406801 1.439532317919712
3407223 1.3821014968189174
3407640 1.3071696962211437
3408046 1.2660173422480523
3408444 1.3936857498670743
3408835 1.4618910872089952
3409244 1.4669967671319504
3409669 1.418278567572388
3410082 1.3388337881634387
3410488 1.403754065617612
3410890 1.4609490284391153
3411305 1.487730493243225
3411747 1.4867670622463838
3412186 1.4120995937978809
3412616 1.3723198104198202
3413049 1.441642786956536
3413495 1.4865238828729352
3413942 1.4044733226366986
3414360 1.3197578579131122
3414784 1.4517806488546046
3415210 1.4734536867606352
3415643 1.4657392559177156
3416072 1.4349897757873213
3416495 1.366093869607125
3416904 1.3267256169013346
3417310 1.4470842333345975
3417714 1.4709616201621092
3418140 1.4668767104683442
3418573 1.4334970976692074
3418995 1.4128733401680211
3419406 1.3875471904422185
