3689269 -0.5470081885736326
3689707 -0.4931068264383378
3690155 -0.44086870216785146
3690610 -0.41484807398722523
3691072 -0.4207696389288075
3691534 -0.5024445960369048
3691991 -0.5323866346911491
3692452 -0.476262389369069
3692920 -0.43741790579613865
3693391 -0.43646421621782877
3693866 -0.44968403558611775
3694334 -0.5177929191555644
3694798 -0.5332085358136509
3695266 -0.44677830161531845
3695738 -0.4293171830756176
3696212 -0.4437504793800749
3696684 -0.46177399132127167
3697150 -0.49106800786217375
3697610 -0.5248575464688289
3698075 -0.44353301000857204
3698542 -0.43035902980566526
3699011 -0.4423500318580778
3699478 -0.46128334038068514
3699939 -0.5133716528671826
3700394 -0.4786681725149386
3700852 -0.45378507585667943
3701314 -0.4436060200411215
3701779 -0.44458342516186405
3702243 -0.4772199145942014
3702700 -0.5076617282871041
3703150 -0.5030935224520848
3703603 -0.4472924261916766
3704058 -0.4423270549867144
3704511 -0.44087850132565665
3704961 -0.44066902359861476
3705411 -0.4520212498999432
3705860 -0.5017663348658321
3706306 -0.5169656381002576
3706756 -0.4505409134509184
3707206 -0.4344708745252562
3707655 -0.4400984603455906
3708106 -0.44676930695855577
3708557 -0.4548465915185029
3709005 -0.4997694765996299
3709444 -0.5154891176108778
3709883 -0.4836618864587071
3710327 -0.427811801286702
3710775 -0.4273081672586935
3711223 -0.4445881743994336
3711666 -0.5180424973388738
3712103 -0.5145429726728727
3712543 -0.46142318332018495
3712988 -0.41059030716692063
3713438 -0.41165572907555426
3713882 -0.5056290181594536
3714318 -0.5225256358505943
3714759 -0.4697518490313027
3715204 -0.41892524078107823
3715656 -0.4056485550661784
3716110 -0.48343437587729227
3716561 -0.5244823994303824
3717019 -0.46427472455560753
3717486 -0.4265840832271879
3717950 -0.43455133528141215
3718413 -0.4715966965993286
