2131067 1.3162374246335107
2131499 1.338948685599933
2131928 1.380355681504951
2132356 1.4185378348255735
2132787 1.4681198783571352
2133221 1.4832833875735532
2133646 1.4183950151628646
2134068 1.4898823673004733
2134502 1.5400272212305284
2134934 1.5255341042395074
2135373 1.5065741621966402
2135814 1.4836983603070082
2136255 1.4171078914808288
2136686 1.425859841679103
2137123 1.5638425831941452
2137559 1.5130838882856865
2137994 1.5113216357320753
2138429 1.4509607587849391
2138861 1.3697589812743107
2139290 1.5065053890518767
2139726 1.4848010580887092
2140163 1.4743742961347952
2140603 1.3349531959971528
2141040 1.3254627377102288
2141465 1.2779700128257296
2141892 1.4692861099341603
2142321 1.4667141654497033
2142748 1.4550001250977829
2143174 1.3523177771629782
2143597 1.2687069062995917
2144012 1.2895181173959078
2144432 1.4700828545449596
2144854 1.4831842771587964
2145280 1.4472091390277368
2145708 1.3936300170811913
2146132 1.3419640097187875
2146558 1.4815888370361336
2146993 1.5391737337107607
2147428 1.4503524354891024
2147853 1.3285051360478364
2148284 1.4737730868861878
2148716 1.4705779597629742
2149146 1.3300236157073049
2149571 1.2993282675421551
2149992 1.2386211300866712
2150401 1.2332759936440536
2150816 1.4679474274748827
2151230 1.4769233445473793
2151641 1.3939901221774802
2152047 1.317830669980225
2152443 1.3199477910708655
2152838 1.4752407744955758
2153236 1.4698669786646419
2153636 1.4910399817832451
2154043 1.4552294602761604
2154437 1.3057219601707064
2154834 1.5256986085580935
2155229 1.4954632419532077
2155621 1.265838804168768
2155999 1.3888296789697177
2156381 1.4035793754001031
2156763 1.4145828103255127
2157144 1.3661039798035681
2157516 1.324127960254747
2157884 1.4913694663484618
2158254 1.4392981610603524
2158631 1.4409495959965846
2159013 1.4285333606641262
2159397 1.3891452966669555
2159781 1.3789619328540903
2160178 1.4570933551106533
2160585 1.4846770859574105
