6385463 1.3210066869138222
6385772 1.3872866504806511
6386087 1.3490976985196355
6386404 1.2767982722168336
6386718 1.1133534997257066
6387034 1.2015524821259616
6387344 1.361978184775638
6387655 1.4905848768100647
6387965 1.342641117783169
6388273 1.0772809640920147
6388580 1.0948308380774487
6388882 1.1279866171862762
6389180 1.2441376154584873
6389482 1.188338589965291
6389783 1.183062798820273
6390089 1.1347010212836954
6390396 1.185066395374425
6390706 1.1065535440670198
6391014 1.2234512570320957
6391321 1.1611395062884289
6391625 1.3371628729461562
6391938 1.311977515410397
6392242 1.0683592194580036
6392543 1.1880531591021
6392843 1.3248528583000465
6393148 1.3657624567951254
6393454 1.274728161940998
6393761 1.207533605278119
6394067 1.2482002929899125
6394375 1.2615778178428596
6394682 1.425790650972976
6394991 1.4033105231037544
6395304 1.2895214856182067
6395616 1.1718415523152081
6395926 1.2871882047643757
6396237 1.3101092531741483
6396551 1.2873402991192724
6396869 1.2301420177470992
6397186 1.2412190852427798
6397499 1.279745732745864
6397810 1.403938796273699
6398131 1.3767680764051464
6398450 1.2971052628997466
6398771 1.3052496985406807
6399085 1.3930197734453116
6399408 1.2216157763964877
6399727 1.308273176654148
6400044 1.3513634505736385
6400366 1.1623279022547328
6400682 1.1528503262405678
6401000 1.138111586830527
6401312 1.2010295464712726
6401621 1.2755209355409025
6401928 1.2820302747812737
6402236 1.2870152980428715
6402539 1.1961614447149842
6402839 1.155113154186505
6403140 1.2224512541315102
6403440 1.3184585016421053
6403747 1.3321602024408679
6404056 1.2157932747171358
6404368 1.1714119357034412
6404680 1.1043286777048693
6404991 1.0952924814102292
6405302 1.0650018906007057
6405612 1.033012289119386
6405919 1.137107520154263
6406227 1.2340635533470858
6406533 1.2292010255000667
6406840 1.3093556361805605
6407148 1.3349628575236059
6407456 1.2244209842268519
6407766 1.2464202398165505
6408072 1.2919885510167708
6408389 1.2769585205656842
6408706 1.1899477496935777
6409025 1.1545030866443287
6409341 1.169475078416578
6409657 1.2287303253668418
6409973 1.2470778824700577
6410291 1.2478816608290655
6410608 1.2563269228584286
6410927 1.2573574951996098
6411248 1.2617829404345278
6411569 1.2708849674522622
6411890 1.2768919721882503
6412213 1.294791631909975
6412534 1.2817754922877511
6412854 1.2960924351237872
6413175 1.3079288994146558
6413497 1.311200477255427
6413817 1.318478823051752
6414139 1.3210990060053702
6414463 1.3023957069730747
6414787 1.3010052318304977
6415109 1.2931710869073538
