3928867 -0.5347263902845074
3929221 -0.5502964320950969
3929571 -0.5673696981188694
3929921 -0.558069352258723
3930268 -0.5245468566336675
3930618 -0.5224562442315372
3930970 -0.5419903153723351
3931319 -0.5768832112543034
3931669 -0.5838652150230035
3932017 -0.5283089821610808
3932365 -0.5416562438429378
3932717 -0.5334606802338402
3933066 -0.5499606373594346
3933416 -0.5701396487358235
3933764 -0.5569071360169637
3934109 -0.5324005947900456
3934455 -0.5148997097494468
3934803 -0.5207117682921493
3935151 -0.5473384840382094
3935498 -0.5560794415223849
3935844 -0.5840637158064419
3936188 -0.512571061720098
3936533 -0.5056874875487012
3936881 -0.5074395007757033
3937228 -0.5459806970538317
3937574 -0.5601955643199865
3937918 -0.564581308951922
3938261 -0.5092128841001436
3938606 -0.5161002861341661
3938954 -0.5056011530983452
3939302 -0.5668971579507986
3939648 -0.568730529740524
3939991 -0.5356012410170659
3940332 -0.501124206852448
3940679 -0.513721882416987
3941027 -0.5397267468421729
3941376 -0.5594546227508714
3941720 -0.5753161056733102
3942062 -0.5181405777186501
3942409 -0.5069492831905782
3942759 -0.5349717835813786
3943108 -0.5524425011514453
3943457 -0.5663132759032978
3943804 -0.5129245945060674
3944157 -0.48453398994420177
3944512 -0.5263385926819543
3944862 -0.5782420274286967
3945210 -0.5518943869753206
3945559 -0.538825050290278
3945908 -0.5242278476221165
3946264 -0.5347080281657581
3946620 -0.5489485445343067
3946975 -0.5535758324420604
3947329 -0.5372126914176557
3947685 -0.5172813202882138
3948042 -0.5040393792049438
3948399 -0.5353003409054539
3948754 -0.58315111722818
3949108 -0.533060534123269
3949461 -0.5048743994781486
3949817 -0.517508524581846
3950173 -0.5662491857715815
3950525 -0.6071410950842431
3950875 -0.5408265949463829
3951224 -0.53176798812985
3951574 -0.5484690751922985
3951926 -0.5671609488982169
3952274 -0.5883787965674192
3952621 -0.5474111986571839
3952971 -0.5439840503209543
3953325 -0.5397824578515169
3953678 -0.5850245823692946
3954030 -0.5948376812293477
3954382 -0.5469622666280496
3954734 -0.5255611029915439
3955087 -0.571015409763864
3955441 -0.579518529444778
3955795 -0.6103465087913009
3956142 -0.613614224230298
3956488 -0.55934087965659
3956834 -0.5286969147730661
3957184 -0.531154401692032
3957535 -0.5567849263569817
3957883 -0.5638736163272408
3958231 -0.536457406086454
