3119987 -0.3761389116116457
3120456 -0.3747099543814224
3120917 -0.3576869753583078
3121387 -0.3699994621374757
3121860 -0.3685066661578085
3122342 -0.3754696234781034
3122815 -0.385786774326941
3123277 -0.383779432876223
3123738 -0.3898194063976884
3124199 -0.38147850753352724
3124670 -0.3814859644513738
3125133 -0.3772533134098995
3125592 -0.3632969352284665
3126046 -0.3727963703961623
3126507 -0.3865107641647077
3126970 -0.4018711545662361
3127440 -0.38140393309053017
3127905 -0.3636741177675919
3128354 -0.3550164353630471
3128798 -0.3681792903550555
3129244 -0.3857467309438107
3129699 -0.4053205399801277
3130156 -0.3875129734670645
3130604 -0.3524586240140515
3131044 -0.3716818511641557
3131490 -0.38922702774329415
3131953 -0.3842973103473686
3132440 -0.3816720816346782
3132943 -0.3707083427747376
3133423 -0.3603787532994283
3133890 -0.3853507446196674
3134355 -0.40073674822410876
3134829 -0.3861739611001627
3135317 -0.37813398615558996
3135808 -0.3620809383816278
3136270 -0.35972095109866675
3136734 -0.3844773812528616
3137216 -0.38495185845888397
3137734 -0.39709362281880467
3138362 -0.3782577702375758
3138919 -0.3518577728759501
3139486 -0.3795795643704364
3140047 -0.3841453871868591
3140608 -0.37819281313624536
3141158 -0.3679529711087622
3141716 -0.375766359578525
3142280 -0.39226434992191
3142843 -0.3933127182152175
3143400 -0.38267296003381973
3143945 -0.3683341294464893
3144503 -0.36740539949796186
3145064 -0.3783305955186822
3145621 -0.3913947644002154
3146177 -0.3947453120824396
3146718 -0.3720790330458128
3147254 -0.3668854463285686
3147799 -0.3688540180426578
3148343 -0.3821147826929998
3148882 -0.37933041750869323
3149416 -0.35679057756071897
