183692 1.5923674919278534
184132 1.6133861732632084
184570 1.508837742740754
185005 1.5582843669506123
185451 1.5970665217544315
185899 1.5886337194237679
186342 1.506276091424134
186788 1.5914322982558335
187239 1.5922257204131007
187689 1.5873200473019704
188140 1.577265546308949
188591 1.5347856674327507
189034 1.486640404635733
189482 1.5776295985702709
189936 1.6183935235607367
190391 1.605093460905738
190848 1.5735486014446405
191304 1.5418435343513863
191752 1.5162870031444458
192207 1.585621316946037
192660 1.604862270398835
193113 1.5850313003952745
193562 1.5071429173916429
194006 1.5360120432561022
194458 1.595807652785957
194913 1.612930167218622
195373 1.59669493035115
195829 1.5430044825800882
196279 1.478002144532304
196736 1.6030351326359642
197197 1.6021688296463747
197654 1.5854075296163546
198111 1.5321644642519365
198557 1.4409064696337692
199002 1.5693503985389936
199454 1.593832516501721
199909 1.5968089437917246
200363 1.5273911283493065
200811 1.4493961850680723
201265 1.5834431020970074
201722 1.5970008178235517
202173 1.5550360829250764
202615 1.4508549029344149
203048 1.5098683757225397
203489 1.6054790428279704
203928 1.582913365597995
204364 1.4539722478604213
204792 1.5061481629979756
205226 1.5896441796405725
205658 1.5796383228914812
206086 1.5511845507527118
206505 1.4817566108219913
206911 1.4767200224056563
207305 1.3943290712254544
207690 1.376277058764625
208080 1.5198394940707782
208477 1.5586905420209398
208887 1.4740938957997218
209297 1.3872134406629129
209704 1.4919416538762502
210124 1.5645828842263105
210557 1.4445946540379953
210986 1.4351756804535745
211419 1.5436544948928514
211868 1.5345239173501866
212325 1.5082294199885957
212769 1.4106027687256892
213212 1.5171470585698728
