423035 -0.474939533850103
423430 -0.5631924483738979
423816 -0.5174855901395317
424206 -0.5010246517631863
424605 -0.48424631719550015
425013 -0.4913022956311051
425425 -0.5166216699978194
425835 -0.5302430345718083
426235 -0.5887242476968683
426629 -0.49854901201317536
427025 -0.4997183554210965
427428 -0.4731595022836106
427834 -0.49209798315954406
428240 -0.5084707265238313
428637 -0.551658825174346
429030 -0.5139656625791025
429424 -0.503788330248826
429825 -0.5168374161976759
430226 -0.5133326905439113
430620 -0.5851328446199239
431017 -0.4943875487101458
431408 -0.4911009610035215
431819 -0.480823335154996
432231 -0.50080006901157
432629 -0.5792391884567196
433018 -0.5212287008346509
433407 -0.48360640660351883
433807 -0.4947539098131027
434208 -0.5327349576007416
434600 -0.566685636734494
434991 -0.4947491947929998
435390 -0.4788844358104815
435800 -0.4796139823082481
436208 -0.5344954911182491
436612 -0.5170016864617027
437010 -0.4940910691166341
437414 -0.5088348364702887
437818 -0.5733147598140624
438207 -0.5496134652157951
438583 -0.4930788968769446
438989 -0.4578987944882288
439401 -0.447161251210471
439804 -0.5033100426341315
440198 -0.5333845000083746
440579 -0.5728883186304109
440962 -0.5227769690695714
441339 -0.50431546626276
441723 -0.49003639699239737
442113 -0.5074377947905973
442509 -0.5190133146071914
442897 -0.5845994963324879
443286 -0.5114359166282438
443676 -0.4940762160094703
444077 -0.5012015993301044
444484 -0.5096707895033837
444889 -0.5573605533754663
445290 -0.49500914098989873
445691 -0.48438462452144854
446098 -0.4889099191393939
446507 -0.4996788142571422
446914 -0.5357328501178549
447310 -0.5641499117344257
447702 -0.5181251539897085
448096 -0.48521867214985437
448495 -0.4983824545415235
448895 -0.5592046936936228
449288 -0.5032643001218723
449681 -0.4976057716437977
450079 -0.4856205395433326
450475 -0.48285655815803974
450871 -0.5301614732663176
451257 -0.5672373180425505
451641 -0.5131631517607111
452026 -0.48120314442615164
452418 -0.47980652415196295
452818 -0.48421942434480086
