2011250 -0.5672295094682422
2011589 -0.5794070306360724
2011928 -0.6123355319705237
2012273 -0.5919237355239819
2012621 -0.5281683204618263
2012963 -0.5799483177569908
2013304 -0.5504484393856638
2013651 -0.5397985925106618
2014001 -0.5423042074363663
2014351 -0.6164596691955813
2014703 -0.5739269894849043
2015052 -0.5797887654252147
2015402 -0.5871065649724727
2015749 -0.5908734504005947
2016096 -0.5955195504666481
2016443 -0.6355918121294444
2016788 -0.5749841721391227
2017138 -0.5563135591365019
2017487 -0.5419232587782095
2017838 -0.5589717847911861
2018189 -0.5985653390173343
2018541 -0.5874787653648471
2018899 -0.5809208219485388
2019259 -0.5390174493337017
2019619 -0.6046207207016376
2019978 -0.6354140025814664
2020339 -0.6056818998469377
2020702 -0.5837823658378815
2021066 -0.5857855091096437
2021429 -0.5860527072661403
2021791 -0.5962311104219232
2022154 -0.5703099190837777
2022520 -0.5816274603566733
2022887 -0.5709984694816144
2023254 -0.5601564602717196
2023621 -0.5808017809923066
2023985 -0.5826413471695939
2024353 -0.5523950213966838
2024721 -0.6599412658110757
2025086 -0.5945735365241479
2025445 -0.5931830385038471
2025805 -0.4503759304754771
2026160 -0.5622836603595041
2026517 -0.5685389721088115
2026876 -0.5401867230651718
2027230 -0.5719998251264997
2027589 -0.7221146894650821
2027950 -0.5436256605208143
2028310 -0.5730919342967262
2028667 -0.6126838813722976
2029020 -0.588115612191173
2029376 -0.5584221465513826
2029734 -0.5848722972693619
2030091 -0.6028168220863683
2030445 -0.5336726733972259
2030794 -0.6005227948852978
2031145 -0.555173910840562
2031495 -0.5625518044404589
2031847 -0.5851354984508168
2032200 -0.5966857985773542
2032551 -0.5906309943375594
2032904 -0.551496123021597
2033260 -0.5903475048600364
2033616 -0.5609047610071749
2033973 -0.5919263566841616
2034328 -0.616042843273688
2034683 -0.618879875181156
2035035 -0.6364418110015788
2035385 -0.6954696407770993
2035731 -0.6653593629780573
2036077 -0.7603950459603585
2036418 -0.7203602410478458
2036760 -0.7142504758219083
2037101 -0.6655751914095861
2037446 -0.6576155263700687
2037793 -0.6391819410397546
2038140 -0.6308863694903186
2038493 -0.6302580665208137
2038848 -0.5803127645023742
2039206 -0.5566856678176435
2039566 -0.561936689741346
2039926 -0.5582857775391886
2040289 -0.5402790197730801
2040653 -0.5356288986144268
