1501690 -0.6443576074714764
1502013 -0.6067406865164214
1502340 -0.6520905479998238
1502666 -0.6395847231885579
1502997 -0.6378620294661804
1503330 -0.6229832649295364
1503666 -0.5450185218126691
1504004 -0.6946662356579594
1504336 -0.5748271901137387
1504666 -0.7360268292153891
1504997 -0.6670142945262616
1505327 -0.6952768566895602
1505661 -0.6559072607965948
1505995 -0.6435202854420156
1506334 -0.8266812282417559
1506676 -0.5944881400776886
1507021 -0.5923282205193467
1507372 -0.5673519173557162
1507719 -0.6205288814588774
1508067 -0.5966919564547356
1508420 -0.669915487690893
1508774 -0.6683853241213987
1509131 -0.677865084877733
1509489 -0.652169789459975
1509844 -0.6442055186886289
1510201 -0.4996812197616571
1510559 -0.5792402602347568
1510916 -0.6483803886688018
1511272 -0.6123609391436435
1511624 -0.6286609758363698
1511977 -0.6223288245155226
1512328 -0.5960569513221741
1512678 -0.5928266719412204
1513029 -0.5857741477741759
1513384 -0.5815780800237359
1513738 -0.5889930447414466
1514096 -0.5718937137601403
1514458 -0.5597231119015473
1514819 -0.5518210752496534
1515182 -0.5441575765758648
1515543 -0.5642083313940907
1515903 -0.5830779813724641
1516265 -0.5747810629110959
1516627 -0.5465886169832466
1516988 -0.5609222896840994
1517348 -0.5609353771455545
1517706 -0.6032410066906158
1518067 -0.5758547389380175
1518426 -0.5623248181548742
1518784 -0.586719923979304
1519138 -0.6364035964475975
1519488 -0.6053851001868511
1519842 -0.5713990062106227
1520196 -0.5554298531639721
1520549 -0.5530436099152212
1520899 -0.581408523880913
1521252 -0.5396983164547318
1521604 -0.5433273457906282
1521955 -0.5700588140897639
1522307 -0.5772997204423557
1522655 -0.5988237690466354
1523003 -0.5945871955578675
1523352 -0.5910505442486336
1523701 -0.592713086992446
1524052 -0.5889847812134628
1524401 -0.5840939084726731
1524747 -0.6030378738998265
1525094 -0.6304730986123762
1525439 -0.5936423746967898
1525782 -0.6048898144538969
1526123 -0.6262287609367361
1526465 -0.600624685239007
1526808 -0.5966528105267423
1527148 -0.6189470857092112
1527487 -0.6275309269297143
1527829 -0.6149981801527641
1528172 -0.6380373611460366
1528514 -0.5885686546493311
1528856 -0.6311199414762172
1529196 -0.6060483598600335
1529536 -0.60667306919518
1529879 -0.596080305432664
1530222 -0.5909268139353911
1530565 -0.6054476316258934
1530906 -0.6174339321869244
1531251 -0.5958094393471705
