5247292 -0.5210529346869445
5247703 -0.5253168779793129
5248111 -0.5106153486321234
5248525 -0.49854999511362513
5248939 -0.5432897044110515
5249359 -0.5283948967985022
5249772 -0.5012636913017035
5250180 -0.5078738812222574
5250598 -0.5366919179594427
5251014 -0.5459548014078387
5251429 -0.5157681077225229
5251842 -0.5094696699967565
5252258 -0.5178502702581904
5252678 -0.5695740971258476
5253095 -0.5480708008335335
5253503 -0.5341134615195766
5253907 -0.5018817929347323
5254311 -0.5078093551742526
5254726 -0.5134144412029114
5255134 -0.5562382932734753
5255530 -0.5324608653529546
5255922 -0.4690761034515703
5256302 -0.5265174225301001
5256684 -0.48378375040841315
5257064 -0.4182527491080957
5257439 -0.4855127382825343
5257816 -0.4694998278723532
5258200 -0.5174255637761511
5258595 -0.4506285591565351
5258984 -0.41340099279560205
5259370 -0.48395655632927803
5259763 -0.46758639116898815
5260164 -0.49298339661849977
5260570 -0.4543484129414489
5260966 -0.4102454137117692
5261361 -0.4260731600269741
5261763 -0.47208406375345874
5262179 -0.4700338844643529
5262617 -0.4979843294960593
5263041 -0.4380754375457853
5263461 -0.4337921906048978
5263891 -0.46723035466687485
5264338 -0.4595045983451812
5264804 -0.45605865498277315
5265268 -0.512451320689267
5265709 -0.48517302645312343
5266139 -0.44395869749384187
5266562 -0.472311253089851
5267004 -0.5047367852181293
5267433 -0.5012252644151234
5267858 -0.4548020130420717
5268275 -0.48952403771782466
5268708 -0.48399951583929174
5269147 -0.4740383461368653
5269591 -0.5206070819499659
5270021 -0.5223601992157343
5270443 -0.4749692049119469
5270866 -0.5069053861755026
5271295 -0.5104607697888768
5271724 -0.5303108166960389
5272140 -0.5070119957954925
5272553 -0.5016534924243758
5272970 -0.5105479634788896
5273391 -0.5228147783149653
5273807 -0.5415071127291978
5274216 -0.5410182741541673
5274620 -0.4839707610407883
5275023 -0.5261912229109775
5275440 -0.5173487769331466
5275861 -0.5245831565401313
5276289 -0.5251233951941818
5276709 -0.5447973877682828
