5067163 -0.658568361489282
5067488 -0.6452860654587055
5067818 -0.6441953891288879
5068145 -0.6803858069551619
5068479 -0.7015920893745888
5068808 -0.6568517278179729
5069135 -0.6420684542353556
5069467 -0.6367911094316867
5069802 -0.6608193734452131
5070135 -0.714442043259319
5070467 -0.6795861005700214
5070799 -0.6692465993920176
5071134 -0.6518855746156998
5071471 -0.6663071182238155
5071809 -0.7143773505687103
5072149 -0.6819483622681453
5072485 -0.6696790736773177
5072826 -0.6451669260006263
5073171 -0.6749864943830196
5073517 -0.6993728295991459
5073857 -0.6847255036615622
5074195 -0.6421232418533853
5074534 -0.6165761291716245
5074883 -0.6447481499752217
5075236 -0.675164901950471
5075586 -0.688945394476512
5075934 -0.6728896082989992
5076282 -0.7003379424168723
5076638 -0.8199017948228537
5076980 -0.6098202319676876
5077315 -0.6479702705762113
5077650 -0.6643514658118257
5077986 -0.6671033794056105
5078316 -0.887493272652955
5078646 -0.7757284305469131
5078975 -0.6904717365841677
5079306 -0.6610001039056084
5079639 -0.5566232648880513
5079973 -0.6472531408149693
5080306 -0.905669743358499
5080636 -0.7583955579406504
5080971 -0.6478251412935807
5081307 -0.5394006331619146
5081643 -0.8143765891830596
5081976 -0.7336316491120578
5082309 -0.750338005250136
5082641 -0.7037556076592143
5082981 -0.733983236847293
5083321 -0.8028312356700638
5083659 -0.6882031850468041
5083998 -0.544815788403693
5084339 -0.950541005949868
5084682 -0.5061708511533112
5085020 -0.5457802364379605
5085355 -0.6799111008841356
5085688 -0.6415371665672516
5086021 -0.7012823964190315
5086354 -0.6904716119570746
5086684 -0.667935738938916
5087011 -0.8305442505735143
5087338 -0.4136683043517261
5087667 -0.4953899992881893
5087998 -0.7545117865656842
5088324 -0.7084855176388131
5088647 -0.820317221903146
5088971 -0.6974206115748558
5089300 -0.7396352207053837
5089632 -0.8242635424862912
5089962 -0.48634837168313366
5090289 -0.5284470780805034
5090618 -0.6750061547370139
5090952 -0.6698911027770091
5091283 -0.8316433071784528
5091613 -0.7821800782686057
5091939 -0.720751866293522
5092270 -0.6577911786108511
5092601 -0.4909963655243185
5092932 -0.4789267263655663
5093262 -1.1311888685501912
5093704 -0.2824788803443655
5093919 -0.6102210153629268
5094251 -0.7903237344491044
5094581 -0.7786972537374943
5094906 -0.7357805874214521
5095232 -0.606305300679439
5095564 -0.774011002942937
5095892 -0.9929339470446328
5096219 -0.4184960442838254
5096550 -0.6422403117466904
5096882 -0.5604050794596697
