3479702 -0.5922355711796933
3480157 -0.6246354952703582
3480610 -0.6197554867994625
3481063 -0.6418897175270729
3481507 -0.5916237482850563
3481954 -0.5792576708970538
3482411 -0.5842384374288904
3482870 -0.5852779060025266
3483330 -0.5942956462683959
3483779 -0.5980546283589293
3484235 -0.5790382703187533
3484691 -0.5901398338445363
3485147 -0.6159686318577633
3485596 -0.6225007664600464
3486039 -0.5982711805595416
3486495 -0.5844800371047638
3486949 -0.5906889538276381
3487406 -0.574033780877702
3487851 -0.6211088913285838
3488295 -0.6073458109570662
3488745 -0.6009794880085582
3489196 -0.6046599132874753
3489645 -0.600896023980044
3490086 -0.5714065252997909
3490543 -0.5760793467934187
3490996 -0.5715081731809243
3491452 -0.5937960733023578
3491898 -0.5843607764131786
3492353 -0.5797393858095669
3492810 -0.5841928196866595
3493269 -0.579250375145725
3493722 -0.5836393868310941
3494162 -0.6005808766291625
3494613 -0.5642329071177854
3495064 -0.5680071939523029
3495516 -0.5806383098795238
3495969 -0.594828267481869
3496413 -0.5862902499689184
3496869 -0.5728127223722073
3497322 -0.5934385758185565
3497775 -0.5902575454176113
3498215 -0.6009803021653664
3498657 -0.5765604091019355
3499104 -0.5805161820098343
3499552 -0.5820117316162916
3499992 -0.5818201938903214
3500422 -0.5942026407880322
3500868 -0.572381305123703
3501312 -0.5977721506070373
3501742 -0.5749580212611243
3502164 -0.6152920254998251
3502601 -0.5354745985080378
3503042 -0.5732026154643226
3503484 -0.6084654707689434
3503924 -0.6188421510655677
3504360 -0.5848709638682075
3504810 -0.5959999125716979
3505260 -0.6147819151823113
3505711 -0.6035291119661709
3506159 -0.6109429168989908
3506603 -0.596666462321246
3507056 -0.6025999121282329
3507512 -0.5969410306414173
3507969 -0.6130735820955944
3508419 -0.6127370748585098
3508877 -0.6055729964230103
3509337 -0.5908048160212935
