5307614 1.2395682651978475
5308065 1.1270649560828943
5308517 1.135833870579859
5308982 1.2423529491154457
5309440 1.2875199587110864
5309895 1.3596406909263885
5310346 1.1377659832622113
5310794 1.2304493494845201
5311249 1.3041678472352842
5311711 1.3749586094794557
5312177 1.3999965910498746
5312639 1.2458053643218918
5313097 1.2383607749582746
5313570 1.3384522952585551
5314043 1.3924022541053453
5314516 1.3157977075812735
5314982 1.1999555468952632
5315458 1.2775399894866362
5315942 1.3348766344742362
5316429 1.3914763713815588
5316915 1.3234135530671842
5317393 1.1774489752888548
5317875 1.251746101160192
5318360 1.3479875540371036
5318843 1.3213538398840634
5319325 1.3454209444809246
5319797 1.1979883166458754
5320274 1.2468535997383823
5320752 1.2952019533309833
5321232 1.3447347232269802
5321714 1.3024177608806704
5322185 1.1601656832672833
5322665 1.2372179237927714
5323147 1.304958902877481
5323631 1.3244964222797746
5324114 1.340294553228781
5324587 1.2167452642640775
5325062 1.2389824278015533
5325543 1.290925280065728
5326025 1.3305742778003264
5326506 1.2995433489287498
5326976 1.172229323786854
5327446 1.2031776528394356
5327926 1.258648059774583
5328407 1.2819203284799174
5328887 1.2645246948274262
5329361 1.1225512244645146
5329832 1.2072901855690732
5330305 1.2628358438587102
5330772 1.0846670144300516
5331242 1.1303332377852213
5331715 1.1965986490345308
5332191 1.2446851726977943
5332669 1.1724577422092581
5333139 1.146481658599646
5333617 1.201419239805736
5334094 1.2622197738956717
5334573 1.1508433105215048
5335042 1.1280064947302126
5335521 1.1818503139950554
5335999 1.2473763595391885
5336474 1.278397244708663
5336950 1.158344457197785
