902493 1.325787813375169
902777 1.3607875849920525
903062 1.2450602651633242
903344 1.2234250691995783
903626 1.1004138542857937
903906 1.0967395112421727
904184 1.1778661517571636
904463 1.1453713457278845
904738 1.350946266477473
905013 1.2253476107274164
905290 1.1178487501770604
905568 1.083000794849412
905846 1.141279458423032
906123 0.8590109127742707
906400 1.1586384081012497
906679 1.083190876203434
906959 1.0206546829115606
907240 1.0469915198941648
907519 1.174346869570288
907797 0.8814099073154268
908075 1.1618527638667573
908354 1.0439088521249136
908634 1.0441797645880095
908913 1.087530993271466
909192 0.8632501801105978
909470 1.1981973678160103
909749 0.8733347790082233
910027 1.0789731581157094
910307 1.025079269705217
910585 1.0800297922586846
910865 0.8818627725115964
911142 1.177671247324768
911419 1.161879045115215
911696 1.0582779986056516
911973 1.064963052765615
912250 1.1715967606602065
912527 0.9146858214339415
912802 1.200150270048367
913077 1.1223723604168616
913353 1.0542252284301916
913629 1.1320795169789468
913905 1.282830775904286
914179 1.2381074718380873
914452 1.2102416774903464
914725 0.7650463973849404
914998 1.374231808850985
915271 1.2715000467290902
915542 1.170590913037534
915813 1.2775840771688012
916084 1.1370740071293721
916356 1.1757810509512456
916626 1.290069206900583
916896 1.2595138114348374
917166 1.1700489274790074
917437 1.0902688702210401
917708 1.2545287039904565
917979 1.2049429157468832
918250 1.111954992169067
918521 1.109465313890225
918792 1.124406551567862
919063 1.0741327414544983
919335 1.2327468312645595
919605 1.2808977299962758
919875 1.229502142218522
920145 1.355457667929107
920415 0.9889571986768664
920686 1.1040451023985716
920957 1.1883632558140944
921227 1.2075994000721826
921498 1.208996116493609
921770 1.1877830531764195
922041 1.0587454831049323
922314 1.2220367633809877
922586 1.2073656473439336
922858 1.0451857987774922
923130 1.059382003151185
923403 1.1641203251152823
923677 1.132603188377872
923952 1.3341994355669455
924226 1.3592685391947137
924502 1.2454113416707986
924778 1.3349908053286832
925055 1.4119260395143325
925333 1.5038468452670206
925611 1.776188497471912
925890 1.738526854530531
926170 1.4648245185570357
926450 1.3983539167439825
926732 1.6158504357820729
927014 1.5096666059425234
927296 1.5599965602781196
927580 1.3737627782576924
927863 1.3750792875780344
928147 1.2849943182306511
928430 1.3334423423563195
928717 1.2790201134120949
929003 1.2484164816602152
929287 1.105422700256241
929571 1.252054649843371
929857 1.4474201032299294
930141 1.45170767287878
930424 1.4289834837687967
930708 1.2893683050610905
930992 1.3646198153664857
931278 1.429192543092455
931564 1.5892571370114723
931851 1.6322233877559489
932140 1.4860726264247157
