63676 -0.6735016700649765
64023 -0.629627291141358
64380 -0.607535662279529
64740 -0.6185550455684039
65105 -0.6768002415513121
65470 -0.673074164601102
65824 -0.6390486104419879
66183 -0.6087971987296331
66544 -0.6110329852949313
66909 -0.6422504434269185
67278 -0.6848587606424816
67641 -0.6616462294838936
67993 -0.6266796925762115
68358 -0.7117470547159741
68727 -0.7173324361007504
69095 -0.722348733971353
69457 -0.6511303955974141
69813 -0.7361401519580655
70183 -0.6722147865252193
70556 -0.7057076499581367
70928 -0.6749935158080299
71291 -0.6548361845278515
71667 -0.6503978176602957
72047 -0.646314909206549
72429 -0.6976226975038355
72804 -0.7990707573988792
73169 -0.6906846081741846
73542 -0.6583414028216436
73918 -0.6981487759383763
74297 -0.705392700490002
74669 -0.6861179590483482
75029 -0.6703521059857046
75400 -0.6517306270716392
75776 -0.6647798342305591
76155 -0.7037878643363844
76531 -0.6908355891733299
76897 -0.6630125153107441
77272 -0.652837636529753
77650 -0.6684998721090513
78038 -0.7073930864476017
78420 -0.6955669500091635
78792 -0.654820841273252
79170 -0.6537422310780883
79555 -0.6593066530057758
79948 -0.7045496703411909
80333 -0.6937210125646337
80709 -0.6630501077260844
81085 -0.6618616523459356
81469 -0.6659748354429733
81862 -0.7092615793279151
82248 -0.695776675757082
82626 -0.6700141031170164
83003 -0.6620647988810822
83385 -0.6659050623555867
83769 -0.6879924114657745
84153 -0.7112047108061124
84536 -0.691528419212933
84907 -0.6639254709641359
85295 -0.65408077063037
85685 -0.6763434067958104
86068 -0.720763081912005
86447 -0.7085106591297345
86815 -0.6779783166020822
87191 -0.6642746317795347
87571 -0.6674994818897735
87957 -0.7183083495749174
88339 -0.7130935226320758
88711 -0.6731874764890505
89088 -0.6661186298376813
89470 -0.6581248523799912
89851 -0.6971210349266029
90225 -0.7070679117011698
90594 -0.6670682451635894
90955 -0.6330057906628765
91326 -0.6163165848999443
91695 -0.6801997701660143
92060 -0.6828598217120735
92424 -0.6431173271355815
92784 -0.6114262583313619
93155 -0.5975686368799796
