3719402 1.6374891681464872
3719863 1.6792630460727653
3720322 1.6966813272333576
3720778 1.7185268240863372
3721228 1.7080538589938479
3721666 1.624755438162712
3722110 1.7018034497753245
3722555 1.725940701059473
3722999 1.7324177407107018
3723436 1.7400208673907631
3723868 1.7561097817752613
3724288 1.7512538172433119
3724697 1.707803980891335
3725100 1.564969577779653
3725505 1.6649944420935041
3725916 1.7190993971804525
3726341 1.755014842120961
3726776 1.7266211239745548
3727198 1.6535321393995561
3727629 1.6806607415024204
3728079 1.726307397992684
3728547 1.7413814765764672
3729012 1.7332433826105353
3729473 1.671070663921728
3729922 1.6069744414769767
3730378 1.7196791797735633
3730837 1.7436108791071838
3731299 1.7396063091160712
3731754 1.64304924866918
3732194 1.517428141557045
3732641 1.6528027549343722
3733097 1.7071366102223329
3733549 1.7028542203584558
3733993 1.5672839576185973
3734438 1.6227408109351256
3734904 1.6954751044976666
3735382 1.7272497181464646
3735856 1.7169455046459223
3736319 1.570847546125503
3736785 1.6491162894859301
3737267 1.7215336377006685
3737750 1.7400554702550972
3738233 1.7512299778683396
3738704 1.6410138262509004
3739179 1.6916241347509997
3739668 1.7243450891565004
3740160 1.7392132886625427
3740653 1.7547221728712121
3741125 1.6647317046836312
3741599 1.7008528755724415
3742077 1.721605581790206
3742557 1.722427657280348
3743033 1.7290078233779864
3743497 1.642906781311567
3743956 1.6763838959645467
3744428 1.7313581333243955
3744899 1.7639153562643868
3745355 1.6272920487945148
3745798 1.586695748630615
3746254 1.6817915456326062
3746714 1.7087942572433288
3747178 1.7122477988071916
3747642 1.7148752326707637
3748100 1.6282510290827874
3748549 1.6387464081297396
3749015 1.712934238491546
