453619 0.444864848578856
453928 0.5740315929823436
454233 0.44557694639473067
454536 0.5161202841399061
454846 0.5892266176618679
455158 0.5375949344785301
455468 0.4451455103291338
455774 0.5029184905802185
456088 0.5425487262875327
456392 0.40914574802127435
456708 0.561120239538615
456816 0.4657154005282096
457024 0.6316741827442244
457334 0.6002579885547332
457638 0.3906754490161125
457947 0.496910398365991
458258 0.498092517223224
458565 0.35855965180256
458870 0.4949395406070124
459181 0.5749571483068874
459492 0.614449605049871
459806 0.4184576685324768
460117 0.4671839572171133
460439 0.5212869297788923
460767 0.493897534220339
461096 0.46961013214103053
461411 0.4595116969609326
461730 0.21095698756687076
462047 0.6612134632241371
462155 0.5428777086161667
462361 0.7889595931736344
462993 0.5172606312223698
463312 0.4110034833194867
463621 0.3797195109682002
463933 0.3739333800049657
464251 0.4351691934457077
464565 0.487622328929758
464882 0.5530252476736046
465192 0.29088753589787
465498 0.3755678342113897
465809 0.4837222940373852
466112 0.4863742769475503
466415 0.49935181434681986
466713 0.5804433296177531
467017 0.41256716974862984
467329 0.47280082382084737
467646 0.4968566646660375
467944 0.3737458028687911
468289 0.5520931743839744
468614 0.5445818381087539
468938 0.2864080164846268
469265 0.5632145779575979
469586 0.560242750319228
469917 0.5461118479864786
470260 0.6109394379435802
470615 0.527530913725059
470977 0.6224024307724759
471325 0.642704778391544
471677 0.3221338627266207
472036 0.41648196617867206
472402 0.5217672704718564
472743 0.5185877113838555
473076 0.46831287686718437
473280 0.28123209494974244
473410 0.37841775766183383
473730 0.4375866682624238
474059 0.4193797299381087
474386 0.3814699682573953
474714 0.45860050368500643
475046 0.5351730981520685
475379 0.5759984696704927
475709 0.5472797623112158
476044 0.4568040863603199
476380 0.5735561899751386
476718 0.5784784960655136
477048 0.5240013545586195
477374 0.3624126067012424
477711 0.39914585845990896
478059 0.5335519960396494
478402 0.524797493171121
478762 0.5843829567654311
479118 0.5188252747322433
479488 0.3829166043095208
479860 0.4776976768456701
480224 0.40315057851611624
480578 0.4598876954837835
480921 0.483730917733917
481261 0.4319615785565917
481596 0.47712505203517447
481919 0.4695180976037909
482232 0.33547129804997455
482544 0.418655140920985
482857 0.4860088183168246
483163 0.6065242258391264
