4766645 0.27510608829970173
4767178 0.19971629270499947
4767699 0.2599219400777323
4768237 0.2592618236630276
4768783 0.2279060008919994
4769308 0.2074926971955945
4769830 0.2665725564231678
4770374 0.27460508097112935
4770918 0.2075214335366092
4771433 0.21011120187469984
4771953 0.25962490136606986
4772484 0.26777438236001844
4773011 0.21176060714563272
4773508 0.2093116933996429
4774007 0.2693301287626727
4774528 0.2782507398908066
4775048 0.2420063763388395
4775546 0.1954457281802287
4776039 0.2596576877876822
4776553 0.2716228921401753
4777080 0.23367553692311852
4777586 0.2172823302713382
4778100 0.27768184560874165
4778624 0.27050325273351006
4779144 0.2218559543695521
4779649 0.20169469564640563
4780162 0.2721413204303027
4780701 0.27046640509781184
4781226 0.2002858876231019
4781746 0.261816573146251
4782276 0.2661293494333179
4782806 0.2093026741380084
4783310 0.2119295700089563
4783824 0.25744007930730095
4784361 0.2554581879275476
4784896 0.21539863109547103
4785402 0.23485554942595493
4785926 0.267038161940639
4786451 0.25504944506046356
4786983 0.22489393302995714
4787497 0.2038920789887384
4788005 0.25085792511018573
4788533 0.26828843983211187
4789067 0.26159660213174546
4789575 0.20638951850938897
4790069 0.23668543367132877
4790588 0.26937280879322867
4791117 0.26874788869401534
4791630 0.2034400929629367
4792133 0.20929254605778103
4792638 0.2687872908149289
4793167 0.2706079589920739
4793700 0.2667511937352419
4794209 0.20638569615212315
4794706 0.26829762362857457
4795233 0.2735080223098792
4795763 0.25880772759558845
4796284 0.1939721144477503
