5396464 -0.34231516578521204
5396936 -0.3112840967610849
5397407 -0.31456452304925553
5397920 -0.3098217630836544
5398430 -0.32820765876205926
5398946 -0.34613576575672994
5399433 -0.29045553027888726
5399935 -0.30555028088759173
5400442 -0.31161620161051334
5400956 -0.32182417306186906
5401466 -0.31221307923073155
5401970 -0.32838819768394634
5402441 -0.29425971980764226
5402937 -0.3220411382263864
5403423 -0.3093609213157202
5403917 -0.32659541914623047
5404398 -0.30142835402986584
5404867 -0.3277754056927367
5405366 -0.3281658709313599
5405878 -0.32318680291992896
5406373 -0.3045124283801466
5406867 -0.34994642207047794
5407341 -0.367426218190168
5407798 -0.3476170251813261
5408249 -0.36527077685721454
5408729 -0.35762351524250413
5409202 -0.36683308303370565
5409657 -0.33173289524952815
5410160 -0.355760928327897
5410653 -0.3436378715451291
5411126 -0.3329007448486194
5411599 -0.3462807418814655
5412081 -0.3397284736481089
5412543 -0.3366450634310761
5413010 -0.3253057059928753
5413500 -0.3443452890302303
5413966 -0.3472811134280578
5414430 -0.3197943193929369
5414881 -0.32966808316995594
5415360 -0.3341973392778349
5415844 -0.3419130707127368
5416309 -0.31983952965595863
5416746 -0.3204645241475553
5417228 -0.3356551733686186
5417708 -0.3500974369983727
5418187 -0.3230354269351229
5418638 -0.3306258640557183
5419131 -0.33299680990269015
5419626 -0.3400810116985994
5420095 -0.32154059706711413
5420560 -0.33030944510875865
5421046 -0.3257734429549404
5421520 -0.33547811583187265
5421977 -0.32833994954542767
5422431 -0.34311923566207964
5422915 -0.337723031568054
5423390 -0.34071231270594277
5423837 -0.31914160102768874
5424282 -0.3083909744278774
5424755 -0.3424810789580574
5425215 -0.3392818673299496
5425672 -0.33336944752766373
5426119 -0.33034801577097633
