3868689 -0.46560165878294557
3869090 -0.4891010351007488
3869487 -0.5051796040940617
3869877 -0.5320997750396979
3870240 -0.4936919461105197
3870592 -0.4108004859935318
3870934 -0.3507526498973359
3871280 -0.6182271480968576
3871640 -0.35557964479573445
3872016 -0.48501615574556567
3872407 -0.49729131175519664
3872792 -0.5392008167438875
3873191 -0.4210294465995108
3873564 -0.5144679283574254
3873926 -0.5067268473292342
3874294 -0.4339723797461262
3874672 -0.5104560619633287
3875044 -0.4348834495488202
3875420 -0.4449301556457472
3875821 -0.4374168083873968
3876238 -0.4568202245466406
3876643 -0.4545760012897002
3877057 -0.640016325722145
3877462 -0.6076642602864752
3877850 -0.4703702026891544
3878219 -0.48258863672759533
3878569 -0.5265491981220063
3878921 -0.4274994559146167
3879283 -0.4675295101540988
3879672 -0.5344228708573413
3880077 -0.41096232676372557
3880457 -0.45570348319320336
3880850 -0.36357794652146586
3881232 -0.5675791230848726
3881622 -0.7890846333800319
3882048 -0.5125687896957631
3882384 -0.5626211773622848
3882772 -0.45683145264209857
3882994 -0.305071085116422
3883134 -0.6214071042908489
3883497 -0.39190252636214334
3883851 -0.6290910107713961
3884221 -0.5176072366425114
3884603 -0.5663411609367097
3884987 -0.42778833185240084
3885387 -0.6701573137456032
3885557 -0.24614930966234316
3885776 -0.6675142204978204
3886159 -0.38608892607797973
3886305 -0.36392024448463556
3886534 -0.5911250680336191
3886915 -0.5455485719609875
3887291 -0.5787792417795454
3887547 -0.32882688047414643
3887715 -0.4507710323530082
3887919 -0.14420471477720154
3888209 -0.36479894118752776
3888400 -0.515347180781013
3888558 -0.2622264669290123
3888760 -0.57802030653822
3889114 -0.312238964962262
3889470 -0.3489922792438983
3889862 -0.42674975481338073
3890216 -0.378166095644792
3890620 -0.5832455322678096
3891030 -0.5812084431475459
3891206 -0.31018465996318334
3891428 -0.4689398510914568
3891805 -0.48005815994506434
3892206 -0.763513851175297
3892826 -0.24751053626794756
3893395 -0.4714788152935953
3893795 -0.3976290260479395
3894165 -0.43967718747660256
3894546 -0.47775231040040206
3895332 -0.41844293495806434
3895746 -0.47627440939366994
3896159 -0.3665393897698126
3896547 -0.44333853109658383
3897014 -0.5211882712741535
3897361 -0.4616429158443923
3897780 -0.543779988113596
3898209 -0.6066098365685738
