872944 -0.5139397031132567
873268 -0.4930398419862907
873594 -0.4501193160595187
873913 -0.36384927515678434
874241 -0.47415705225133153
874573 -0.45607340061014123
874902 -0.43179666590129306
875226 -0.43067145508136007
875555 -0.4726506258322169
875875 -0.5035669990780636
876181 -0.41646328239749064
876471 -0.5474498418478745
876776 -0.42269794745596995
877079 -0.5230197492998889
877378 -0.44954026217524695
877681 -0.47014107655488996
877810 -0.06952850113634945
877993 -0.3997792652828458
878306 -0.5544466018845955
878611 -0.432847530923877
878918 -0.4248092437435558
879236 -0.5378068346652589
879556 -0.4575430178352598
879878 -0.43464501429937424
880176 -0.4109299010991023
880502 -0.5760889692903144
880817 -0.5222802628035887
881134 -0.4293898300012467
881440 -0.4227833951679056
881763 -0.506351373506152
882087 -0.4932797430593071
882416 -0.4337302183573304
882727 -0.41387224152590213
883062 -0.4463175683129356
883393 -0.4447509874989453
883732 -0.4357029071344383
884057 -0.39440704336340376
884382 -0.41395062026932317
884719 -0.4372067407411851
885060 -0.46875082768352794
885390 -0.4314163319914166
885714 -0.4046447990606002
886041 -0.49251344088480004
886366 -0.44390509250324656
886685 -0.43066223792551495
886997 -0.40932975527908155
887330 -0.46298673147793795
887665 -0.47252382126942033
887997 -0.3978115994328218
888334 -0.45144847611012534
888668 -0.4862119221226665
888998 -0.40075688701271106
889312 -0.3903729441122472
889635 -0.3800019689937437
889951 -0.5342884170647515
890272 -0.4285734280770306
890568 -0.4377969404751699
890888 -0.49230249079895655
891200 -0.49704576002546097
891508 -0.4376025977251603
891801 -0.4200980872186519
892116 -0.40492024885759853
892424 -0.48771390381949786
892731 -0.4328027688963682
893021 -0.4539212082176665
893327 -0.4492592009904547
893633 -0.5123425705264804
893942 -0.3829224952919959
894239 -0.41511101571301234
894546 -0.4233828926040361
894858 -0.49488363319756795
895176 -0.43148059424388635
895481 -0.4101860244040186
895799 -0.4561129780895314
896112 -0.569419672732373
896420 -0.4490909338290157
896735 -0.3328866865222866
897046 -0.5035122029719392
897356 -0.45567551691300223
897662 -0.3922659337115545
897972 -0.49940119336957767
898280 -0.5122389207156932
898588 -0.43748818006030354
898890 -0.38542794807242675
899204 -0.5145411822885064
899517 -0.5090642451390976
899831 -0.46036395443083994
900138 -0.42568153495587757
900453 -0.4801461100727875
900624 -0.13604052917304693
900764 -0.43854304088265883
901072 -0.5304409705538183
901376 -0.4490021528965487
901689 -0.4802819388354991
901999 -0.4576079781763514
902297 -0.4083631097863694
902595 -0.4609312847246728
