1202458 -0.3183028631299189
1202942 -0.370705821497807
1203430 -0.39717947174140966
1203902 -0.2892680458233541
1204384 -0.3397006167155704
1204876 -0.35298411900612814
1205374 -0.36905570190226256
1205853 -0.3218443758004317
1206328 -0.3035450898072846
1206813 -0.33413669453951467
1207305 -0.3683429601059732
1207787 -0.3370209041515365
1208254 -0.2857491999392944
1208742 -0.32838548502016834
1209243 -0.35824779901340237
1209733 -0.34788171778223054
1210223 -0.36464285167199434
1210703 -0.3351672522980066
1211166 -0.30229773497406287
1211640 -0.3370049549118475
1212118 -0.3543052936358018
1212592 -0.35182980053935914
1213050 -0.3125923422240253
1213519 -0.3269131428650967
1214000 -0.35639471546464085
1214489 -0.3883909257443851
1214957 -0.3253549623776689
1215416 -0.3146205531945088
1215897 -0.33936009127844885
1216375 -0.35128381805723596
1216860 -0.3449624523797581
1217329 -0.2970763309980593
1217814 -0.32543904154732356
1218316 -0.35346149933890475
1218811 -0.33431478407126425
1219299 -0.30667554654646334
1219796 -0.31770226957492104
1220296 -0.3496343656628975
1220788 -0.33260291674669507
1221261 -0.2893448025050943
1221746 -0.3256084345707774
1222247 -0.3620221070312678
1222743 -0.3638297698838825
1223216 -0.3135159117436409
1223671 -0.2889709533842776
1224134 -0.3314495419669278
1224605 -0.3503929739546348
1225080 -0.3485457394741034
1225546 -0.29558452074669506
1226030 -0.30628313466195245
1226534 -0.36002282609196185
1227037 -0.33157999252964665
1227522 -0.31781792871596004
1228017 -0.2949122429216131
1228516 -0.3379825462398449
1229019 -0.32180931811057734
1229499 -0.2819019905477315
1229983 -0.30890197461793956
1230480 -0.34913021170750125
1230983 -0.35846924390163304
1231475 -0.322788229673329
1231944 -0.28543959907498945
