3449021 0.3620372945165943
3449414 0.44220728416956007
3449814 0.42300080473337776
3450222 0.5786153208519235
3450606 0.5064606439767184
3451003 0.46650099613056434
3451403 0.3872963803081359
3451801 0.4222766876476641
3452206 0.45696752394912576
3452612 0.4829475511372655
3452995 0.3924864506906059
3453387 0.4840103281137791
3453785 0.44559165145958124
3454197 0.5595221536283332
3454598 0.45544055051854915
3455018 0.5790785984467899
3455442 0.48253362261024574
3455847 0.4922566124253429
3456260 0.5069371722710498
3456660 0.20729008488378148
3457041 0.39628122293710816
3457429 0.4321249770353391
3457811 0.533956534663287
3458189 0.3545091458129556
3458575 -0.27375749648266434
3458950 0.7231378659979075
3459316 0.5505703752546929
3459692 0.534349603265739
3460060 0.5281202188216301
3460433 0.5038557292488474
3460819 0.44443555358337955
3461215 0.40384090058668126
3461606 0.41168015648302386
3461997 0.3489114115084978
3462389 0.3625074084638751
3462763 0.41181983686697804
3463148 0.15949752492889235
3463276 0.5637209135055102
3463533 0.3275905335822052
3463908 0.5346324950300636
3464293 0.4659328810019545
3464688 0.59865525177861
3465070 0.5761445458706569
3465477 0.3942702804236522
3466315 0.653714374913099
3466722 0.5013779196733387
3467123 0.404696658300582
3467511 0.5456321717554639
3467885 0.36581113354958716
3468263 0.5970440387934062
3468630 0.44216486940071764
3468976 0.36627603722757474
3469328 0.2901462717528532
3469522 -0.3459122787745619
3469678 0.47899260126751203
3470035 0.5549148042522284
3470395 0.43976653906510965
3471481 1.1172341533511716
3471756 1.1551933339324663
3472079 0.2291940166380333
3472408 0.4141826454055165
3472738 0.33550692868226784
3473068 0.43431046119052485
3473394 0.19331092519896076
3474089 1.713554936222062
3474454 0.38896668640739196
3474587 0.12628386510125744
3474823 0.6660220349577819
3475206 0.6858071221555118
3475568 0.4471935518662955
3475947 0.8516783215230328
3476334 0.6719035401050186
3476713 0.43298726427015183
3477093 0.7039131609726302
3477479 0.5075709183500139
3478266 0.5545690576183147
3478674 0.516512805047293
