992470 0.4069398394741078
992873 0.32166578154733705
993260 0.5521346707224357
993632 0.49383699945663206
994012 0.5961043961545671
994400 0.6178026490020566
994775 0.4876432150117671
995148 0.5851299049927381
995532 0.6357775890202444
995920 0.6257831226064027
996304 0.6328258498111446
996674 0.5732319539729906
997029 0.6366568661032522
997380 0.6152010549911637
997755 0.6540037717592928
998146 0.6468900121314104
998537 0.6508507274083594
998963 0.6915816973451038
999401 0.6451935887162501
999840 0.6559463571334088
1000281 0.6372705090235851
1000707 0.6144261606493218
1001128 0.6475499878253963
1001560 0.6664631199307848
1001990 0.6890827906885392
1002403 0.6638094504211949
1002805 0.5311560193721312
1003216 0.5726114095413903
1003608 0.4373279219465636
1004010 0.42536351124487226
1004422 0.5849703005953524
1004830 0.4625467897853654
1005217 0.49248378894717315
1005607 0.6397733594198542
1005993 0.47369146857315625
1006727 0.43913214135080825
1007108 0.4392026432707822
1007501 0.5015548293834537
1007908 0.5400129055299904
1008310 0.38177201683411327
1008701 0.4248414740989521
1009099 0.3933006047771791
1009502 0.4056225701522172
1009911 0.40878421136235144
1010304 0.3539221745358714
1010694 0.4446697652369642
1011090 0.5082267917837252
1011869 0.5724602853144103
1012262 0.4812844568366156
1012638 0.4731017892546273
1013016 0.6057196925270968
1013382 0.6465464630202519
1013510 0.5521488249837044
1013746 0.6344898557792127
1014111 0.36487566250365555
1014469 0.8333578902610276
1014831 0.5192124160652676
1015193 0.6760354044152647
1015327 0.36453084306075945
1015547 0.4204140332195818
1015909 0.5106359930865508
1016263 0.4129495657240291
1016619 0.596515385045044
1016973 0.6657905330789338
1017338 0.5877465445394763
1017713 0.5690199620131766
1018092 0.32166343063278824
1018467 0.8968829250314253
1018847 0.8023461775042336
1019216 0.6008540914127642
1019596 0.8540075170471055
1019733 0.5045120047876855
1019968 0.7461436659230735
1020341 0.3814691500858147
1020709 0.5954791085647836
1020885 -0.019584610487547338
1021082 0.6439315556031926
1021457 0.5015415506782814
1021818 0.36315627800307015
1022036 0.1404923522833661
1022187 0.6456095545824523
