4916745 -0.3465330294819292
4917279 -0.29323337423594537
4917793 -0.2901207421338857
4918329 -0.3199943989672722
4918880 -0.3439470500596282
4919420 -0.30031755032559515
4919937 -0.2869841227894159
4920478 -0.3096020674489228
4921020 -0.3388174936837357
4921547 -0.3047146141585489
4922053 -0.28159380298973447
4922578 -0.31195174724693164
4923119 -0.3530514475218066
4923657 -0.3079735662042774
4924170 -0.2937094675014753
4924692 -0.3090659521418949
4925221 -0.33697670977528765
4925751 -0.3203230628578228
4926260 -0.2861073662885373
4926775 -0.316156569768541
4927301 -0.3385413799196419
4927817 -0.2925867493535802
4928319 -0.2888419144835039
4928841 -0.32061620311588346
4929372 -0.33710364480548705
4929890 -0.2914987777422125
4930386 -0.28643149193608375
4930903 -0.31511675078668766
4931439 -0.34771329902590553
4931961 -0.28741760464259025
4932470 -0.3000814435804522
4932994 -0.3210895497703393
4933536 -0.34224514985671345
4934063 -0.3015854642592308
4934573 -0.28844955766244007
4935096 -0.318169841638271
4935628 -0.3454436246490416
4936155 -0.29137000599320406
4936660 -0.2873056364887874
4937179 -0.3162479982322318
4937711 -0.3417102041223912
4938238 -0.30590928212531787
4938736 -0.2768406367352749
4939253 -0.3097921954551148
4939778 -0.34753111664109076
4940302 -0.30162383169982515
4940804 -0.291500915552276
4941314 -0.30543513462765065
4941840 -0.3313206796527207
4942365 -0.3239769211349434
4942870 -0.2820290554233985
4943382 -0.30089134874643875
4943905 -0.33387429394652274
4944426 -0.31200494959947017
4944932 -0.27708959205840633
4945447 -0.3061858894871976
4945977 -0.3259498502060937
