4467073 -0.5019369420123112
4467358 -0.6045820452899848
4467645 -0.7057609939548231
4467926 -0.38198703878338147
4468210 -0.48884557504361204
4468496 -0.4892527869011176
4468784 -0.583931635363796
4469065 -0.3976614554453235
4469346 -0.5840544422166867
4469630 -0.4147672136103706
4469917 -0.48051652186208016
4470203 -0.41962233049627984
4470482 -0.47222821834476614
4470767 -0.5116747988478614
4471053 -0.5654337339866506
4471345 -0.5529032369658795
4471628 -0.4315640790263109
4471912 -0.8528328827712006
4472204 -0.4737233813288817
4472499 -0.5461324824174787
4472783 -0.4401889244485413
4473066 -0.44724037464996413
4473350 -0.6102557946241487
4473636 -0.5445623932747116
4473923 -0.47767202631179073
4474206 -0.4242668256129005
4474490 -0.4079540485942036
4474776 -0.47139653023677
4475062 -0.5374477150668324
4475348 -0.4868075155152931
4475626 -0.45234129622167885
4475910 -0.5815196873698412
4476321 -0.4644990684110696
4476475 -0.48925672463279857
4476753 -0.186814475649985
4477034 -0.6143599465121126
4477310 -0.5346422721523778
4477587 -0.4503246909012608
4478096 -0.20979598745194505
4478382 -0.5204088055642296
4478648 -0.5734358257053156
4478912 -0.5363418798035182
4479173 -0.4901620582717401
4479433 -0.5085042743485124
4479694 -0.48619565574097723
4479956 -0.5723209197187632
4480218 -0.587893809154408
4480477 -0.6368906134914822
4480736 -0.5130956639983926
4480994 -0.5839310623082992
4481251 -0.5904587011706308
4481509 -0.6132239295083246
4481768 -0.5992439354476493
4482024 -0.49286949435508154
4482280 -0.5646300120342128
4482538 -0.6772641698908721
4482796 -0.6337855617663135
4483051 -0.5788232679180598
4483303 -0.45691205390361134
4483557 -0.6307719394644935
4483812 -0.5306223479690075
4484069 -0.6883971930591297
4484326 -0.45263528231281447
4484583 -0.45842808297751547
4484840 -0.6314826603325705
4485101 -0.6417358348055208
4485363 -0.6507457359623905
4485624 -0.7287530847154611
4485882 -0.6119690922895611
4486142 -0.6289452361623558
4486405 -0.5534755834381598
4486667 -0.5022264714985237
4486928 -0.5045253450859108
4487187 -0.5509467224375519
4487448 -0.6730831453150035
4487710 -0.6957436536873735
4487971 -0.5365282917874654
4488227 -0.6011935847314813
4488488 -0.6200237868019316
4488749 -0.5608348204130236
4489010 -0.520102562902669
4489272 -0.5159869131122565
4489535 -0.63191015724104
4489799 -0.5437316731325961
4490060 -0.5001914398993675
4490322 -0.607223379903652
4490586 -0.6124941346155265
4490850 -0.6546291244684576
4491113 -0.6093451276730988
4491374 -0.5658193468107008
4491636 -0.6215964169793371
4491899 -0.5624718937354334
4492162 -0.5574769279300771
4492423 -0.5426604521044511
4492683 -0.7333233441700766
4492946 -0.5771541131266706
4493212 -0.5792852870621039
4493473 -0.47676556017976796
4493738 -0.6015917342419326
4494004 -0.6059084548513438
4494272 -0.564374034389284
4494541 -0.5022758242983387
4494809 -0.5880066602897408
4495074 -0.7289070713967507
4495338 -0.6240617695504636
4495606 -0.5718217830905029
4495873 -0.6203024219091511
4496140 -0.5117294956655726
4496406 -0.37029680660310416
4496665 -0.35584667830491723
4496929 -0.31050489399183173
