3778518 0.31572671903978183
3778766 0.30445807715060014
3779013 0.3482858926240664
3779128 0.3033302171891767
3779262 0.34186376655668205
3779762 0.3551289617026741
3779865 0.46162142700612496
3780011 0.373815505639513
3780260 0.5628482518351899
3780510 0.48749396083468083
3780620 0.5144203698233905
3780757 0.3569326059619041
3781006 0.260539450275857
3781257 0.3835359815091035
3781507 0.38197955319182497
3781752 0.30509723371926506
3781999 0.3416656804320292
3782248 0.45232678252751146
3782496 0.3533160767113763
3782743 0.352080562723774
3782994 0.2500384396549565
3783244 0.5401556151754505
3783496 0.4784232901721346
3783743 0.3420615370715793
3783992 0.43440265041365433
3784241 0.3653822533167166
3784491 0.38275990738032295
3784739 0.42066382426445253
3784988 0.35150875776005164
3785237 0.3845700070808951
3785490 0.42123140238544227
3785738 0.34423720408490405
3785855 0.42229329624926915
3785986 0.39376803604167343
3786236 0.3305980117053601
3786486 0.39837584076060556
3786734 0.29928760407467436
3786981 0.39507840700916946
3787233 0.17873535654515849
3787732 0.4126857156538598
3787981 0.3113700728008553
3788482 0.44915589924115723
3788730 0.4883176209049123
3788977 0.39961849652442294
3789224 0.41965661683464617
3789472 0.4263263940084941
3789722 0.44386577362656254
3789969 0.32842593384973495
3790463 0.3412136783767908
3790711 0.4959391309378091
3791200 0.3635934245213367
3791446 0.4183924201113822
3791693 0.45245301825717343
3791939 0.42690137660892497
3792185 0.4231957362162769
3792430 0.4132746446560262
3792676 0.43967761357656254
3792925 0.3790686307182946
3793176 0.43696886675210467
3793428 0.4153472437635972
3793679 0.35661978439639164
3793932 0.419631688514827
3794188 0.46547757969548503
3794447 0.46641334383885236
3794704 0.3216247040028524
3794960 0.39513769894807105
3795218 0.4792588586976216
3795476 0.5219904722290745
3795737 0.40257489638709704
3795996 0.3201559437345457
3796257 0.40737573282307327
3796518 0.4776877458859035
3796778 0.47598266957613
3797289 0.5208145478948487
3797546 0.5298051994459667
3797800 0.30611070478043645
3798053 0.21563346016101653
3798306 0.3753419145388373
3798559 0.42030189969112264
3798813 0.4085603839532961
3798921 0.32468786209184575
3799064 0.4038039446399674
3799313 0.29151692286490777
3799565 0.3983750205533726
3799816 0.5269206302566176
3800066 0.5320117019548118
3800319 0.4191708629749203
3800568 0.33878253730056007
3800819 0.4185685162977158
3801072 0.537546512202942
3801322 0.4541397198945556
3801575 0.3955066054998605
3801826 0.31283792703091506
3802078 0.3775900410397792
3802333 0.48393288215372904
3802588 0.4800558407667543
3802839 0.3135676614009838
3803091 0.3524007197099174
3803344 0.40161056229485353
3803601 0.4348704787841853
3803858 0.46474087422956645
3804112 0.32613790152458666
3804368 0.539689688052945
3804624 0.4071642913305914
3804883 0.4072574940988214
3805143 0.38485664428150257
3805399 0.29904129698170895
3805656 0.3521949332708465
3806170 0.38735105950576176
3806682 0.3447658767551075
3806935 0.3780020906292514
3807189 0.37541883175102997
3807444 0.5571688289339554
3807698 0.45328743597879245
3807951 0.46944013259620554
3808207 0.46558737538540673
3808462 0.4340344071371345
