3059207 -1.3181283368500125
3059673 -0.24344734505622156
3059990 -0.3416278622403297
3060314 -0.4821750478329735
3060636 -0.4676860447135307
3060959 -0.6191010099860247
3061287 -0.34899523070591487
3061603 -0.45299654290095304
3061716 0.6044028578911199
3061824 -0.39805216804378996
3061932 -0.6520661607631929
3062265 -0.47884152901882104
3062599 -0.44103337589955915
3062941 -0.5107280640913231
3063284 -0.3890458113112901
3063638 -0.5009512427199221
3063984 -0.5448507242265648
3064335 -0.4200788426256269
3064690 -0.6125793629728993
3065043 -0.6590191803010987
3065384 -0.48147228903933526
3065723 -0.4842379980963729
3066065 -0.4272378324191467
3066403 -0.452965451457654
3066735 -0.470292961791011
3067057 -0.49323593636977503
3067384 -0.3259197152757704
3067719 -0.5347039219165958
3068057 -0.31081898620342835
3068379 -0.5755967267556898
3068714 -0.4415067910542899
3069050 -0.40942312325282315
3069384 -0.4601091072431587
3069720 -0.43493310443695266
3070054 -0.4651619120817596
3070364 -0.5117658522741625
3070691 -0.40215777475426506
3070789 -0.18927319724413405
3071016 -0.46247200801980876
3071341 -0.4548321021876641
3071668 -0.49444612439657837
3071996 -0.48444266978366185
3072325 -0.43931248813322626
3072649 -0.3718269364335181
3072967 -0.5389967170747068
3073295 -0.7840894588874621
3073925 -0.49815404376121336
3074238 -0.43478204732795833
3074568 -0.4719524573030388
3074906 -0.584104480985632
3075244 -1.540247602294809
3075362 -0.46055670796760145
3075652 -0.7790932370642941
3075887 -0.6193362776703858
3076208 -0.8271620680241571
3076530 -0.6209540140274303
3076848 -0.47176051653143625
3077101 0.04313562994322784
3077168 -1.0087980852608887
3077496 -0.5691928360696139
3078121 -0.47292943812146215
3078442 -0.6599748091967452
3078762 -0.49578958010270635
3079077 -0.38927976020249466
3079397 -0.5502148789124094
3079721 -0.6058461822538204
3080057 -0.4816719803405458
3080396 -0.4569098387108411
3080739 -0.415444012586335
3081076 -0.5361344984454935
3081410 -0.41967970352558415
3081753 -0.4574544068850659
3082083 -0.45903820748245616
3082406 -0.4247546989285537
3082734 -0.6741085814914958
3083065 -0.6734751370059477
3083393 -0.4782216746688309
3083718 -0.525028227699533
3084053 -0.5979151282274957
3084398 -0.6157861866469078
3084744 -0.536144253846496
3085073 -0.4246800545586738
3085410 -0.5704240950703992
3085748 -0.49543981069418025
3086082 -0.6090929603264046
3086424 -0.4339208197058741
3086573 -0.6921816970162747
3086760 -0.32445485607984026
3087086 -0.40954273814072006
3087411 -0.6239760065636788
3087918 -0.2208687520512181
3088060 -0.6168747107299948
3088398 -0.5794492481183359
3088728 -0.33463557727643595
3089068 -0.43376581439245
