2010837 0.1708325142095431
2011328 0.17306347140802086
2011807 0.12783395113489376
2012278 0.1494077692139401
2012760 0.16424954457207908
2013255 0.15456084759887884
2013740 0.13133730522707165
2014238 0.14167639907320173
2014749 0.1542203992875677
2015253 0.12806919446085646
2015738 0.15738321402020505
2016240 0.15081635708575025
2016750 0.16738264419590987
2017256 0.12392030241616797
2017740 0.13433357503952725
2018243 0.14819002008834098
2018754 0.169205282419638
2019253 0.1327826264612577
2019737 0.13404645447160007
2020234 0.16303194282925138
2020740 0.1546805707089679
2021248 0.1453676561707894
2021732 0.13410606597034086
2022229 0.15908781591944005
2022732 0.16575558273773633
2023240 0.13800960299609794
2023726 0.1412932333267684
2024222 0.14730694905798608
2024719 0.15607328785708585
2025216 0.1354695844530951
2025689 0.10234997871029483
2026175 0.13250186549025433
2026668 0.16724472885862285
2027164 0.14987200966265302
2027650 0.1439271422040549
2028144 0.1639559379696251
2028650 0.17490351206545712
2029152 0.14508481947632762
2029633 0.13048159817788407
2030118 0.1536177554288098
2030607 0.15973832296157275
2031107 0.1300593196063592
2031605 0.09360929616342051
2032089 0.142491583301516
2032597 0.1773035890715683
2033116 0.1769881381927581
2033632 0.12325563927888183
2034131 0.14568700585292266
2034645 0.15673873045345177
2035163 0.15800885648714402
2035682 0.13000621117613564
2036179 0.13041906789999186
2036681 0.16635430477761493
2037194 0.1466790999655771
2037695 0.13045402470808865
2038174 0.14891929488763989
2038679 0.16656744838015924
2039188 0.16979961867428728
2039693 0.14067412890635372
2040172 0.10961568021629792
2040666 0.1593475324010597
