5037876 -0.4811137069687291
5038149 -0.38452271767009005
5038427 -0.5795597419852361
5038699 -0.6700295719010054
5038978 -0.47015336802134833
5039251 -0.43625909151611275
5039532 -0.45353053423278866
5039812 -0.47587423239189075
5040094 -0.43768504168083233
5040367 -0.40279790363837586
5040647 -0.5131416623392424
5040928 -0.5382552563960876
5041206 -0.49272676789333314
5041484 -0.3609258033160675
5041763 -0.5288649696273104
5042043 -0.3915581190679326
5042319 -0.45355078044441033
5042596 -0.47340641363018443
5042875 -0.5187047776039845
5043156 -0.4331880460503076
5043433 -0.4606322020957938
5043714 -0.8460896899112625
5043993 -0.5133836655002144
5044269 -0.48620681899325735
5044546 -0.4032438157555338
5044822 -0.5304262879719004
5045101 -0.5302420647516713
5045380 -0.4384230799650196
5045657 -0.42534827762476635
5045933 -0.9208090905936681
5046212 -0.5153742778062729
5046494 -0.5309104537416169
5046780 -0.5464195604544866
5047072 -0.5387922691582931
5047375 -0.5315912673269199
5047680 -0.5433405302584962
5047972 -0.46652171796876307
5048262 -0.4846933231909234
5048560 -0.484446614112122
5048853 -0.5386844479267981
5049143 -0.465123758900166
5049428 -0.5191603848896303
5049720 -0.4940484822907928
5050007 -0.561890357571115
5050300 -0.4746476907304507
5050583 -0.5300082593625972
5050875 -0.5417198178458442
5051163 -0.5135812732035749
5051454 -0.5477463010132675
5051739 -0.4598034093068833
5052022 -0.4635363700567245
5052307 -0.5537776089693014
5052593 -0.4818735204885272
5052872 -0.40137790949607366
5053159 -0.4646633121090865
5053461 -0.5212141557396008
5053756 -0.4358934756261909
5054060 -0.5337548239840814
5054359 -0.4383163379889144
5054664 -0.4898283328600357
5054865 -0.18246827920652164
5054970 -0.7410720465136702
5055276 -0.6585141842763985
5055579 -0.5682506167946848
5055885 -0.5490358086442859
5056184 -0.48963322540494303
5056477 -0.5439595835773913
5056772 -0.6166779727951179
5057059 -0.4849162861930921
5057343 -0.44686062416543915
5057625 -0.5496869287526398
5057908 -0.5453582115854445
5058194 -0.5614488156949788
5058484 -0.5986534580022524
5058775 -0.43545986475518644
5059065 -0.47892041904402666
5059365 -0.5222001435902582
5059668 -0.5299718428890305
5059972 -0.5170288595453659
5060267 -0.4699965215832811
5060569 -0.6529309262604776
5061151 -0.40624923738433344
5061452 -0.5914274632510558
5061740 -0.6517035522412518
5062323 -0.5350405446891698
5062618 -0.498891874042375
5063031 -0.7827029215873462
5064087 -0.3655791112475726
5064385 -0.43884472221940707
5064797 -0.42074571946321826
5064982 -0.3989087256714243
5065272 -0.29930726398345586
5065747 -0.2900695611510935
5065861 -0.3611028056462722
5066147 -0.34449748441756867
5066433 -0.39563135736156807
5066721 -0.2772090939684363
5067008 -0.3649677146868615
5067296 -0.3834298843397264
5067588 -0.39614328257420783
