1592333 0.38266091813039105
1592655 0.44956886192415274
1592981 0.43555259439346267
1593303 0.5475540946551268
1593617 0.39519351910322664
1593927 0.36198732091293406
1594042 0.5845423751704876
1594244 0.45818972650179357
1594557 0.5498717842720133
1594866 0.39137669509218387
1595173 0.3965304760634431
1595483 0.4857382566994396
1595798 0.55251888351684
1596117 0.5198312995879572
1596430 0.4786080738668754
1596742 0.5123947806148482
1597060 0.397136175060798
1597377 0.5481381260031075
1597682 0.42564400516453016
1597985 0.5905646054977354
1598290 0.5209719837428503
1598589 0.4503656895727141
1598889 0.3838519068967339
1599195 0.5743426666169814
1599506 0.49315607464810635
1599807 0.5405290336316666
1600114 0.3591972241802655
1600433 0.6100357155463201
1600753 0.49529646801516886
1601071 0.288177197184581
1601391 0.4693981601462279
1601711 0.592522535841555
1602038 0.5519045652505218
1602367 0.5666454671872833
1602680 0.5156155148108679
1603010 0.6027109644536204
1603335 0.6290140699540016
1603661 0.5591320509662495
1603979 0.47786979333630514
1604307 0.4983950100826961
1604635 0.4796418075309177
1604757 0.4537546135299598
1604962 0.5267187062545338
1605280 0.28707071457787525
1605599 0.5180050137219575
1605919 0.6036601253613594
1606235 0.4981722399124932
1606548 0.48904549829393534
1606860 0.47210631338382847
1607173 0.613312293782975
1607484 0.47850778116215265
1607612 0.32646805981822924
1607792 0.36401716367497705
1608104 0.43972569733369105
1608419 0.46627218774905455
1608730 0.3452884714292263
1608856 0.3159266471782003
1609043 0.4414253632131541
1609363 0.3337850237631063
1609684 0.5813616561313285
1610002 0.39995391935136726
1610317 0.47318305431247876
1610638 0.15368873224233232
1610963 0.48719306155804326
1611289 0.48618434083514955
1611606 0.4171987474980705
1611924 0.5066712031837765
1612241 0.5078724016627448
1612551 0.4686402316322266
1612859 0.40615778463810653
1613175 0.4569283566313905
1613489 0.4515721805698714
1613607 0.6474632676111443
1613807 0.40070743231445105
1614120 0.4891566850684307
1614435 0.4488481592889099
1614757 0.5568037542073766
1615075 0.41020740635002295
1615391 0.4433830541611587
1615712 0.5537673203400337
1616036 0.6005058928631527
1616365 0.5986314720670156
1616690 0.526801982338888
1617013 0.49120051039798773
1617342 0.604681244488853
1617670 0.6056303072328137
1617991 0.2747823762592905
1618306 0.6939967290899602
1618625 0.39789023506289106
1618940 0.5500212226068053
1619257 0.5650268572348902
1619569 0.4979411242028763
1619878 0.5651874113791037
1620189 0.6206969319252811
1620502 0.5474091330343589
1620813 0.49256238570013566
1621120 0.4347111835707811
1621430 0.45713583911888295
1621743 0.46482930741133205
