992558 0.27631518669459176
993044 0.2568363105326396
993536 0.325597514397954
994025 0.3178991474237902
994518 0.2913822848974288
994996 0.25832123969850374
995471 0.3175663039183
995960 0.3194116642246382
996459 0.31987212593852465
996966 0.2793459125259926
997450 0.27494371433109727
997944 0.31144076527198317
998440 0.31387547633122836
998938 0.2704472043038533
999425 0.3044906119775975
999922 0.30186498567651643
1000419 0.3201521007461509
1000910 0.26053777344657025
1001389 0.2761061448975122
1001881 0.31539247510003443
1002372 0.32638637009723914
1002857 0.30683823301565083
1003330 0.2814533893886996
1003794 0.29548644637205107
1004273 0.32135817380750475
1004759 0.3243153222070438
1005244 0.2802855548913454
1005716 0.2792287576361526
1006204 0.31610304108321585
1006695 0.3247137103874632
1007188 0.2945734346741061
1007668 0.2602247257510127
1008139 0.30104290927001354
1008619 0.30901788298769356
1009096 0.3217543261383613
1009572 0.2818715483938823
1010029 0.2718859198932023
1010503 0.31527567926883426
1010982 0.31128860762683186
1011469 0.3090660522512779
1011915 0.31976460665491624
1012344 0.3205993268511688
1012771 0.29693225172829424
1013191 0.2755001726624785
1013616 0.3000955270029839
1014065 0.3560048754183992
1014517 0.34762636927561497
1015003 0.3395534936163809
1015504 0.29718930771458085
1016005 0.3309255299790577
1016514 0.33302529029913686
1017025 0.2994252012997388
1017508 0.2701158026498899
1017985 0.31901496418318454
1018479 0.3408834150848792
1018978 0.32502315411364996
1019475 0.28367110073727086
1019956 0.2704475596247532
1020447 0.3352343623502185
1020955 0.3237336389333385
1021467 0.3267566494556442
1021970 0.2712577767138949
