3149623 0.5844656033215219
3149981 0.07355809380479439
3150321 0.5643170623712728
3150661 0.5764317947807108
3151006 0.6416374267778192
3151343 0.6757386541863641
3151685 0.6067626708039391
3151945 0.42637019069354976
3152070 1.3155867695786378
3152364 0.1805773370049656
3152476 0.012436680488949747
3152697 0.5482625288598372
3153035 0.5351825040617224
3153370 0.63593681985527
3153733 0.5056811204872375
3154064 0.4819256826639076
3154407 0.5473109234798262
3154781 0.6138470360047164
3155153 0.5431974839836176
3155526 0.5601923201225626
3155897 0.4150059016792203
3156237 0.4100863306790659
3156593 0.3952168029788895
3156947 0.44499420294380027
3157328 0.576196149872159
3157548 0.14126330070945808
3157727 1.587501908974301
3158036 0.7481565345469007
3158242 0.2895400247819556
3158746 0.42411347327669663
3159089 0.18894923789281018
3159419 0.31340120542752103
3159761 0.6260297459432892
3160101 0.7313754970422857
3160459 0.5081021814590743
3160803 0.5327883957681441
3161175 0.6041069053500486
3161526 0.7414961543202306
3161888 0.42588024042113454
3162234 0.6695250116583223
3162582 0.7973603628653508
3162925 0.7734493218494516
3163267 0.6997778991951846
3163624 0.7314098112399503
3163969 0.7333655022922583
3164399 1.3622498172172177
3164709 0.4262306295068833
3165051 0.37404273323977766
3165395 0.41099970337398206
3165772 0.5170213875349441
3166140 0.3921881424476438
3166504 0.4042979822722963
3166843 0.39924028672617645
3167217 0.4488424555566409
3167581 0.5013783982061693
3167951 0.48453340415947954
3168295 0.41947744848494567
3168682 0.5356781057080068
3169061 0.5164873902959299
3169436 0.45711248634330065
3169783 0.43730333923169246
3170180 0.5208076021861672
3170572 0.5107789003965935
3170969 0.4778330492246758
3171347 0.4340098325161078
3171739 0.5276105287389159
3172137 0.5079752090433651
3172543 0.45573173191410504
3172931 0.43173226714814505
3173330 0.5197355374786249
3173739 0.5173385715419508
3174166 0.48752091541797665
3174581 0.44512263566216503
3175005 0.526703406463017
3175431 0.525437965028549
3175852 0.4495525327133627
3176240 0.4533700044379693
3176631 0.5246487222013997
3177020 0.543055308152599
3177403 0.4489303772851387
3177776 0.5018275415206706
3178158 0.5431149643334712
3178546 0.5445619786778149
3178930 0.4342079046567636
3179309 0.5076704424628337
