3059255 -0.3899326787666916
3059573 -0.4216040027195618
3059892 -0.39177371333090405
3060217 -0.45180019191101783
3060545 -0.42387748687843774
3060871 -0.4707039201026245
3061186 -0.2774645716648213
3061516 -0.4176228244874215
3061837 -0.5002699934816903
3062152 -0.4102742798113789
3062466 -0.3811028493257931
3062787 -0.36962523391699886
3063114 -0.4032307692302399
3063450 -0.42297838997184745
3063791 -0.40384584182947814
3064146 -0.42054835923821976
3064500 -0.3735387990044965
3064856 -0.4081227860794616
3065203 -0.4194969709516031
3065543 -0.42715872143226974
3065889 -0.41341455376440495
3066226 -0.27883662794821584
3066556 -0.2516632690153756
3066907 -0.4785946597529536
3067239 -0.4572703506861695
3067559 -0.4070662343574477
3067882 -0.42139986629457893
3068201 -0.39274252735469284
3068516 -0.4521211046563799
3068833 -0.4116878355767716
3069154 -0.47819875638720677
3069481 -0.44136841022244055
3069811 -0.41876291718696035
3070145 -0.4534521251143565
3070471 -0.41438319885603414
3070803 -0.4257519872371395
3071138 -0.3627267639789824
3071504 -0.45032922257084307
3071882 -0.3902365587537868
3072250 -0.3948285715564025
3072620 -0.42789080029345883
3072981 -0.49907010473061303
3073347 -0.46107164259827876
3073715 -0.47076795418613365
3074089 -0.4873944418358168
3074470 -0.4420487057075319
3074855 -0.47515460779923135
3075226 -0.4586574588808772
3075595 -0.44917176189641406
3075965 -0.44538649350915366
3076330 -0.4123945795037403
3076694 -0.4629490999747432
3077062 -0.4371002140003275
3077429 -0.45541934325649347
3077790 -0.4561497826382098
3078142 -0.45621952356627293
3078485 -0.44364511132504125
3078827 -0.49268016439682505
3079174 -0.4015966422140522
3079522 -0.3574530688263128
3079879 -0.44892738786247716
3080236 -0.47951121076918224
3080606 -0.4422681688374549
3080979 -0.3550673283758973
3081338 -0.377281719070946
3081711 -0.45264474350799755
3082081 -0.3916661878298723
3082454 -0.4557249807285213
3082818 -0.4000773396568591
3083178 -0.43524274275230657
3083542 -0.4276079564347255
3083909 -0.45171518677022604
3084281 -0.40164041654883365
3084642 -0.36787901258003786
3085015 -0.4083638135050498
3085380 -0.4631930818813228
3085741 -0.4015826792093601
3086089 -0.3977880824225568
3086437 -0.4413733973910906
3086789 -0.4286559318136993
3087142 -0.41411830658052906
3087493 -0.3874481955385164
3087844 -0.42642993126385687
3088214 -0.41863957306005206
3088590 -0.4454529521846034
3088952 -0.3728744318083147
