2610380 -0.49885997347147415
2610775 -0.3695313884945346
2611150 -0.44722397429433575
2611545 -0.4537744884475641
2611948 -0.4018185370944368
2612344 -0.3648093234893829
2612744 -0.48497091545697923
2613158 -0.4807399042508886
2613569 -0.39724777770867503
2613976 -0.43285983133058076
2614407 -0.44137079864220646
2614841 -0.4071747232373625
2615255 -0.432100608493912
2615691 -0.46202885157104023
2616128 -0.3986599017297945
2616539 -0.40653220593473255
2616957 -0.46355192562783437
2617386 -0.41871890777867715
2617790 -0.4126134221178213
2618206 -0.4658679679286117
2618623 -0.44242352486070635
2619008 -0.4690702186498734
2619372 -0.47074192824401406
2619740 -0.4220127652265345
2620106 -0.4349407523037223
2620502 -0.45348205586733237
2620911 -0.3902389039152271
2621300 -0.43372780607988626
2621709 -0.461907849895033
2622133 -0.45317037354116063
2622539 -0.39185403316014455
2622966 -0.4888958421386061
2623404 -0.38251395372529917
2623823 -0.40436361790758846
2624257 -0.45952253891169625
2624699 -0.42620035251782284
2625131 -0.38370563582776407
2625575 -0.4607994086838232
2626023 -0.49259359288485727
2626454 -0.38454901985265055
2626873 -0.44547226020302844
2627305 -0.46144465078341135
2627750 -0.4005169616943479
2628171 -0.4079520766008662
2628607 -0.48711772577472834
2629038 -0.3818657564431258
2629458 -0.4142911755386006
2629898 -0.4726057772975034
2630357 -0.4380716513447514
2630805 -0.369127058479527
2631239 -0.4415658510097766
2631679 -0.4298763804739787
2632132 -0.46082704295759924
2632559 -0.35849051887011996
2633000 -0.42364769941093694
2633432 -0.4722234709293637
2633870 -0.41427917799507263
2634273 -0.41226826773355096
2634695 -0.4380024278635828
2635128 -0.4665089258586068
2635547 -0.38398426498435034
2635971 -0.4500976572853186
2636413 -0.4126638768169222
2636840 -0.39776012321921883
2637284 -0.4672856765188915
2637739 -0.3958116042892983
2638172 -0.3890690470808942
2638616 -0.41871570962634513
2639062 -0.4219236551791241
2639490 -0.3842205423030014
2639928 -0.46254069907857065
