243780 0.66471815925939
244142 0.5949395158793486
244519 0.7547585678492612
244900 0.8064109986871881
245290 0.7575285863400252
245665 0.5779346188831583
246043 0.7406378031012576
246432 0.7923648326990375
246829 0.7975253441561304
247222 0.592395874801274
247601 0.6759574772536906
247994 0.7532089796149052
248398 0.783698996282488
248797 0.601173290772444
249176 0.6454079750234731
249574 0.7632084943319453
249981 0.7851508836359056
250377 0.6096457599068477
250758 0.6777604323966889
251157 0.7486393662039759
251571 0.7741517961669098
251978 0.6261102268419791
252360 0.640556505642135
252753 0.7498124492113519
253152 0.764575321812499
253555 0.7045231338064423
253941 0.5640471478960022
254335 0.7426794245163926
254729 0.7527084403382668
255123 0.761924588557741
255502 0.5996933810802917
255871 0.7032093140786626
256245 0.7528267273154503
256630 0.779786606401103
257027 0.7455639014539122
257411 0.5854096754320983
257804 0.7491907504548716
258201 0.7661245449118466
258604 0.7533027780186932
258993 0.5785191261630801
259382 0.7301504002102012
259774 0.7566216457640145
260170 0.7496352815042286
260555 0.6255986342559315
260919 0.6597940149236463
261290 0.7566747083738323
261661 0.771877600093337
262034 0.7089717276248664
262391 0.6097299515428186
262765 0.7446335453344967
263140 0.7599336547412987
263519 0.668791540635218
263880 0.6111902133801292
264261 0.7332303807183387
264645 0.7468866282181839
265036 0.7455999360742815
265416 0.5734494342358799
265795 0.6948374816472372
266195 0.7217161714224136
266606 0.726450861114898
267012 0.6243445031296534
267393 0.6060432990448379
267792 0.7062547539389743
268197 0.7309705960039397
268607 0.6710151393133972
268992 0.5711919178291321
269394 0.7028182743386154
269802 0.7431310520034252
270213 0.647966724464113
270593 0.6087027310520856
270984 0.7175672615245889
271375 0.7411865035743624
271765 0.6375937233209551
272136 0.6116129681830589
272524 0.7514333339389546
272919 0.7681910799820543
273329 0.6700925019384152
