3718371 -0.7708487962490637
3718658 -0.3259857288626354
3718951 -0.4351378451779101
3719250 -0.506880056860587
3719556 -0.5789334532842223
3719857 -1.3848003973416727
3720163 -0.5157968244027044
3720473 -0.7885965609604604
3720790 -0.5634093490954006
3721136 -0.9171249486624857
3721419 -0.45072150396018174
3721730 -0.6222236336580559
3722045 -0.3456242315735135
3722219 -0.5376899215364367
3722354 -0.6729687485058378
3722653 -0.35554202313438144
3722946 -0.5408202793176016
3723240 -0.4572742444427499
3723533 -0.43679858054405574
3723825 -0.4801610001536524
3724122 -0.524238553539279
3724416 -0.5185694423281215
3724707 -0.5242863816471183
3725000 -0.7197429111953735
3725296 -0.7616483738926729
3725593 -0.5133687971849835
3725891 -0.5474523275486831
3726190 -1.317020644571303
3726491 -0.8329714370077216
3726786 -0.4780516874308892
3727078 -0.4789390884734983
3727377 -0.7393783855365457
3727663 -0.40929730548077214
3727962 -0.6001113665551152
3728259 -0.6784780293751107
3728555 -0.6971248382527444
3728845 -0.7172026484210379
3729133 -0.6688068277574746
3729423 -0.5992882661738007
3729711 -0.562845578595625
3729998 -0.5350333880934728
3730282 -0.48156989960285335
3730573 -0.6154738154966805
3730865 -0.6057587567552827
3731163 -0.516795224186864
3731453 -0.4744983086754054
3731749 -0.6069799070292166
3732044 -0.4601788674272592
3732335 -0.2899558204538889
3732626 -0.5130643354857194
3732918 -0.49559368888084604
3733211 -0.5597980029463456
3733500 -0.5489593695136297
3733792 -0.6840413105493047
3734087 -0.5548287650700984
3734375 -0.5010512792496952
3734668 -0.5652886105918126
3734966 -0.5296461717742209
3735267 -0.576387472272561
3735569 -0.5311797881119563
3735867 -0.47083441304494633
3736169 -0.5720343175353615
3736474 -0.552039299016276
3736780 -0.5492024208260525
3737084 -0.5135793374829394
3737385 -0.50760446421026
3737690 -0.536428412652395
3737999 -0.7681474303161892
3738297 -0.5057348353714762
3738596 -0.5684395080271728
3738897 -0.5673217377150669
3739200 -0.40734818468327305
3739503 -0.7036470376114042
3739802 -0.38650985817236666
3740402 -0.5598583660631304
3740705 -0.7392602228029983
3741211 -0.6290274942535169
3741301 -0.11188855529641556
3741596 -0.5135222204081242
3741893 -0.6665912249098522
3742190 -0.5180160966950013
3742481 -0.455521887177903
3742770 -0.42081011196774865
3743060 -0.49982375080643504
3743347 -0.5464482775678352
3743916 -0.5912967941668253
3744200 -0.6568022017951128
3744489 -0.7105957642725548
3744771 -0.733727306497799
3745057 -0.524732674555894
3745340 -0.4101297177990119
3745627 -0.5960171009383305
3745914 -0.531318473269557
3746203 -0.5432262311862486
3746494 -0.521027390078369
3746784 -0.49391539487483127
3747076 -0.6029317133191288
3747362 -0.44543533892104803
3747651 -0.5041736430083312
3747942 -0.547054389371179
