3119803 0.2993148489974811
3120283 0.32777421611084934
3120790 0.2938484636647052
3121283 0.2601502878837911
3121782 0.3019191700465072
3122321 0.32175647178729905
3122870 0.24447084622443632
3123405 0.2917198454911176
3123916 0.25822617055187536
3124452 0.3240147082582847
3124991 0.3474819955843772
3125620 0.33845949361042627
3126058 0.2941746740865276
3126566 0.3279235953013286
3127095 0.32818208146891675
3127627 0.3482708386897114
3128163 0.3534938979529658
3128682 0.3127731919682849
3129179 0.3319216355218959
3129698 0.3525837329812661
3130221 0.35976240310994606
3130743 0.36339772055379443
3131265 0.3313981371337107
3131773 0.3319540801304928
3132300 0.38302565355283014
3132799 0.3520805531676809
3133298 0.34125347375394366
3133771 0.31778452412058494
3134258 0.36941741690283436
3134762 0.3776510467444324
3135266 0.36606219944527596
3135765 0.35352926484707936
3136263 0.36379781397459
3136771 0.367509318549656
3137289 0.3352391420513422
3137794 0.362239781653013
3138314 0.36691180931880363
3138831 0.3654052702842613
3139353 0.3321270120157034
3139852 0.3395896242838185
3140378 0.36156167662500627
3140883 0.3614761563506487
3141404 0.336794585995452
3141885 0.3472917731622371
3142382 0.37121454377350516
3142894 0.37142349457521695
3143399 0.35584628284682507
3143881 0.32527155876998254
3144392 0.377482096656249
3144897 0.38119483408837096
3145396 0.3751693834662366
3145909 0.32612688390946826
3146367 0.3031622910278075
3146809 0.36827776906073173
3147239 0.3745553514393728
3147663 0.3461951142255315
3148079 0.31443236102764727
3148494 0.3843412205515934
3148946 0.3983301254710706
3149396 0.383217769032812
