3659023 -0.47532083962635796
3659355 -0.5493163423998904
3659675 -0.5154909430731467
3659994 -0.658922637689422
3660331 -0.5020290139953243
3660642 -0.4368980705111808
3660990 -0.45869780104874636
3661334 -0.4298049723630385
3661686 -0.4866703749145167
3662039 -0.4916021955982264
3662376 -0.45735911208352564
3662695 -0.49680586457257747
3663028 -0.47896089575545453
3663355 -0.486940099994983
3663687 -0.4262739358596245
3664002 -0.5445850698362023
3664338 -0.3751391658836347
3664645 -0.4773729684223694
3664992 -0.5546855807651948
3665335 -0.5266947384661615
3665681 -0.494718359733781
3666020 -0.5061684781894081
3666338 -0.5340000808598846
3666688 -0.5783889447359117
3667032 -0.5611809261273566
3667367 -0.5065563596429945
3667702 -0.529045042103441
3668034 -0.542563551104564
3668347 -0.6398710941715867
3668681 -0.6133176922145231
3669020 -0.5233116358491277
3669355 -0.3760030338235668
3669693 -0.5228118820646842
3670043 -0.5252727494358539
3670397 -0.4166272883534097
3670754 -0.43398054621787807
3671100 -0.4222510437329309
3671449 -0.5479430480881882
3671808 -0.5023465270423468
3672165 -0.5178359093355055
3672520 -0.5489120742895331
3672863 -0.4547261423066011
3673189 -0.46614554607290837
3673513 -0.49014802233265387
3673833 -0.5151836990214806
3674169 -0.538128997952936
3674513 -0.5283840129497512
3674853 -0.42792634776461513
3675186 -0.44470185712577526
3675533 -0.45209495398870714
3675888 -0.5375833640286425
3676249 -0.5335181955193589
3676601 -0.4669298925272074
3676928 -0.4397100935826147
3677288 -0.45822169410691727
3677639 -0.5112011864603078
3677983 -0.4373894217562223
3678308 -0.4465664746197666
3678665 -0.43446274351765957
3679011 -0.5562244865954232
3679346 -0.3368150575534419
3679664 -0.3766420424706233
3679985 -0.40170195582633633
3680308 -0.3621295212849445
3680629 -0.3734210287883768
3680971 -0.403282711737502
3681309 -0.4383134954810525
3681651 -0.36816191593778586
3681983 -0.42551756418589776
3682297 -0.39354162042734314
3682616 -0.4044079904367421
3682950 -0.37914424356831633
3683263 -0.39222418314432117
3683606 -0.3863725653443942
3683946 -0.408460485718833
3684288 -0.40632526426118526
3684622 -0.36879236393262915
3684961 -0.4090388961371911
3685301 -0.39811442313375606
3685634 -0.39077621049827294
3685949 -0.4094947855876413
3686285 -0.3969373527991117
3686605 -0.4163257176735612
3686945 -0.3714636181527114
3687282 -0.38435698018247816
3687629 -0.3985433582935622
3687986 -0.4046329116376723
3688345 -0.3566752114858268
