753223 -0.44600370061881955
753657 -0.35402122943553815
754091 -0.4103984589971895
754531 -0.4311272177418497
754976 -0.3876552717881875
755393 -0.3477464212933899
755806 -0.42403290411592476
756229 -0.42833849096438203
756666 -0.3982622801007568
757105 -0.3929118319203949
757517 -0.37633385882692233
757939 -0.40525547980504606
758364 -0.4300673381396195
758785 -0.38183354672599645
759174 -0.3593411286350109
759559 -0.40931465441474246
759944 -0.423151722804332
760332 -0.4077729381948667
760707 -0.3757761904210132
761064 -0.38023184639219476
761449 -0.4471957765540242
761854 -0.42251252812520657
762281 -0.3758151273253918
762683 -0.3514597309682887
763087 -0.42645411746858397
763506 -0.40846983383689905
763927 -0.3712953725993601
764319 -0.3689391582927972
764711 -0.43395068094830447
765103 -0.41666208495891544
765492 -0.38031552891099163
765857 -0.361536643570596
766227 -0.447048160919288
766605 -0.41195289054307604
766989 -0.4129357030112025
767361 -0.3703624095702569
767724 -0.40741932815138093
768106 -0.4283391030850704
768493 -0.4120590798745294
768865 -0.35958545360283567
769219 -0.3857135658278362
769593 -0.43715124043993214
769974 -0.4199642769175318
770355 -0.3724280763256145
770715 -0.36213120465520754
771087 -0.4230290392660109
771467 -0.4489387703693887
771853 -0.38099405211199067
772223 -0.3595255683079236
772597 -0.4448298241572185
772976 -0.444685701698911
773360 -0.42724691061635167
773730 -0.36417627601501334
774088 -0.44456854539495483
774460 -0.4421827440459768
774841 -0.43023151899022605
775226 -0.3581961633467322
775593 -0.3686205140235205
775967 -0.44418250979486407
776345 -0.4299022044260912
776724 -0.4186914380100928
777090 -0.34690517835252543
777455 -0.44484092436689826
777834 -0.44935104833790285
778226 -0.414076666341206
778605 -0.3643691244005173
778963 -0.4271913825601182
779335 -0.42459401334813596
779714 -0.4072384971726798
780080 -0.36928399975894005
780441 -0.41634448778279604
780805 -0.47086072094781195
781165 -0.46654712280539756
781514 -0.3743595729318876
781868 -0.491253867612362
782229 -0.44553537837046986
782575 -0.37853340809500446
