3778137 0.3899010943103892
3778655 0.37808690822834784
3779170 0.38853309234030386
3779675 0.3505447468276085
3780143 0.34121453654248834
3780599 0.36704998565200025
3781064 0.3646625351928253
3781541 0.33606016717331544
3781987 0.2875502506744656
3782438 0.3292534106831563
3782936 0.3298371061507694
3783434 0.30803944678800027
3783912 0.3138714709775504
3784423 0.3401725523605017
3784953 0.3327370449162225
3785465 0.2914908388345602
3785950 0.25786003993774775
3786402 0.32360838318024077
3786881 0.33415755972974237
3787352 0.31956035748628686
3787826 0.31511894573066085
3788287 0.2962796227205086
3788766 0.3387376518596338
3789282 0.33928793111165123
3789820 0.32247799647625064
3790356 0.31576784685886405
3790850 0.2738878690508126
3791321 0.3152067859098002
3791815 0.323947102428803
3792333 0.33301677567751164
3792853 0.3274607419243575
3793359 0.2951577592139387
3793846 0.331258881432915
3794369 0.3305033051686106
3794881 0.33637363096694395
3795362 0.31122642468645556
3795826 0.3066479896445122
3796298 0.3495317851236158
3796785 0.35663702094646993
3797237 0.30065212348982706
3797706 0.3600989197096649
3798179 0.34699126099726807
3798680 0.34907559778514163
3799176 0.30600582017784694
3799656 0.30542415699561476
3800146 0.3237555134615685
3800654 0.33855792135190577
3801150 0.32040236797991634
3801626 0.28373612136166304
3802072 0.28748317034198956
3802531 0.3451728564672286
3803030 0.3525591667207384
3803525 0.3352470631098531
3804009 0.29968054352430373
3804475 0.3163321522019327
3804967 0.3351718540933313
3805476 0.3399092381555052
3805978 0.317733096726574
3806463 0.3049193439648771
3806947 0.346511354923697
3807444 0.3367519539855207
3807929 0.30800618531188684
