1891500 -0.5439498215227648
1891831 -0.6216356980051566
1892153 -0.5816329923256813
1892471 -0.5250692898706278
1892784 -0.5674842005663852
1893102 -0.4848002652485953
1893421 -0.5529068352883529
1893746 -0.5359873654585066
1894083 -0.4718717490984615
1894436 -0.4744307443623287
1894790 -0.5058018906936963
1895158 -0.4903748286112477
1895522 -0.4535659759385978
1895877 -0.6464894879192917
1896013 -0.16457279109757122
1896194 -0.4419425454869047
1896512 -0.5466412583558797
1896656 -0.30908454357978565
1896839 -0.3513626722497806
1897176 -0.37711349768512864
1897526 -0.3897242907554473
1897898 -0.48454623928674045
1898283 -0.53498177525263
1898682 -0.3877211245304213
1899071 -0.2880211896953664
1899436 -0.5212908339400867
1899811 -0.6097369763561782
1900180 -0.5077768087092168
1900527 -0.6627184672101059
1900872 -0.57698072134331
1901211 -0.5174344113225204
1901539 -0.5243849943141673
1901857 -0.5554179405048735
1902171 -0.4516969598533058
1902482 -0.5430685186590825
1902796 -0.10459035467689837
1903119 -0.5577110161509488
1903456 -0.6275552551332683
1903796 -0.4426637372633889
1903935 -0.23463589811350016
1904135 -0.48701571853033365
1904268 -0.19114505238752388
1904487 -0.7607600715150656
1904852 -0.9438774199614126
1905196 -0.558201730958669
1905538 -0.4138807303477127
1905891 -0.4360858336097009
1906240 -0.7385765366515769
1906574 -0.5450947059069965
1906918 -0.47216864259195224
1907263 -0.7488727352153812
1907611 -0.4094218677556921
1907945 -0.4589668496624064
1908148 -0.31832912457219553
1908293 -0.687227343164709
1908638 -0.389534168056184
1908979 -0.45868886189819313
1909306 -0.41688182323908646
1909635 -0.8208303213466667
1909978 -0.7625500921266435
1910318 -0.402816044413389
1910665 -0.5984994855228674
1911016 -0.5450125691690463
1911373 -0.4648852459778897
1911730 -0.5785020754117941
1912085 -0.3310185688445678
1912434 -0.554073707835874
1912780 -0.6078467265949394
1913116 -0.5256409865437381
1913442 -0.3856225123926136
1913771 -0.3125808481914699
1914094 -0.6051766547698865
1914418 -0.42141540774376207
1914749 -0.49192813291762927
1915091 -0.45571316154248454
1915446 -0.4944430130334835
1915798 -0.477595197694052
1916154 -0.8004055033527615
1916502 -0.47458373407702525
1916859 -0.5997480638640458
1917241 -2.158482672368053
1917581 -0.5393418278296972
1917927 -0.6617275677690976
1918289 -0.5554328005916639
1918426 -1.2856836832898495
1918653 -0.35287979421694216
1919004 -0.42416129093747046
1919345 -0.5180268854479637
1919695 -0.3640309570607455
1920046 -0.5690098519766449
1920385 -0.4768738492630356
1920724 -0.7307650945559752
1921076 -0.518435478128145
