603219 0.6101948523963978
603606 0.7214984660113157
603990 0.5420096727871743
604373 0.5521499941767208
604782 0.6740776239668159
605181 0.5271959792873647
605563 0.5170749093453401
605960 0.6494524570240946
606358 0.5925695268046448
606737 0.4476711581275527
607087 0.37994844026988506
607452 0.3765703316224974
607835 0.5613457192427828
608231 0.6040760838098895
608634 0.6260991002262263
609040 0.6540143084837707
609427 0.5611076767646436
609826 0.6829451412209101
610225 0.6516476065922325
610620 0.6306927538185588
610998 0.5764165712755791
611394 0.6837901841598777
611789 0.7220350656714734
612179 0.4137850501613962
612555 0.6013540460644174
612938 0.45553624402932735
613324 0.8603301341583579
613690 0.40406032455645247
614082 0.5877097825412414
614472 0.6391247159211322
614861 0.5576895456519818
615241 0.6238578606317808
615634 0.6256851488776365
616032 0.6641539341146552
616421 0.5136570366646397
616812 0.5190353918274502
617212 0.5836262491386907
617608 0.6014015087565692
617996 0.5106976206101238
618385 0.5637315836305289
618776 0.6125282813600633
619176 0.6069419171425381
619569 0.5118436458780008
619957 0.6110134495503317
620355 0.6039312875418494
620771 0.5885735219167534
621181 0.5056950840966021
621577 0.5377082083683543
621985 0.5995738737868928
622393 0.5870432700593861
622789 0.500219635634142
623195 0.6079111312856144
623603 0.5909165423699541
624015 0.5775025413601834
624400 0.4975833159376709
624799 0.6016196528140136
625203 0.5917468097749583
625609 0.5708678559034766
625990 0.5278093420560394
626388 0.5994771907144745
626790 0.6210989531385854
627195 0.5137428123323431
627575 0.477365337195217
627950 0.5221617175996922
628319 0.6785128531030586
628678 0.5239853989271546
629042 0.5815949855565733
629402 0.6740917566513156
629746 0.5335762495556318
630097 0.5101707826376071
630445 0.4964956486969293
630782 0.5621004335346672
631121 0.6159975478628333
631465 0.4704114137027426
631809 0.6278907349704974
632145 0.44496706163214333
632503 0.357117970005312
632853 0.3553076975510686
