2580448 0.32389049895490174
2580864 0.41227883182140235
2581294 0.4149557546586125
2581732 0.3761949128063025
2582173 0.37108051535797565
2582625 0.42067342433299615
2583080 0.37165813927571023
2583526 0.33728478252319977
2583980 0.4235756348631979
2584443 0.4139741368794556
2584904 0.35542642136572655
2585353 0.3319255067434512
2585805 0.4199294810499836
2586257 0.40568893792600147
2586709 0.34888858456786226
2587151 0.32795303124910846
2587589 0.39996846029749933
2588035 0.40753851484472986
2588487 0.3887556186688377
2588929 0.3238793894299089
2589365 0.3893481764490588
2589808 0.40283379797482644
2590246 0.3934846805583254
2590678 0.32142406808928353
2591103 0.371050700790046
2591532 0.403893754144517
2591957 0.4000535562579169
2592385 0.34589795785932104
2592811 0.32913370948894327
2593240 0.41668312599200164
2593670 0.4066829898719275
2594107 0.35126455549402263
2594537 0.32220687619756083
2594963 0.3975537384880766
2595394 0.41270733751655947
2595828 0.3998289918061113
2596259 0.33820524998066065
2596686 0.3722717933587294
2597116 0.4113412318843052
2597546 0.3904198745311088
2597967 0.3290786545263873
2598381 0.37201119911480673
2598799 0.40534825250994316
2599222 0.39387998104302474
2599646 0.32844759866882756
2600064 0.34318550082799093
2600492 0.4114999347567373
2600917 0.4032651244100113
2601357 0.36330499343798417
2601789 0.3123431430388267
2602213 0.36992121689121604
2602642 0.41955227226353564
2603076 0.40466530706110065
2603512 0.3512386817112027
2603936 0.3233130269207809
2604357 0.3935731293258514
2604781 0.41959402503210397
2605212 0.4085092003464942
2605643 0.3397771193138698
2606070 0.31961437580778196
2606497 0.4184913206542414
2606928 0.4064834667534511
2607364 0.4004582861081993
2607794 0.3285435395052583
2608214 0.3437173419132104
2608645 0.40719099905883926
2609072 0.40067345471154625
2609506 0.35514282894881277
2609935 0.32400746784560647
