1352120 -0.4614040562342798
1352539 -0.46694453638487976
1352964 -0.4439021260627354
1353369 -0.38291081632752577
1353783 -0.47426288165863345
1354213 -0.46973625644880423
1354646 -0.48048300190791504
1355055 -0.40383032511030803
1355467 -0.49103955377290476
1355888 -0.5164364233098144
1356295 -0.4822936097971151
1356683 -0.41157991157502716
1357068 -0.4807239909436051
1357454 -0.5192159364120015
1357838 -0.49419227603274296
1358205 -0.41109493704130806
1358573 -0.5046320410489855
1358951 -0.4798039249678589
1359331 -0.47984628106929517
1359698 -0.4573341198040822
1360069 -0.5336133679500528
1360439 -0.46307524005075057
1360792 -0.5210403094692085
1361134 -0.6397220649839959
1361478 -0.5343484267280386
1361817 -0.4741590820247346
1362143 -0.5096471029531195
1362487 -0.4725577205683146
1362829 -0.5761284974840145
1363176 -0.4922443254955283
1363522 -0.5381048313109746
1364031 -0.9402981257246105
1364197 -0.35782277442395494
1364539 -0.5278005089134407
1364876 -0.6133488772646348
1365198 -0.4034279513304887
1365530 -0.5760818335199356
1365863 -0.5007177098504653
1366209 -0.6831135281276253
1366553 -0.6230182959087934
1366946 -1.0539412941783202
1367278 -0.47651632857597437
1367659 -0.2585074982152629
1367860 -0.6755277530585992
1368002 -0.3810738259912383
1368351 -0.4775883280311657
1368704 -0.533960902944297
1369062 -0.33151599156816636
1369425 -0.8681945761525418
1369778 -0.39359659541090936
1370131 -0.4364615810187007
1370630 -0.5016273728556226
1370859 -0.7439830769863568
1371216 -0.3935249199902242
1371571 -0.4169551472383375
1371937 -0.41265134880349963
1372319 -0.6398436694724458
1372702 -0.45808517718787944
1373069 -0.3375335691733101
1373459 -0.5774904327427992
1373843 -0.5358512782428362
1374225 -0.5335564562531481
1374594 -0.5426101613978591
1374973 -0.24250914325922407
1375347 -0.3777671968110914
1375728 -0.2769654700892087
1376095 -0.33650802614551506
1376458 -0.5288069624043873
1376832 -0.4657354459913458
1377208 -0.5222960520464375
1377575 -0.47440965584313743
1377943 -0.353267519012715
1378330 -0.6607595824293453
1378708 -0.4773373496479193
1379461 -0.4027737403014172
1379834 -0.5433381063686684
1380206 -0.6100096410959274
1380566 -0.4189645096960637
1380916 -0.42815756915702996
1381267 -0.4429285015409353
1381623 -0.4387843242278243
1381989 -0.5520371729721715
