6594673 0.3598698195477079
6595043 0.34510261084980787
6595418 0.39214115329464355
6595798 0.42975021403545316
6596183 0.42683807527651296
6596563 0.30113794502216773
6596927 0.35653107983002047
6597299 0.38250486179982496
6597678 0.4131985915123456
6598057 0.34238054319957023
6598425 0.40048421884223845
6598803 0.40841934533120583
6599183 0.4074253067624816
6599568 0.3638340183991672
6599939 0.36503042533991154
6600314 0.42671649725538063
6600691 0.416931619343797
6601073 0.40474245088101735
6601443 0.32633750306687725
6601809 0.39658805953331144
6602186 0.4247987998046881
6602569 0.399614691368635
6602945 0.3452660309248933
6603304 0.3722850132125075
6603673 0.4076885509911302
6604042 0.41451829807935003
6604420 0.36024201060202654
6604785 0.3790704891910218
6605163 0.3948443683860143
6605553 0.3942892200872893
6605953 0.38712585078902484
6606339 0.3430932665814321
6606730 0.4219109452693986
6607124 0.4165936033545132
6607520 0.373783829584604
6607893 0.32395391296679876
6608272 0.3856955755791682
6608649 0.3974703847754462
6609032 0.36237282742614607
6609406 0.33981389387958627
6609775 0.38726847966702055
6610158 0.40716489461002153
6610552 0.41404787319518505
6610947 0.35735093869678314
6611327 0.35563517300933906
6611716 0.3894329426401715
6612110 0.41357162649934365
6612500 0.38216846153598116
6612872 0.3386061108961943
6613248 0.39797424276428955
6613629 0.3328439326790354
6614012 0.5906874353410607
6614368 0.36802653859544165
6614723 0.4712133690981206
6615083 0.5357614411475643
6615452 0.5352000326631108
6615820 0.47220989190916396
6616184 0.5117055656621067
6616565 0.55365941676589
6616961 0.559274691480945
6617356 0.5163235850066996
6617737 0.49614074037152
6618131 0.5441077066283336
6618524 0.5564495128159064
6618917 0.5118629495819144
6619290 0.4776559801306267
6619672 0.5513602451870867
6620058 0.5687939322692926
6620452 0.5333304366131152
6620827 0.4681727271615343
6621208 0.5461215747391254
6621596 0.5723660286740156
6621987 0.5539647670747719
6622368 0.474329977442117
6622747 0.5261084343145997
6623142 0.5582476905002813
6623540 0.5641182121711324
6623926 0.4731137191035017
6624301 0.5038004842704653
