3928044 0.4877099511394587
3928311 0.4441606501837242
3928576 0.32573506047407574
3928845 0.2738511196144911
3929115 0.492597975758583
3929385 0.5266302525365218
3929654 0.4190600014205667
3929895 1.7496592841684118
3930196 0.5689872858534804
3930462 0.4134472265211212
3930731 0.6410612894234027
3930999 0.32793111028741523
3931268 0.29580386506373524
3931533 0.3466380944396597
3931799 0.4242738223865364
3932070 0.44609264214377053
3932340 0.33564182393660547
3932609 0.30128818059663165
3932815 1.7161158261959173
3933152 0.4488262454948281
3933374 0.18306883364996468
3933692 0.45412036671964306
3933964 0.4898385149775945
3934235 0.49763872658712205
3934505 0.4243538464154117
3934776 0.6068241693985021
3935048 0.5974850760774555
3935318 0.3236880377141764
3935587 0.3241621966285308
3935857 0.22406633379252458
3936130 0.3495307121954689
3936399 0.2961669861930572
3936668 0.48658620452477735
3936939 0.5443872943604036
3937213 0.4473639063502035
3937486 0.3813509166514902
3937758 0.3001085341442008
3938033 0.4330280606767585
3938310 0.6063342027409433
3938583 0.3771013596479086
3938857 0.4999442304891121
3939132 0.5859735448505667
3939406 0.4346993620554937
3939683 0.6360046053461577
3939960 0.5701174675186045
3940235 0.5120641196637082
3940508 0.42961633460531684
3940783 0.6557585745783951
3941054 0.5185335987538171
3941325 0.43831160231216226
3941596 0.4987914678737202
3941871 0.582923775171251
3942149 0.6642557185265388
3942425 0.5402121194412727
3942700 0.35807589742778895
3942979 0.5428575411154849
3943254 0.4947245341895419
3943529 0.4403652409835326
3943806 0.5363115337198706
3944080 0.4694523270545661
3944352 0.20324291937617764
3944627 0.561182088018182
3944904 0.5415564075770695
3945182 0.5938308050877815
3945458 0.41505543011459844
3945737 0.47145902980666043
3946018 0.6197655609033947
3946296 0.4236857333856999
3946574 0.46773193632530263
3946857 0.46652676412388916
3947141 0.6036991698550054
3947422 0.6161268424060917
3947661 3.2055115178816136
3947979 0.58262639251552
3948259 0.5185193494932834
3948534 0.49009827496626607
3948810 0.43322767442132465
3949090 0.5872446468902098
3949371 0.6161092191788591
3949647 0.3328441558674432
3949959 3.1520642805446095
3950523 2.8867611242036393
3950756 0.37252183985112086
3951032 0.4483157294562497
3951310 0.45107751726711326
3951588 0.5307692587830374
3951862 0.46286021430267554
3952139 0.5742263864371334
3952417 0.6533460986125588
3952688 0.4813276893495785
3952959 0.6034949784081194
3953225 0.5434455520266015
3953489 0.5719900994482341
3953752 0.42056037049612305
3954018 0.4391347383662673
3954288 0.5470398385040532
3954563 0.5581290433897763
3954833 0.3772270718173466
3955108 0.5436910534235501
3955387 0.667812097779415
3955666 0.5159494716073731
3955943 0.5478355757852619
3956222 0.6024401597976392
3956503 0.7441824399393169
3956780 0.5332737617437424
3957060 0.5247288254764805
3957342 0.5111894038221672
3957624 0.5962983337453776
