1022439 0.2719549591139076
1022910 0.3188252057462744
1023392 0.31376930410113923
1023877 0.2916090632934777
1024346 0.26269380874359616
1024806 0.2926346831385266
1025285 0.33776938436876325
1025775 0.33037111355624904
1026246 0.2677651748259865
1026708 0.279655656636403
1027191 0.33522712725222203
1027684 0.34491221905752467
1028170 0.2704571199018935
1028637 0.254760156297846
1029091 0.2797233745121018
1029552 0.32680471324608895
1030024 0.33341501081292446
1030504 0.27890969019904155
1030973 0.260360789405349
1031441 0.3202373584991109
1031945 0.3366266210399662
1032466 0.3217603037046462
1032982 0.27155394247581627
1033473 0.24517268414586885
1033962 0.3238302640586511
1034467 0.3129847501479033
1034984 0.3125778514496274
1035496 0.27968932184686185
1035978 0.27238798427581606
1036461 0.3349645194440228
1036943 0.32704581297288093
1037426 0.3237498512338156
1037899 0.271768626734071
1038363 0.28900000969314316
1038845 0.34087370236773307
1039329 0.326851867871043
1039811 0.30826027928571365
1040276 0.2566484172267736
1040715 0.2447920735614889
1041155 0.3303059724150317
1041597 0.34209954991522273
1042054 0.3317137314095747
1042528 0.29019503518171264
1042996 0.27170684084698576
1043472 0.33819341932702607
1043964 0.315519565131681
1044468 0.32908998448622806
1044973 0.2765270434485947
1045463 0.26221893827938253
1045968 0.3152791256523283
1046482 0.320021776370544
1046998 0.31919356944754085
1047505 0.2661701971691218
1047997 0.28315490030506846
1048501 0.3222748760303642
1049008 0.2884653967194375
1049497 0.26074925172975744
1049986 0.3127123329068875
1050474 0.32729487078775243
1050972 0.3175162206725913
1051470 0.2796039208956208
1051953 0.2544298682175175
