5696172 -0.33959265989915166
5696602 -0.2975264726865916
5697048 -0.3468255505171158
5697516 -0.36587984529126566
5698015 -0.3608146692011461
5698507 -0.35916591656364383
5698964 -0.29426147447716666
5699437 -0.3573144916598754
5699894 -0.36066591215937444
5700348 -0.368836794475005
5700801 -0.3586116240140793
5701244 -0.3280131141740752
5701696 -0.3409370969382064
5702162 -0.36649978711099884
5702645 -0.3689115896067078
5703142 -0.369233779890533
5703618 -0.3589873041582754
5704095 -0.35018037296208426
5704563 -0.3663070904213949
5705037 -0.3748564318240023
5705493 -0.35501798295039744
5705936 -0.30966530332661024
5706385 -0.35275672612084025
5706838 -0.3661467036430328
5707302 -0.37367958343171004
5707777 -0.37761531145179517
5708241 -0.33615820332403956
5708698 -0.3369880021289101
5709154 -0.3708197555655679
5709597 -0.37103007613932826
5710020 -0.3273766955443628
5710443 -0.30622266608712256
5710895 -0.3533865799198164
5711360 -0.367903021419823
5711865 -0.3701849351107237
5712375 -0.35778820254961585
5712869 -0.29354069223908497
5713386 -0.3565291969705537
5713922 -0.3722815383322956
5714458 -0.37521515996866567
5714987 -0.3826069723253146
5715497 -0.331057174235893
5716013 -0.3501852083977798
5716533 -0.3588316743108462
5717053 -0.3678859138522391
5717574 -0.36776189836079914
5718086 -0.367515617014998
5718568 -0.3140821839512099
5719077 -0.3549470560965803
5719581 -0.37512438187434266
5720089 -0.36885840038892337
5720592 -0.3757674013654295
5721092 -0.34518269781312105
5721592 -0.3615225246490488
5722078 -0.3763161887860971
5722528 -0.36865547560462936
5722973 -0.3685945573954449
5723405 -0.3672068910156876
5723819 -0.3733198753085152
5724237 -0.3610480460566834
5724665 -0.36327936167967845
5725106 -0.3692842899881253
5725552 -0.353552323297631
