932681 -0.5483147133609794
933045 -0.5824938959851869
933422 -0.5568261956112934
933802 -0.28645396975891435
934533 -0.3984430889279772
934917 -0.4622045271528964
935296 -0.6265223094580085
935672 -0.43971759055668314
936061 -0.3693846961213367
936440 -0.4168997175455421
936819 -0.4244492661714806
937228 -0.4116769917762698
937644 -0.44851934446385733
938040 -0.3450742803007937
938427 -0.3764407822335233
938832 -0.3610745375703087
939255 -0.40373164978455345
939679 -0.3805676338250823
940078 -0.42245677583796126
940489 -0.49402040596516883
940914 -0.4263714778870088
941326 -0.31536301735909855
941739 -0.40383158709039235
942170 -0.4497059125410139
942603 -0.3807845949559836
943007 -0.4018238296371196
943411 -0.3804803186477874
943819 -0.37844116312025844
944229 -0.3859561062281328
944618 -0.45760374301722984
944992 -0.5247828252261817
945379 -0.5569444139966826
945782 -0.49844499160224
946203 -0.38437779561258756
946595 -0.31805748009826373
947012 -0.3311796540482963
947445 -0.3752072959208531
947876 -0.3203826575815347
948279 -0.32480053477850246
948696 -0.5182380465521039
949104 -0.4956936517990609
949490 -0.5093998858587615
949889 -0.4521011842163435
950284 -0.45331269041582234
950701 -0.48332465876131236
951127 -0.5159261103077575
951566 -0.33785910506676187
951961 -0.33470807501277916
952366 -0.36923199299124554
952784 -0.47814359603968676
953206 -0.4114287794786561
953597 -0.41984668275153886
953990 -0.4873056044356895
954388 -0.4794720818747681
954773 -0.45723251506983265
955181 -0.4827235778943949
955603 -0.4338892726511935
956008 -0.3259643691100071
956390 -0.3618637088287561
956797 -0.3588573336270252
957214 -0.37554046770857413
957635 -0.3583333102690407
958039 -0.3242911625460806
958468 -0.3545212064489422
958897 -0.38069634007260783
959331 -0.4690045901830945
959739 -0.44080655503507954
960130 -0.46130847453001056
960540 -0.5201432672649562
960966 -0.5353380647692336
961393 -0.4813959491665992
961795 -0.42618799561450205
962200 -0.4615675318253407
