2280638 0.3141820138971676
2281126 0.3028414678183779
2281621 0.3035553593522855
2282112 0.26334929144280433
2282591 0.28097543124001645
2283089 0.3225810449511181
2283589 0.31070343955296753
2284091 0.2937487532563019
2284581 0.2524346978528911
2285075 0.31209724579312126
2285575 0.3086470276900649
2286080 0.30595086419493905
2286576 0.26346456470612767
2287059 0.2819437687451707
2287554 0.31433731537306575
2288049 0.3136654294884429
2288547 0.2702914492409175
2289029 0.26690431791692437
2289514 0.3163368933971121
2290008 0.3097363334480415
2290502 0.30640485452978417
2291004 0.28090727795602916
2291485 0.26111985004916055
2291962 0.3071255849640787
2292444 0.30484275085919416
2292928 0.30166128650892854
2293418 0.28985584748203563
2293895 0.2628960556845491
2294377 0.31115055241175854
2294862 0.3122442638408327
2295358 0.3179945726805118
2295856 0.2838045416373354
2296337 0.28071028387245633
2296835 0.30391872986416746
2297344 0.3205651738495292
2297854 0.2756922684474403
2298348 0.27509940497116436
2298850 0.30949076852823854
2299349 0.31717339238352216
2299852 0.30457686441545906
2300345 0.2584766346586696
2300824 0.28797403113078773
2301314 0.3122309879610263
2301809 0.3124085364240031
2302312 0.3005571967403379
2302808 0.25893191246147124
2303297 0.3127355460357252
2303802 0.31247256078459995
2304309 0.2780483222330893
2304801 0.3109794030859796
2305300 0.30306895413951873
2305801 0.29097985832247075
2306283 0.28381534426816846
2306777 0.30296732213767996
2307281 0.3057267232927172
2307791 0.28392449646127776
2308289 0.2788912052160094
2308801 0.30629580131748135
2309316 0.31793652712850484
2309830 0.2789854569895359
2310329 0.26623053554243414
