2370613 0.4451971674790045
2370958 0.23272876822970762
2371309 0.09090603569500688
2371666 0.16763739531808053
2372026 0.16632246448205157
2372594 0.12383501868863522
2372770 2.6056242449710014
2372904 0.0
2373147 0.4767274328122689
2373523 0.3889372075707428
2373888 0.3064665279880234
2374256 0.32334053365173154
2374619 0.34832785102334207
2374977 0.3504087367074931
2375334 0.3311671729058604
2375679 0.47331348021564545
2375813 0.38031707404848364
2376024 0.3808177563613382
2376159 0.2617279370765711
2376368 0.3220062418156542
2376710 0.3715562977704263
2377385 0.3145829931701083
2377725 0.3237191743262185
2378071 0.25020080353947693
2378422 0.5753111752176395
2378786 0.42298391158269955
2379148 0.49151258469000686
2379294 0.8641490883466758
2379883 0.2885438233743714
2380132 0.2856268276008529
2380258 0.1667526141736536
2380638 0.21225215233425723
2381013 0.28500338704289085
2381378 0.36462151718638086
2381746 0.38205377747457486
2382117 0.2753649904774814
2382486 0.34805837955340607
2382856 0.2549493447048492
2383218 0.3378130252237411
2383572 0.34486651972967336
2383925 0.2725055355986684
2384274 0.33588927246629885
2384384 0.30669357713073037
2384620 0.23104993536900859
2384959 0.33546495586824293
2385296 0.1845853182770127
2385632 0.3315753740466403
2385966 0.20197453914962193
2386299 0.2945969421611157
2386623 0.30899508259344044
2386944 0.26466287747634876
2387268 0.3218803291188205
2387590 0.3332725110515038
2387898 0.2655316757292997
2388209 0.2986996393225367
2388514 0.2743923840816568
2388817 0.259744756794803
2389121 0.3359807077993414
2389427 0.17741036959530787
2389736 0.32698398261121975
2390052 0.2579724407296574
2390371 0.31720691041614446
2391026 0.35491568483416014
2391355 0.2820089183148685
2391690 0.32702296071539133
2392030 0.3027464690608472
2392373 0.34054656496154956
2392717 0.2678624123604093
2392838 0.4090979666719962
2393061 0.31919706171681306
2393404 0.5229192375351446
2393752 0.35637585459287324
2394103 0.32930162757295034
2394230 0.24613103001254433
2394786 0.16605647673287988
2395122 0.3990871059731769
2395458 0.34861283948632493
2395792 0.31661998265837016
2396121 0.386910883996737
2396454 0.2995182321505924
2396788 0.41628036585190703
2397121 0.3108968332043705
2397459 0.44861832354317516
2397796 0.453150509896351
2398141 0.4758699583763308
2398492 0.2104117252354915
2399149 0.0672216476597125
2399483 0.2844755775472245
2399812 0.38741305490902134
2400138 0.2716957129203858
2400467 0.3213904845649889
