4527058 -0.3657873944445248
4527574 -0.31192328774964845
4528092 -0.34688673741332476
4528620 -0.36286365721356867
4529157 -0.3662122429369573
4529670 -0.3219332770142157
4530188 -0.3345258383682411
4530718 -0.3726228004574747
4531250 -0.38065729524435993
4531770 -0.3232903948755307
4532277 -0.31937355848600013
4532803 -0.35989101858051015
4533321 -0.3788361779546703
4533846 -0.3683469905539568
4534351 -0.31250975362406597
4534865 -0.3599111403675568
4535390 -0.37942291329789646
4535922 -0.3928438491611796
4536439 -0.3138183121014271
4536942 -0.327871984229007
4537457 -0.36050158171765256
4537989 -0.3841387688072756
4538508 -0.32221107231986923
4539007 -0.310221079732385
4539512 -0.34176941537854527
4540031 -0.37954473259238003
4540555 -0.35828596577314364
4541060 -0.3091016499207384
4541573 -0.34092486308407377
4542093 -0.38233305799240525
4542612 -0.34751840591575944
4543099 -0.3011089624568235
4543597 -0.341870303226841
4544109 -0.3722763122440691
4544625 -0.35717079936358664
4545124 -0.3129441431904946
4545617 -0.33080278733086443
4546119 -0.35161488877902713
4546630 -0.37320193067773755
4547138 -0.3213736265736372
4547628 -0.32793479677605986
4548133 -0.3637182984879559
4548642 -0.3650088965038117
4549142 -0.3055172207032112
4549640 -0.3406201886163283
4550160 -0.36221997479938084
4550682 -0.3616758873139273
4551195 -0.30318206279560034
4551693 -0.3218963330459933
4552208 -0.35787706665351926
4552733 -0.3603200228144001
4553243 -0.32129393353794694
4553731 -0.3140274805566699
4554243 -0.3445543019764353
4554740 -0.36087705717713114
4555242 -0.35005285086226084
4555723 -0.2936134056348988
4556186 -0.30669969216986526
4556686 -0.3408691361753324
