1891285 0.5585442659760663
1891635 0.5180550547415268
1891993 0.4762163888424556
1892358 0.43908117131238855
1892722 0.5404901605535627
1893077 0.5554667502545189
1893441 0.7100227295657952
1893805 0.828174525658401
1894171 0.8686949164613603
1894533 0.8176326945961803
1894890 0.8292020158464768
1895241 0.6868898680011392
1895589 0.6568490998607117
1895936 0.685116323532517
1896286 0.4796412299406939
1896634 0.46151697887568705
1896974 0.4886544650280519
1897315 0.6359766706189804
1897663 0.569932462066183
1898013 0.5934429284294505
1898366 0.3762416088490949
1898491 0.5484610306284616
1898730 0.5009866427454397
1899084 0.37398540774455785
1899826 0.5640980646259696
1900208 0.5961771377469306
1900570 0.554600195674391
1900928 0.5837416882937316
1901286 0.757388677052899
1901641 0.852501021476008
1901989 0.7569560563994091
1902336 0.6162867938788787
1902686 0.43638339637068085
1903027 0.3875938317816967
1903375 0.4503351644900621
1903721 0.5163739032822313
1904059 0.5074823909944646
1904381 0.6517908856118166
1904725 0.6299587766712713
1905072 0.6350113887512627
1905412 0.5407987755859373
1906714 0.13029694151569915
1907060 -0.05718629802275288
1907345 0.35556887654036307
1907667 0.1936803988924336
1908320 0.4459370435867839
1908643 0.48683889128042074
1908973 0.40661430302182405
1909303 0.7056372881949332
1909631 0.3819177139881607
1909758 0.15104854198791018
1910005 0.21779412528498
1910284 0.5466004975445757
1910609 0.42131980009036024
1910935 0.4650459928373782
1911262 0.4753782164686746
1911586 0.7695339138307038
1911909 1.1810682536390027
1912234 0.5781975457139301
1912562 0.5267409354381929
1912884 0.6034002657891968
1913216 0.6240599284106396
1913559 0.6125996447939509
1913911 0.7495810398450978
1914273 0.4787646932445545
1914637 0.5415452038723384
1914992 0.49344853200373123
1915333 0.4908245434650843
1915681 0.6269537951714677
1916034 0.586256051664878
1916390 0.4087284627510013
1916747 0.5860688569618052
1917094 0.5681081813332597
1917450 0.6404252526899816
1917807 0.4870696070859199
1918168 0.4644316281630121
1918528 0.492755801208566
1918882 0.5083685773095906
1919241 0.6011326880535091
1919360 0.5373285440659361
1919597 0.5594697542474998
1919957 0.6212305107864647
1920315 0.5506302605192477
1920674 0.7169476613061059
1921043 0.7944717693006039
