543423 0.20321373105938895
543816 0.16223690248005812
544210 0.15521844740230706
544613 0.20219075951304472
545019 0.21054306704303555
545438 0.19417399206374292
545850 0.1607835949744258
546255 0.15251545730087346
546655 0.20091534011177992
547074 0.20896579597432996
547486 0.1993867986882426
547890 0.1828106316110057
548292 0.15147885568994046
548693 0.19590178653704682
549123 0.21325495390991675
549550 0.19699188550689806
549987 0.1682077366334172
550422 0.16505733753375612
550859 0.20902700470694835
551289 0.186806257707042
551711 0.15629982278655669
552134 0.1970331610003475
552565 0.1929031326318173
552998 0.1869887931368031
553422 0.1527439245596232
553842 0.16564732718513903
554270 0.19595173127751303
554702 0.19785997583989284
555133 0.19002092005734272
555565 0.17483891823117753
555988 0.16206397456502225
556407 0.19093802602446147
556837 0.19431162217875753
557261 0.20169757554585113
557686 0.16867510697954852
558103 0.1561643319923589
558512 0.16746911485317717
558930 0.20627942083037826
559349 0.20773316812707587
559771 0.1885552771003185
560186 0.159288366073484
560595 0.15239073632691713
561018 0.2100162429203744
561441 0.19593252277115564
561874 0.1957283807943152
562305 0.15255105977484706
562734 0.14666782450259802
563171 0.1994489191272717
563611 0.18816028036287247
564059 0.1653446005905126
564498 0.16594440356959872
564930 0.1945074875901417
565371 0.1974282860212564
565817 0.19075914403231503
566245 0.14161281440825607
566663 0.1596276949249622
567092 0.20518199639107765
567512 0.19856631162390642
567932 0.15833387034237556
568341 0.15164859213278858
568747 0.19155839247562034
569157 0.20730824890132687
569571 0.19439892438660866
569977 0.14331932114880624
570383 0.1711147461452232
570804 0.20344427262064674
571225 0.20339027086192182
571649 0.17440168208222898
572060 0.15030100152678555
572472 0.18213417829416173
572890 0.20191981676587953
