4468880 0.03493487156297215
4469272 0.0386435069151449
4469659 0.059402156243987425
4470042 0.06563449179544739
4470436 0.042579819424854504
4470822 0.044755564317019714
4471196 0.042038060766513896
4471564 0.014411562764657548
4471929 0.04171134706220103
4472281 0.04748266696995901
4472632 0.03152799795072281
4473000 0.029452663567651916
4473376 0.04712807945156017
4473755 0.056488449357500026
4474144 0.03661557485604938
4474518 0.020017272360621452
4474880 0.03414129150596046
4475245 0.04642871403474169
4475604 0.03087867869429617
4475966 0.029963350876874184
4476329 0.021241612430668466
4476689 0.021386613149330158
4477046 0.005910959301956009
4477397 0.01164235515364076
4477737 -0.0024738325992542665
4478069 -0.018984469942837867
4478407 0.021039048498760704
4478742 0.014752350127091196
4479092 0.02032902252644231
4479464 0.03727012310904576
4479846 0.009183167009916726
4480252 0.04498580696205878
4480647 0.031304251779098125
4481052 0.03722276844399808
4481442 0.05855292183388161
4481815 0.041379918441434516
4482182 0.0263796955682013
4482543 0.03862044103605955
4482889 0.03145939174987311
4483230 0.023810153178029148
4483579 -0.007989991669999696
4483950 0.006356901787892055
4484337 0.007300470004592108
4484717 0.02892833871880729
4485081 0.02244722584208536
4485430 0.018623806192567982
4485773 0.014555251976126726
4486117 0.027323029411463806
4486469 0.005841566176519319
4486830 0.038144268540513226
4487193 0.04053329052153465
4487553 0.04732897794345242
4487918 0.037344144846333194
4488299 0.026672953176797354
4488695 0.04942729207604668
4489085 0.04457361653297537
4489459 0.038169647662071426
4489831 0.03448990866628393
4490200 0.027643824255855542
4490570 0.031720670458975975
4490933 0.03181183134022164
4491300 0.0258436138485158
4491673 0.02702536989788462
4492046 0.03979714429214343
4492410 0.025068689703993507
4492772 0.01862141929775385
4493134 0.023034577585225535
4493490 0.029542379748973557
4493848 0.01883973916964643
4494214 0.028022034731682688
4494590 0.03188485518707013
4494970 0.023903820271623466
4495342 0.051280005840544596
4495711 0.012338030850556403
4496068 0.02996497204651294
4496426 0.0220793573505757
4496785 0.022663588582306493
4497148 0.02516346993403973
4497503 0.03271596149485373
4497853 0.029451946166003107
4498203 0.02834500011685631
4498551 0.017958167160507188
