363845 0.1261611060257239
364218 0.1252588102318189
364596 0.12669378933718484
364968 0.09878780775738932
365339 0.12124576593313058
365714 0.1306644013116205
366095 0.131287765960311
366483 0.12779407832354428
366857 0.10227183841312387
367229 0.1212592562433159
367596 0.1255980688137699
367962 0.13247830378076192
368330 0.1177720729698668
368689 0.09868575644561506
369051 0.1165285889583999
369415 0.12236752063431194
369786 0.12790097868194178
370158 0.10902879682973443
370523 0.09677232748276299
370883 0.1099860360709029
371244 0.11981369162435684
371610 0.1259054964705622
371973 0.12199753736527225
372327 0.09532818926748704
372675 0.10451525487727942
373023 0.11527877091511668
373373 0.11584778744058805
373730 0.11030796682265953
374077 0.09245274528090469
374429 0.08297076847561152
374784 0.1118968108151584
375150 0.09883811682061705
375515 0.14473020779204449
375874 0.07856787197523651
376133 -0.003324026404193381
376588 0.5892310299397472
376945 0.10583975097015924
377293 0.0888254144986087
377640 0.097874105394965
377984 0.1085629595886457
378333 0.15004958861813789
378678 0.15710678955514717
379022 0.02432926000935287
379358 0.04430062863279094
379699 0.12721916327229615
380052 0.11770128234001342
380390 0.1108093160738145
380724 0.07670947882792833
381053 0.05277372599770919
381385 0.15772724572253743
381718 0.05840956659960739
382056 0.0978874956090851
382399 0.15663743385870266
382749 0.012121378754040735
383099 0.0931270205864082
383438 0.07213569982667445
383778 0.08197362085983922
384113 0.10086230859603795
384453 0.1089092438898705
384801 0.10340327371950214
385145 0.12767075418752055
385485 0.0992819762011119
385833 0.11329709385496911
386181 0.09744393381890848
386521 0.07212509889312047
386861 0.10954694401564913
387199 0.11954539279895299
387537 0.12265703787059051
387866 0.05895014463030501
388192 0.0849297637303228
388521 0.10844796782489724
388857 0.11934608749933018
389222 0.14389679324545457
389606 0.13721050934948753
389979 0.11376814595815388
390348 0.11993437581955729
390712 0.10494832288086114
391064 0.12388856526443598
391413 0.10569202415791823
391765 0.1259235112978534
392108 0.09285959638176189
392446 0.11845549480437706
392776 0.11585014827660373
393109 0.13291325605846216
393444 0.13753790361309065
