3030417 -0.3891647465676623
3030815 -0.4238142114596265
3031221 -0.43552330878798967
3031637 -0.42550302427693076
3032054 -0.3952458684792359
3032457 -0.37435185718162534
3032870 -0.42390573497266365
3033299 -0.4249687359642471
3033745 -0.4200645388049722
3034185 -0.38211405840154294
3034607 -0.37324333555340494
3035030 -0.4217779880386878
3035465 -0.4169135184516585
3035903 -0.41899770801858516
3036330 -0.39091632000612375
3036740 -0.3685275267231535
3037157 -0.4165471114315178
3037578 -0.425339910328955
3038011 -0.420359242580227
3038434 -0.4002946065562079
3038839 -0.3735011162081665
3039241 -0.41203106511447174
3039648 -0.42722292734337325
3040069 -0.41919380895055736
3040499 -0.412928324032853
3040907 -0.384747845114151
3041312 -0.41246937857840826
3041726 -0.42645130754855864
3042154 -0.41870028831848044
3042585 -0.4221665643846981
3043002 -0.39088185348543825
3043409 -0.39413347270370125
3043820 -0.41777813737701
3044232 -0.4231557886291031
3044642 -0.4263924103377264
3045042 -0.39716504375431355
3045437 -0.3810471699111791
3045833 -0.41661301794230216
3046242 -0.4321186105492503
3046665 -0.41901847246036195
3047084 -0.39941601056803416
3047489 -0.36851409592127743
3047895 -0.4155147806099065
3048309 -0.43322088852185153
3048732 -0.42356078004356357
3049156 -0.4111303840210332
3049563 -0.3863843507580029
3049961 -0.4040694849560325
3050360 -0.42583071375335285
3050769 -0.4338563361595294
3051179 -0.42194176601526845
3051579 -0.38980140087402515
3051972 -0.3854307993479027
3052371 -0.42408592651687
3052782 -0.4279585921956886
3053196 -0.42358193267647154
3053602 -0.3975187606779879
3053995 -0.3795929699902635
3054392 -0.4207115678882418
3054801 -0.4312774451040017
3055214 -0.4331777398688459
3055621 -0.421172201967405
3056017 -0.38703100506252486
3056406 -0.4027789772377981
3056804 -0.4183580226524921
3057215 -0.4335486411862025
3057644 -0.42436250325823666
3058060 -0.3780826789770887
3058467 -0.3965933230084717
3058880 -0.4181417814107816
3059307 -0.42135702415724197
3059741 -0.4181626433707134
3060165 -0.3898609518523092
