4528918 -0.49882510003012037
4529282 -0.5486053531625806
4529644 -0.5249992556771643
4529994 -0.4720220860244867
4530343 -0.496586416820989
4530695 -0.508793850277276
4531055 -0.5138070632649874
4531413 -0.4738839722552018
4531787 -0.5022007648633211
4532168 -0.522677777432704
4532561 -0.47829922318274204
4532932 -0.479586512021223
4533311 -0.525287054091672
4533684 -0.5294394116843399
4534049 -0.47530754262367647
4534401 -0.48545773896068245
4534761 -0.5412730134029923
4535126 -0.5439599198356148
4535499 -0.6013994046642424
4535855 -0.4120889858366955
4536210 -0.47869455252686094
4536565 -0.4779468188205828
4536928 -0.4942300819753067
4537298 -0.44756293211276466
4537652 -0.42112729205781957
4538005 -0.45018399825000843
4538370 -0.5035026757475689
4538737 -0.4807075797747131
4539089 -0.4549376769063977
4539446 -0.48340022559409723
4539811 -0.5002111183606655
4540177 -0.5037577730135192
4540536 -0.4676867848277061
4540884 -0.47669279910589474
4541237 -0.5049399965081003
4541594 -0.5091742826323473
4541958 -0.514382133794071
4542315 -0.455609866085634
4542674 -0.5104810294260899
4543034 -0.4940932454315455
4543405 -0.5059600999528258
4543781 -0.4669011955212787
4544145 -0.4707743963005967
4544518 -0.5083989216463033
4544893 -0.5102692911521692
4545272 -0.49813469070708366
4545641 -0.45753766439678817
4546010 -0.49597330432534453
4546382 -0.49409768355189626
4546762 -0.5104083097202285
4547137 -0.4594684307181326
4547498 -0.4687238644204064
4547861 -0.4919509811968545
4548224 -0.5083288481129085
4548593 -0.5029339504990383
4548949 -0.4512145223068121
4549312 -0.4802820430112121
4549676 -0.5089674001569074
4550050 -0.49104103094874935
4550416 -0.4484563568761143
4550778 -0.4682672140713913
4551142 -0.5130164836881168
4551512 -0.5144925976155975
4551880 -0.465037825473537
4552228 -0.45289169369567933
4552579 -0.48517907654517023
4552928 -0.48602178988860867
4553282 -0.48976037012784945
4553631 -0.4390709398704283
4553972 -0.4524483695815407
4554317 -0.4799748470826226
4554668 -0.5014979946353881
4555026 -0.4791345325259238
4555373 -0.44709187599757527
4555729 -0.5014373688710025
4556086 -0.5085744497934013
4556450 -0.48873871085012627
4556801 -0.44062285587034394
4557145 -0.47333742957474223
4557488 -0.49347867091713393
4557830 -0.4968075579551122
4558176 -0.4592826975700945
4558510 -0.4510686480409065
