1741925 -0.3808724138146262
1742368 -0.3611103321970587
1742819 -0.38326273405633127
1743274 -0.3905898191894411
1743745 -0.3884870676142367
1744193 -0.39307941158401893
1744613 -0.3687869835567616
1745027 -0.38138516586672
1745452 -0.39085129516091754
1745894 -0.3823313639088982
1746339 -0.38759642392032856
1746765 -0.3751690422771641
1747176 -0.35769211168051684
1747595 -0.39478479991566034
1748020 -0.3895243572863544
1748446 -0.39097220862178084
1748860 -0.38033924704611843
1749267 -0.37147544907618524
1749681 -0.38412834310510613
1750104 -0.3930057500378731
1750533 -0.38733776675734
1750943 -0.37570379350089866
1751346 -0.36303554852755493
1751756 -0.3858785957149217
1752169 -0.3923410767000638
1752588 -0.3830921336199048
1752995 -0.37691232337031655
1753396 -0.3667332929710717
1753804 -0.3884615946516917
1754222 -0.3879520727492746
1754645 -0.3942096921530608
1755059 -0.3755718519475536
1755462 -0.37231820498084134
1755867 -0.38533874984245164
1756275 -0.394270558818155
1756685 -0.39108452522053283
1757088 -0.375590423166402
1757489 -0.3725408171694249
1757895 -0.39176270829495474
1758311 -0.3914070105523779
1758730 -0.3873057019209377
1759146 -0.3762776676505384
1759555 -0.3576724389089029
1759966 -0.38248697793743003
1760389 -0.3893171038628357
1760817 -0.38188771122767406
1761235 -0.37474881330406196
1761647 -0.3536889931228868
1762064 -0.3773410244695471
1762482 -0.3862070110760144
1762904 -0.3949521653145003
1763317 -0.38013175974325764
1763722 -0.35714046416189105
1764130 -0.38142346545381
1764546 -0.39824889428635624
1764976 -0.3916959298574606
1765405 -0.37209942379027006
1765816 -0.36498294957538024
1766225 -0.38824994252080736
1766638 -0.3935931894345449
1767059 -0.3889598070925755
1767478 -0.3852332066871158
1767881 -0.35940809735753587
1768284 -0.3690146481065968
1768688 -0.3875082842740553
1769106 -0.39205028204027675
1769533 -0.3877196349824226
1769942 -0.368408694733097
1770348 -0.3668393986975844
1770757 -0.3918561685848283
1771178 -0.38285488854308497
1771609 -0.39078333249462455
