1861899 0.10756739561274925
1862282 0.15447866264440135
1862655 0.1446451997441941
1863034 0.08796064395789455
1863431 0.1359526305609341
1863836 0.12333791133797528
1864244 0.10840900489496613
1864645 0.12315436067975843
1865028 0.12172223240436697
1865383 0.10380259344382059
1865740 0.10936219504487016
1866092 0.10396911344255855
1866454 0.10160470412119582
1866826 0.12703951555092513
1867230 0.12127615022612354
1867641 0.12582641135560585
1868061 0.07212341353427354
1868460 0.11473713926954415
1868869 0.1320634551101062
1869270 0.14179358702940598
1869666 0.12423049631804689
1869928 0.018303421846320445
1870063 0.13718541920776153
1870439 0.0782226431930747
1870801 0.09999735558741618
1871164 0.11369798971531653
1871536 0.09833987222597085
1871919 0.09884331099910787
1872304 0.10740761129305004
1872704 0.10482329907482812
1873117 0.107650118076704
1873532 0.12320738902913203
1873947 0.11856311790310903
1874346 0.1646278850614889
1874738 0.1305769887552346
1875129 0.124921628920797
1875523 0.10939550799372566
1875924 0.09857898062580439
1876310 0.09243107203129747
1876701 0.1333872566464387
1877489 0.09872539544227643
1877865 0.1186860546037079
1878243 0.10616856409741093
1878615 0.11186383012191237
1878986 0.10768039101253218
1879370 0.0914707642591156
1879772 0.0804172087753327
1880174 0.10862415080812493
1880589 0.12239841450052635
1880988 0.1375698341397814
1881384 0.128275744924295
1881754 0.11086700425771318
1882116 0.29812513115049283
1882462 0.17991495386574735
1882807 0.09067542034491427
1883151 0.06055125893064023
1883500 0.10030291555301224
1883874 0.10447364901305822
1884279 0.056607192888564195
1884707 0.0804312866219482
1885125 0.12860813780688324
1885541 0.10663481246420098
1885927 0.18282823992732844
1886306 0.07595437796116244
1886669 0.04545630236751674
1887028 0.11196434983510722
1887379 0.11770148907862571
1887736 0.05143246019771808
1888100 0.13401176538742882
1888485 0.11171612036668122
1888817 0.144187928338599
1889155 0.10560646685094544
1889498 0.10191555542431635
1889763 0.01606861381092739
1890028 -0.030065760457158586
1890253 0.1509767874514455
1890578 0.05973571706861186
1890815 0.05869259101689167
1891108 0.1449263140669081
1891375 0.0061709616598856765
1891632 0.016044124673815885
