2790855 -0.36894164453589035
2791274 -0.4122691077326219
2791714 -0.4182655302135758
2792175 -0.4034731023509096
2792616 -0.4006179351736255
2793040 -0.37388641159316865
2793469 -0.403102421881348
2793905 -0.4140709183852567
2794341 -0.40647669609689263
2794755 -0.40097056030434475
2795158 -0.37564157031748724
2795564 -0.4188639498035814
2795981 -0.4163665176580322
2796413 -0.4085921422608175
2796835 -0.3933298597232325
2797248 -0.38080718524294566
2797661 -0.41143827167028096
2798089 -0.4106459031698998
2798538 -0.4061246455341515
2798979 -0.40803748712145527
2799394 -0.39666763173124464
2799798 -0.38998506648808207
2800209 -0.4156917396637123
2800629 -0.4146805992641179
2801064 -0.40791533694055965
2801488 -0.3939095773430953
2801903 -0.37450941008785665
2802324 -0.4000680314223335
2802750 -0.41801342596519014
2803190 -0.4136724266965233
2803628 -0.40657661254323263
2804047 -0.3979600539535545
2804453 -0.3948492361156897
2804858 -0.414597338176218
2805276 -0.4108000247767394
2805704 -0.4060348857219196
2806119 -0.39852254985784286
2806529 -0.3704486319460152
2806943 -0.4084456398332359
2807362 -0.41447667759797724
2807789 -0.41619984726009374
2808211 -0.41412506550201555
2808621 -0.40177205831220597
2809028 -0.36808660284656747
2809440 -0.4010050631619354
2809886 -0.40657704791945926
2810363 -0.40435454812269533
2810827 -0.3926626426267221
2811264 -0.37009577716234
2811706 -0.4039397573208684
2812157 -0.4106342447669691
2812617 -0.41114838420939237
2813067 -0.40941921421627503
2813493 -0.39608484374970443
2813903 -0.3779670955294685
2814298 -0.4000037279823676
2814710 -0.4075180542885246
2815172 -0.4122113316411091
2815679 -0.4092616858398375
2816150 -0.36843872192178573
2816600 -0.3787850536530747
2817083 -0.3961672541797334
2817601 -0.4090371760220858
2818113 -0.3989478899866132
2818575 -0.3811766468237485
2819011 -0.3918581927330659
2819448 -0.4138065012833805
2819905 -0.41679724142578767
2820369 -0.4066462576198767
