3210530 -0.40530107608588967
3211024 -0.38016972742517224
3211486 -0.3791735734370426
3211968 -0.3997661562156738
3212465 -0.4089701787576537
3212948 -0.3792474329847509
3213409 -0.3857864177638679
3213893 -0.3978213557664396
3214408 -0.395730690513788
3214885 -0.3799575759173856
3215361 -0.39193969651784194
3215850 -0.4018875867744285
3216328 -0.3978925397941953
3216777 -0.3800066446375429
3217262 -0.3944413027824286
3217797 -0.40298726520764494
3218326 -0.39099977625963034
3218812 -0.376920274435807
3219300 -0.39369656548134907
3219804 -0.4039828074140794
3220306 -0.3916152252523974
3220772 -0.38392226232499127
3221291 -0.4022650934496579
3221889 -0.40715195952439776
3222465 -0.3976958080032486
3223017 -0.3788511331276098
3223567 -0.4040136802298512
3224126 -0.4051105044411617
3224694 -0.39087299259635105
3225230 -0.38184215739129734
3225798 -0.39643285952366847
3226367 -0.4004806574754627
3226906 -0.3815771561278223
3227466 -0.3958637123645715
3228028 -0.4063622515390627
3228550 -0.3787711037595738
3229078 -0.3918392710267232
3229617 -0.40703776330055214
3230141 -0.3861264077650916
3230644 -0.38943446177674196
3231191 -0.39798208228878107
3231740 -0.3953527495121656
3232263 -0.37862980704674654
3232802 -0.39766879384447995
3233354 -0.4102835259154876
3233899 -0.4017200810973778
3234414 -0.38594804373325475
3234949 -0.40111576297753004
3235494 -0.41036965318222174
3236034 -0.39614253845827035
3236571 -0.3788521615743425
3237139 -0.39934380348971205
3237713 -0.40512531992814754
3238268 -0.3915358364906098
3238796 -0.38025886578294626
3239354 -0.40653723465758496
3239924 -0.3945290351128875
