1622211 0.054322633348944716
1622606 0.09148480638207862
1623003 0.0945272607619091
1623383 0.10844438231832698
1623766 0.10187326900811722
1624154 0.09431150668316413
1624544 0.07876113452954964
1624929 0.04302401335938655
1625317 0.06040578675694891
1625701 0.043536111991741844
1626084 0.07075891965356534
1626469 0.09598221153234995
1626862 0.017855635896680322
1627269 0.030093652947335292
1627666 0.10259867707563763
1628049 0.09572707457712537
1628428 0.06776509765363903
1628807 0.09504590669230734
1629170 0.0947480414478955
1629534 0.05590273375953325
1629901 0.06327690104471462
1630271 0.05946660284626537
1630646 0.09531984930019355
1631021 0.066970421769111
1631405 0.08539905911915074
1631806 0.1032483586222176
1632217 0.09857597868183893
1632617 0.09814997181993529
1633013 0.09028125402461651
1633409 0.09112486545035231
1633807 0.08406089809371842
1634212 0.10274512326696039
1634602 0.10906018754918717
1634997 0.04460005870409073
1635387 0.04027881487213286
1635767 0.08580795036721306
1636132 0.054598434058273804
1636484 0.11855882399352458
1636827 0.06987385780587563
1637162 0.07461948488343306
1637506 0.07033207021280385
1637864 0.09285252354855345
1638235 0.09048384479172306
1638617 0.08286489922180107
1638989 0.07678405735120647
1639367 0.07851444487897791
1639747 0.06299763908714534
1640128 0.11939295304092928
1640504 0.11913369761632531
1640894 0.08821759975946109
1641307 0.053377297899594556
1641721 0.13240781050463724
1642150 0.10005091432333552
1642582 0.08231790180489412
1643012 0.11852599633505279
1643421 0.12217778052667855
1643826 0.11522142395126755
1644229 0.1018385242320084
1644639 0.135073943777816
1645034 0.11388592787321816
1645435 0.09672568978519869
1645842 0.10448862527524283
1646262 0.11959341618651065
1646669 0.12297597302065644
1647085 0.08532415047665493
1647503 0.10484462778602271
1647932 0.09881551262355381
1648364 0.0903022415282651
1648770 0.09333500497639435
1649181 0.11778175776500271
1649584 0.12504693643078751
1649977 0.09188587071379029
1650377 0.13270122885041408
1650764 0.12079740885154544
1651156 0.07720411633653856
1651551 0.1355951000998254
1651937 0.06583989177133825
