1292592 -0.43618532086999046
1292950 -0.4090253975842554
1293307 -0.43928822868502504
1293665 -0.439027685827341
1294033 -0.44608860774019005
1294403 -0.44223049547350424
1294761 -0.3945308245925116
1295111 -0.40555663624301785
1295460 -0.43378400778666254
1295809 -0.43670590688819966
1296164 -0.45117088768448654
1296522 -0.4483084048083904
1296886 -0.46690409804968286
1297246 -0.45816560548148966
1297604 -0.4321685714893617
1297956 -0.449415331452376
1298312 -0.45823619732912174
1298669 -0.4627721922078704
1299033 -0.43169313231956086
1299385 -0.42362847783862395
1299743 -0.4419690687802267
1300101 -0.4734510038691888
1300457 -0.4027605607794905
1301130 -0.5685691474343253
1301458 -0.5119390811164933
1301784 -0.5887029890837634
1302109 -0.6624481626523974
1302436 -0.5722772393355762
1302756 -0.5501373109421024
1303069 -0.5217984490505851
1303377 -0.440151059267085
1303679 -0.49926228689467617
1303978 -0.4719314632370401
1304271 -0.5224617032504965
1304562 -0.5309508174532646
1304850 -0.5611456396853964
1305136 -0.5821753829148879
1305418 -0.5705976122417865
1305698 -0.5452449061655654
1305976 -0.5595920383334794
1306249 -0.5448206288920419
1306518 -0.4973365239437624
1306790 -0.49307008493282656
1307061 -0.6569548489947056
1307340 -0.5633332787380964
1307631 -0.46115710060033854
1307934 -0.48072068418295055
1308290 -0.457145096781543
1308685 -0.4670787049261331
1309049 -0.3492483606042514
1309432 -0.43420323224289703
1310159 -0.40460151331693406
1310507 -0.4649797580449432
1310846 -0.34013245858629393
1311174 -0.4405017335482785
1311529 -0.48242358162719734
1311918 -0.4367075560573721
1312285 -0.4534659732270856
1312674 -0.5350028916493351
1313070 -0.46035001294392786
1313440 -0.43872607581626466
1313825 -0.5125253036585475
1314220 -0.5253827937506963
1314619 -0.45474161267011837
1314989 -0.4519923335049729
1315363 -0.503276768301243
1315751 -0.5124097606916357
1316143 -0.517713606040861
1316526 -0.4745418869057658
1316894 -0.4860274456157082
1317266 -0.5414102385711212
1317642 -0.5471306533744255
1318020 -0.47283335420867034
1318383 -0.4830479424882379
1318746 -0.548380480436889
1319108 -0.5509532054538238
1319473 -0.5291607864565409
1319826 -0.48487644024012777
1320182 -0.5381017259639811
1320545 -0.5547094422217667
1320920 -0.547075465682989
1321306 -0.4977985185624089
1321681 -0.5251850245483142
1322058 -0.5201885155983039
