2011979 -0.4310901070297953
2012397 -0.45326983523458636
2012792 -0.39462201423177257
2013188 -0.46614287224575013
2013566 -0.5153836902410676
2013969 -0.4635319201874847
2014399 -0.32347030616468103
2014737 -1.2538658330523462
2015254 -0.4164931667967988
2015671 -0.4113132905759259
2016082 -0.3870222940587725
2016493 -0.3789470306073044
2016886 -0.4324754042352735
2017288 -0.41225472747470554
2017697 -0.4063451648346183
2018108 -0.4948620613697464
2018502 -0.35011737311707664
2019240 -0.2550251439322188
2019614 -0.45340497646992345
2020007 -0.3489944562772915
2020434 -0.3626152757841417
2020883 -0.35908804095298563
2021342 -0.3790430090964381
2021806 -0.3715887448645342
2022266 -0.3886497063815702
2022707 -0.34206452686538774
2023153 -0.4303279913039922
2023610 -0.39789967034352186
2024080 -0.3492316784793952
2024532 -0.3537963008974223
2024993 -0.3815164452589231
2025461 -0.3795525738335073
2025923 -0.37688716477764084
2026377 -0.37654502176383714
2026839 -0.39031806300897204
2027299 -0.3817913128670308
2027733 -0.33696253733152626
2028173 -0.3843450655489251
2028613 -0.3859113606000949
2029052 -0.3407068558474928
2030349 -0.4725327380881349
2030792 -0.3480050783113396
2031229 -0.38942057704998123
2031666 -0.39867328450371764
2032100 -0.5840814662938099
2032953 -0.31392308893703286
2033365 -0.30343072407109595
2033771 -0.2888475951488418
2034183 -0.30881183697427733
2034597 -0.3167777254835175
2035007 -0.29296451560977066
2035419 -0.31930826514372057
2035826 -0.3144621917413638
2036235 -0.2584084250404276
2036631 -0.24617895191795192
2037044 -0.272919712598665
2037471 -0.2862087368465801
2037905 -0.3403981165627573
2038312 -0.25731104194732846
2038708 -0.3134479681030782
2039085 -0.30009454303408417
2039469 -0.32315665451696357
2039852 -0.28569521557823835
2040244 -0.33969992501776325
2040646 -0.2918516110789955
2041068 -0.3197851516996409
2041428 -0.23477104814262173
2041502 -0.4592828979880573
