3959439 -0.5407149291252203
3959825 -0.6183573476908744
3960212 -0.4610303855193021
3960596 -0.5314479178294031
3960989 -0.5469801354452412
3961390 -0.5459138533698247
3961797 -0.4807835309719655
3962187 -0.4613963795908581
3962589 -0.5361408784324453
3963010 -0.5338919419112562
3963443 -0.50393761117697
3963861 -0.44603179882533395
3964281 -0.5360186470523117
3964704 -0.539397988354082
3965131 -0.5268415244108959
3965540 -0.44049557834514225
3965954 -0.5215689435567665
3966374 -0.5490696899451769
3966806 -0.5213820409734764
3967222 -0.4469532190375614
3967643 -0.5222992563878146
3968067 -0.5486014093016505
3968488 -0.5082268928596939
3968883 -0.47749305577707346
3969284 -0.5127490234673158
3969687 -0.5315173567260997
3970101 -0.4986011019746476
3970506 -0.47383754847133974
3970927 -0.52771870916708
3971445 -1.2027740365398332
3971765 -0.4950289743011451
3972156 -0.5005692559438573
3972553 -0.5457381887128661
3972956 -0.5686000057390284
3973361 -0.5272077346636319
3973748 -0.4963697652847344
3974137 -0.5337623954559955
3974528 -0.5541276989801137
3974926 -0.5188772088058718
3975313 -0.4787114474816686
3975711 -0.5283627712742107
3976121 -0.5695853262741216
3976538 -0.5410617557121271
3976936 -0.4547199120500456
3977339 -0.5467555688248533
3977742 -0.5830424892704782
3978155 -0.5630405241146043
3978552 -0.48000612598108783
3978949 -0.5402530357076988
3979345 -0.5656607310428394
3979745 -0.5508056569449934
3980138 -0.47087924606621634
3980530 -0.5405524082048683
3980933 -0.5514979950019994
3981350 -0.5617322473939186
3981762 -0.5033289907359986
3982163 -0.5395861991330614
3982567 -0.5605729564883024
3982973 -0.5595688741125444
3983378 -0.49045709324303005
3983766 -0.5847387194227511
3984154 -0.7059482858020518
3984539 -0.6460726959632935
3984912 -0.44431843028244444
3985276 -0.38479470392901755
3985633 -0.4654779704515692
3985984 -0.5079088093762755
3986324 -0.3042268512616154
3986661 -0.4464369985252452
3986999 -0.48701024875840837
3987341 -0.506694862211621
3987701 -0.4903627187820967
3988065 -0.43019833476029123
3988424 -0.4336850603737695
3988793 -0.4977439891616581
3989170 -0.48613355087276305
