303810 0.08331153273661462
304218 0.09242208026583054
304642 0.31651054420950786
305152 0.07012298313055704
305589 0.03674702829789145
306022 0.09372542421725771
306450 0.08824636358436677
306870 0.08157264699672873
307253 -0.005277567101341862
307651 0.08567218617310796
308074 0.08902673553209467
308502 0.08127963504258784
308898 0.06497177500869028
309311 0.08687955451970392
309748 0.09587042938719459
310186 0.09907891898478577
310573 0.06861072475930818
310962 0.10186003588123643
311362 0.08436941708186163
311765 0.09001041919419189
312141 0.08253322386272155
312530 0.09003748569620668
312945 0.09472829596231874
313414 0.08834440317666176
313841 0.05354243847340473
314273 0.12656419587308898
314683 0.10799244157649057
315067 0.11333032458904574
315421 0.03150285792467045
315783 0.07995122765895851
316064 0.12796706504944572
316177 0.0271604524754126
316538 0.0879862575746927
316891 0.05554074712501861
317283 0.1034747572869969
317706 0.06513907356705828
318123 0.10704433485636494
318946 0.042668808723746066
319342 0.04941476237260456
319712 0.029568405818933052
320104 0.03948146673342989
320508 0.07321495611721007
320916 0.11743797462277022
321298 0.014989589722115615
321708 0.09149471560812211
322130 -0.10388048905273828
322563 -0.48479210379210513
322896 -0.44170479771606397
323317 0.011877119316549223
323752 0.0
324195 0.12451236671038413
324604 0.09595469044771032
324981 0.10957978882193375
325338 -0.024823211169743953
325691 0.07691937413526814
326054 -0.004023028140190177
326388 0.03574081652197969
326732 0.06977131941591619
327070 0.3804024529271198
327334 -0.1277968080175489
327731 0.16372124777082117
328055 0.03817906696490869
328376 0.09940769749428868
328720 0.2482681322776163
329090 0.07193437192408292
329462 0.04915296456789375
329860 0.009226818204748244
330276 0.05376706151663274
330713 0.04994452963168211
331138 0.06643074141362848
331537 0.025877129412089528
331949 0.06636118706495853
332371 0.04690995341497406
332816 0.051885348872255266
333276 0.06722919724768167
