73.03
73.46
74.78
76.46
77.19
77.39
77.38
76.73
75.97
75.63
75.47
75.61
76.06
76.00
75.41
74.90
74.08
73.11
73.14
73.99
74.92
75.75
76.15
75.73
75.32
75.38
75.26
75.46
76.60
77.49
77.91
78.45
77.81
76.09
75.11
74.69
74.44
74.67
75.49
76.55
76.46
75.42
74.86
74.45
73.95
74.01
75.00
76.85
78.47
79.35
79.75
79.72
79.38
78.91
78.13
77.35
77.36
78.00
78.82
79.41
79.57
79.12
77.97
76.52
75.38
75.05
75.70
76.80
76.46
74.67
73.07
72.30
72.46
73.26
74.53
76.04
77.09
77.33
77.02
76.21
75.19
74.64
74.93
76.01
77.07
77.32
76.53
76.07
76.17
75.68
75.75
77.09
78.24
78.52
78.11
77.70
77.51
77.54
78.11
78.94
79.26
78.93
78.16
77.28
76.33
75.89
76.90
77.84
77.71
78.12
78.53
77.96
77.41
77.08
76.74
76.92
77.72
78.55
78.10
76.46
75.16
74.42
74.31
75.20
76.49
77.23
77.24
76.92
76.84
77.04
77.46
78.10
79.17
80.32
80.36
79.85
79.59
79.60
79.94
80.54
81.03
81.43
81.57
80.93
80.24
80.52
82.14
83.42
83.14
82.04
81.15
80.86
80.53
78.10
74.27
71.36
70.09
70.44
71.96
73.77
74.73
74.22
72.62
71.17
70.13
69.43
69.33
69.95
71.12
72.11
72.05
71.00
69.63
68.98
69.10
69.56
70.46
71.63
71.86
70.97
69.98
69.41
69.49
70.36
71.80
73.10
73.89
74.16
73.93
73.45
73.20
73.40
74.10
75.20
76.25
76.58
76.12
75.23
74.48
74.27
74.78
75.67
76.48
76.78
76.23
75.06
74.07
73.70
74.00
74.62
75.33
76.04
76.39
76.10
75.23
74.28
73.70
73.36
73.50
74.37
74.82
74.27
73.68
73.10
72.31
71.76
71.83
72.61
73.64
74.31
74.41
74.12
73.84
73.68
73.65
73.93
74.63
75.68
76.69
77.14
76.64
75.71
74.89
74.05
73.51
73.68
74.52
75.73
76.80
77.09
76.53
76.03
75.72
75.57
76.29
77.66
78.55
78.73
78.38
77.85
76.94
76.14
76.81
77.87
77.97
77.83
77.16
75.60
74.42
73.90
73.64
74.26
75.66
76.29
75.82
74.66
73.25
71.99
71.25
71.43
72.51
73.59
73.74
72.43
70.74
69.40
68.23
67.83
69.04
71.03
72.61
73.43
73.56
73.34
73.16
73.45
74.69
76.24
76.65
76.49
76.40
75.98
75.78
76.28
76.83
76.70
75.56
74.17
72.96
72.02
72.38
74.34
75.91
76.51
77.01
77.02
76.02
74.14
73.40
74.74
76.17
76.94
77.52
77.79
77.22
75.21
72.51
70.38
70.06
71.13
72.35
72.50
71.43
70.57
70.09
69.69
70.25
71.96
73.17
73.36
73.19
72.90
72.58
72.31
72.46
73.34
74.38
75.05
75.43
75.57
75.41
74.84
74.27
74.42
75.02
75.52
75.42
74.95
74.59
74.27
74.07
74.36
75.39
76.92
77.84
77.89
77.42
76.61
75.72
75.08
75.13
75.83
76.52
76.35
75.07
73.64
72.55
72.04
72.40
73.46
74.51
75.03
74.83
74.36
73.75
72.99
72.94
73.98
75.35
76.16
75.83
74.90
73.98
73.31
72.59
72.01
72.85
74.56
75.33
74.94
73.84
72.62
71.68
71.24
71.43
72.21
73.36
74.33
74.67
74.50
74.12
73.85
73.97
74.64
75.75
76.54
76.16
75.45
74.88
74.21
73.86
74.18
75.09
75.98
76.06
75.32
74.05
72.79
72.27
72.80
73.76
74.60
74.90
74.31
73.21
72.72
72.84
73.16
73.97
75.04
75.50
75.29
74.88
74.90
75.39
76.09
76.88
77.33
76.70
75.25
73.68
72.75
72.67
73.34
74.34
74.99
74.61
73.69
72.98
72.70
72.49
71.93
72.19
73.55
73.88
73.17
72.82
72.85
73.26
74.49
75.84
76.24
75.94
75.42
74.80
73.20
71.00
70.41
71.43
72.84
73.34
72.68
72.21
72.11
72.05
72.62
73.89
74.92
75.41
75.44
74.72
73.62
73.06
73.32
74.24
75.21
75.56
74.93
74.14
73.49
72.63
72.59
74.06
75.41
75.93
76.06
75.80
75.05
73.92
73.09
72.99
72.92
72.94
73.72
74.60
74.93
75.18
75.78
76.86
77.97
78.20
76.63
74.03
71.26
68.65
67.24
67.70
68.46
68.38
67.97
67.53
67.06
66.96
67.62
68.47
69.14
70.48
72.30
72.81
72.26
71.75
70.79
69.70
70.00
71.41
72.84
74.07
75.01
75.31
74.95
74.28
74.09
74.54
75.07
74.81
73.60
72.51
71.58
70.54
70.37
71.36
72.27
72.47
72.05
71.41
70.89
70.63
70.88
71.86
73.39
74.79
74.75
73.71
73.04
72.33
71.54
71.55
72.51
73.95
74.82
74.83
74.85
74.76
74.27
73.96
74.39
75.72
76.73
76.64
76.09
75.44
74.89
74.90
75.38
75.87
75.85
75.56
76.03
76.94
77.61
77.76
77.46
76.95
76.43
75.74
74.75
74.47
75.07
75.59
75.47
74.64
73.54
72.43
71.60
71.90
73.41
74.75
75.18
74.74
74.28
74.10
73.91
74.25
75.36
76.19
76.33
76.02
75.50
74.89
74.25
74.13
74.83
75.96
76.97
77.36
77.15
76.56
75.84
75.09
74.63
74.98
75.68
75.91
75.24
74.25
73.88
73.94
74.40
75.72
76.80
76.63
76.60
76.72
76.12
75.57
75.69
76.48
76.95
76.40
75.26
73.83
72.41
71.62
71.70
72.51
73.55
74.06
73.25
71.98
71.84
71.88
71.54
72.10
73.29
73.71
73.39
72.81
72.39
72.11
71.84
71.80
72.30
73.60
74.83
74.73
73.85
72.83
71.91
71.39
71.48
72.16
73.16
73.90
73.79
72.84
72.27
72.29
72.25
72.63
73.75
74.77
75.01
74.37
73.73
73.45
72.98
72.85
73.73
75.00
76.02
76.50
76.49
76.12
75.55
75.41
76.20
77.26
78.09
78.51
77.93
76.66
75.85
75.10
74.22
74.04
74.50
74.86
73.98
72.14
70.72
69.73
69.27
70.48
72.78
73.70
73.51
73.52
73.48
73.21
72.94
73.38
74.78
76.03
76.53
76.36
75.50
74.25
73.20
72.51
72.32
72.93
74.00
74.62
74.17
72.95
72.22
71.74
71.00
71.56
73.76
75.40
75.75
75.32
74.72
74.44
74.78
75.65
76.48
76.13
74.84
73.48
72.14
71.42
72.17
73.60
74.44
74.08
73.05
72.49
72.20
72.02
72.56
73.67
74.70
75.36
75.58
75.45
75.40
75.74
76.22
76.72
77.25
77.68
77.75
77.21
76.14
74.90
73.94
73.50
73.64
74.24
74.64
73.97
72.88
72.04
71.31
71.08
71.89
73.19
74.24
74.49
74.06
73.36
72.38
71.41
71.13
71.66
72.67
73.34
73.15
72.29
71.34
70.88
71.11
72.09
73.76
75.28
75.83
76.10
76.17
75.46
74.92
75.11
75.34
75.63
76.09
75.92
74.85
73.26
71.81
71.18
71.99
73.57
74.62
74.75
74.32
74.21
73.98
73.23
72.96
73.47
74.22
74.70
74.50
73.53
72.22
71.09
70.35
70.34
71.63
73.34
74.04
74.45
74.96
74.76
74.20
74.16
75.02
76.26
76.71
76.33
75.43
74.29
73.16
72.32
72.06
72.53
73.63
74.01
73.03
72.32
71.97
71.22
71.29
72.83
74.38
75.18
75.24
74.78
74.06
73.37
72.96
73.04
73.86
75.05
75.83
76.59
77.45
77.15
75.95
75.03
75.43
76.51
76.57
75.74
74.37
72.40
70.34
68.89
68.83
70.06
71.56
72.29
71.72
71.08
70.76
69.91
69.45
70.67
72.39
73.44
74.04
74.08
73.29
72.28
71.94
73.20
74.88
75.23
75.24
75.25
74.39
73.27
72.68
72.79
73.51
74.48
74.79
74.23
73.81
73.94
74.52
75.02
75.34
75.81
76.25
76.16
74.98
73.79
73.59
73.30
72.97
73.69
74.91
75.68
75.58
74.76
73.63
72.51
71.93
72.51
73.69
74.56
74.94
74.84
74.43
73.93
73.75
74.59
76.02
76.99
76.98
76.37
76.07
75.45
74.64
75.27
76.75
77.65
77.48
76.48
75.29
74.54
74.42
74.70
74.77
74.20
73.23
72.26
71.69
71.66
72.20
73.20
74.30
74.92
74.45
73.20
72.29
71.41
70.42
70.99
72.86
73.71
73.47
72.97
72.22
71.62
71.86
72.62
73.31
73.67
73.71
73.65
73.46
73.13
72.78
72.82
73.57
74.24
74.20
73.53
72.52
71.51
70.83
70.69
71.24
72.40
73.73
73.96
73.13
72.80
72.55
71.84
72.13
73.62
75.00
75.62
75.33
74.26
72.97
72.07
71.69
71.91
72.84
73.92
74.38
74.45
74.07
72.76
71.17
70.14
69.96
70.67
72.00
72.83
72.10
70.51
69.14
68.91
69.62
70.62
71.47
71.90
71.87
71.46
70.83
70.32
69.85
68.71
68.17
70.51
73.70
74.51
74.47
74.38
73.17
71.94
71.92
72.95
73.44
71.38
68.69
66.89
65.10
63.84
64.71
67.14
69.22
69.92
69.20
68.52
68.52
68.30
68.35
69.99
72.28
73.51
73.67
73.15
72.34
71.47
70.77
70.59
71.18
72.52
73.79
73.99
73.32
72.28
71.40
71.10
71.54
72.36
73.21
73.81
73.84
73.22
72.30
71.63
71.72
72.53
73.53
73.52
72.53
71.58
71.25
71.52
71.58
71.73
72.79
73.93
74.27
74.15
73.89
73.61
73.13
72.77
73.40
74.78
76.12
76.65
76.03
74.47
72.46
70.73
70.18
70.93
72.57
73.75
73.69
73.15
72.62
72.18
71.80
71.88
73.26
75.09
75.89
75.89
75.45
74.69
74.17
74.11
73.91
74.12
75.43
76.43
76.39
75.92
75.09
74.00
73.23
72.79
72.59
73.22
74.43
74.81
74.34
73.59
72.58
71.37
70.30
70.47
72.24
73.91
74.45
74.03
73.39
73.06
72.92
73.17
74.10
75.14
75.61
75.08
74.12
73.35
72.52
71.95
72.39
