692657 -0.091101258481465
693031 -0.1076023393230684
693404 -0.09357222650960101
693777 -0.09444526727891212
694154 -0.09803134613198805
694529 -0.10061464964270606
694900 -0.10233455330384617
695272 -0.09524963051345631
695649 -0.09354910916602815
696025 -0.09824675022245105
696398 -0.09550090468980693
696773 -0.0873118946215618
697152 -0.10138471545470529
697533 -0.09369548292152546
697914 -0.10352279730630459
698293 -0.0943216467529443
698672 -0.09393332864523196
699054 -0.09141255978720325
699434 -0.0989385314016874
699810 -0.09612526755191336
700183 -0.09216295526164375
700558 -0.09471743246736414
700932 -0.09691519817979777
701301 -0.11061965776269883
701669 -0.09363718754185407
702038 -0.09587313671705722
702408 -0.0983197135095753
702778 -0.10751410170215414
703143 -0.10160439545950467
703508 -0.10044644346855652
703875 -0.09588948627226879
704240 -0.0944249517953275
704605 -0.10921570974359823
704968 -0.09824668542932963
705334 -0.09750232444812196
705701 -0.09315458646400354
706069 -0.10403976892196076
706436 -0.09929263264483451
706805 -0.09444166093484446
707178 -0.09474472004960699
707548 -0.10225234640003578
707917 -0.09689093395459325
708289 -0.09676966397210524
708664 -0.09492395052595842
709039 -0.10583807291881553
709412 -0.09030025013530729
709784 -0.09731283414320618
710156 -0.09285808611603652
710527 -0.10416899929619516
710894 -0.10388787973983882
711264 -0.09510285632986709
711641 -0.09968680837062405
712019 -0.0961434532600916
712397 -0.0918493097689349
712776 -0.09633501670391614
713160 -0.08710319304987035
713549 -0.10286772073328021
713936 -0.09740283074164757
714324 -0.09594925129073723
714718 -0.09257453618246864
715110 -0.09825804993583198
715500 -0.09315271961306304
715888 -0.09001104134152427
716282 -0.09516671320742082
716672 -0.0985712697619689
717057 -0.0984406754804128
717445 -0.09982429061082138
717835 -0.09604336586757362
718224 -0.09336049130964202
718612 -0.09898117680845836
718998 -0.09671988702794015
719385 -0.09809871556727856
719770 -0.09791876767008456
720151 -0.09857544721490374
720529 -0.09357282795701966
720910 -0.09414433254265436
721293 -0.09593963425334312
721675 -0.10245967255065391
722053 -0.09299856025548425
