3535794 0.3073690801811833
3536189 0.30214080505687974
3536587 0.31872096503497116
3536984 0.3055442801451282
3537380 0.3047203639871155
3537777 0.3102853761102087
3538172 0.30808008726477254
3538566 0.3072351571550888
3538957 0.31007263542790137
3539350 0.31182595143457037
3539743 0.316422102859722
3540130 0.3044535894107658
3540514 0.2991754810827125
3540900 0.31069211125388485
3541288 0.31690954649458464
3541675 0.31093586279831026
3542062 0.30554393071965136
3542448 0.29841187828130733
3542837 0.3061333264357866
3543229 0.3109070187354861
3543618 0.3043539461297107
3544009 0.3064812037152779
3544400 0.31189698908224706
3544792 0.3125285450516395
3545183 0.3064646759573842
3545573 0.3050051566154611
3545961 0.30234025442931795
3546352 0.3115930670473925
3546740 0.30909221577150103
3547126 0.3098551557257462
3547510 0.30998381409682824
3547895 0.3126669940714598
3548279 0.3092802327803177
3548657 0.2964292000156523
3549034 0.3012777862316059
3549412 0.3167224711499985
3549790 0.31257046275996386
3550171 0.2974461750233878
3550550 0.29585122160185257
3550931 0.3101818394315327
3551316 0.3114537243024658
3551704 0.3057232044796086
3552089 0.30246557195285606
3552475 0.3077847396199536
3552862 0.31046638038038066
3553249 0.3099180663857173
3553636 0.308933659149856
3554025 0.3063088303907867
3554421 0.3068719700386135
3554818 0.31335519896252056
3555215 0.3067652782122964
3555610 0.31025181770711946
3556008 0.30936660486781403
3556407 0.3073960619731689
3556803 0.30262064139603234
3557200 0.31428984414077143
3557598 0.31356588175860856
3557992 0.31323913543223225
3558383 0.30827428576023813
3558777 0.2982332906572745
3559174 0.31640123234251105
3559570 0.31499934722342865
3559968 0.3045461947471797
3560363 0.2976004310580503
3560757 0.313181549632056
3561153 0.31801598738018844
3561549 0.30619937469798
3561944 0.2986831528927689
3562341 0.31234848504149954
3562740 0.3127036853704363
3563138 0.30642930643198
3563536 0.29938556058174415
3563935 0.3063870036060508
3564338 0.3137907473469518
3564741 0.30890554694024736
3565141 0.30727613171627083
3565539 0.30644145876308027
