4433954 -0.1036008452384356
4434331 -0.1476489956180847
4434687 -0.1017965080490495
4435087 -0.11482118484252221
4435411 -0.2765997010293143
4435816 -0.14205410390907813
4436127 -0.10346945237691152
4436483 -0.14035042791405616
4436831 -0.1436793425993318
4437180 -0.13893387150978376
4437537 -0.09259503475841901
4437899 -0.07902964611493168
4438293 -0.0608801829476735
4438681 -0.07708239906905806
4438996 -0.09720138931605529
4439355 -0.12587272721037485
4439722 -0.07505896204057955
4439907 -0.3702275292129235
4440089 -0.16627195405413003
4440450 -0.16289692385365898
4440815 -0.1275875092778388
4441180 -0.08835723720246272
4441540 -0.13138109265343526
4441898 -0.14952326228990045
4442266 -0.1786714927805823
4442631 -0.16314944527358013
4442992 -0.39590673868438253
4443344 -0.22803141043297492
4443700 -0.14883392654471386
4444051 -0.16137908981771304
4444395 -0.11097541338808328
4444746 -0.16074700664610875
4445095 -0.13343448855472181
4445434 -0.1451306147306854
4445799 -0.2888914265618102
4446120 -0.1756550022301518
4446460 -0.1358745222165574
4446802 -0.14696832269031923
4447138 -0.14124191722290536
4447475 -0.20327900100433197
4447816 -0.16380996869090797
4448151 -0.14798947136541157
4448493 -0.16168462766517094
4448834 -0.18883904268833568
4449169 -0.19651851621377986
4449510 -0.19015529915903334
4449848 -0.20415511623012678
4450183 -0.22244824602591223
4450522 -0.19023747290049547
4450863 -0.17418666185437837
4451199 -0.22213913018462217
4451541 -0.1480234106391456
4451882 -0.09859447539701494
4452222 -0.12274676494562625
4452567 -0.1914819830828583
4452912 -0.09904911063626226
4453258 -0.1154994821028896
4453599 -0.2172936522968495
4453941 -0.18201118597465454
4454279 -0.15236940541594873
4454623 -0.15230657412940002
4454968 -0.12198435971460242
4455306 -0.1931787201627307
4455646 -0.19354467390026253
4455991 -0.15916075941212166
4456332 -0.18664259143824374
4456680 -0.17893526345246963
4457026 -0.18369579612747639
4457368 -0.18857758541429592
4457713 -0.19045925130427255
4458059 -0.19958523303599612
4458403 -0.26747610056637205
4458745 -0.21596434161141764
4459090 -0.16599605289936314
4459434 -0.2394182357334952
4459774 -0.31636567662055204
4460117 -0.10045208948341167
4460461 -0.0882201587412989
4460800 -0.16608804275329975
4461139 -0.11810671345987594
4461484 -0.17072472478860556
4461818 -0.15901351786636653
4462159 -0.15147934648400785
4462498 -0.13521483087116826
4462837 -0.16935043304608505
4463175 -0.14954457888105746
4463511 -0.22171737260824922
