1800119 0.49761434644243435
1800463 0.4631356165547149
1800808 0.46626003010013717
1801154 0.5206390490336695
1801501 0.513388738135367
1801846 0.5153559265176904
1802192 0.48750710743177084
1802533 0.4519884548234194
1802879 0.49736500446272003
1803223 0.5213600404542242
1803569 0.5113101607941515
1803914 0.49865556143655054
1804257 0.47147911176515533
1804598 0.4528294316280191
1804942 0.48357355650575495
1805285 0.5262848450015195
1805627 0.5142044007083206
1805970 0.49915478400305724
1806312 0.48557995196856585
1806649 0.4431552668914121
1806988 0.46642177800335116
1807326 0.5193700071178212
1807660 0.603690977164424
1807991 0.568630994888434
1808320 0.5550915621569996
1808651 0.5928809699717941
1808979 0.5572675824199218
1809309 0.5655922718899432
1809643 0.5944628806244712
1809979 0.610025028447803
1810314 0.5695731950756501
1810647 0.5423078372646644
1810979 0.5545083697700685
1811307 0.5660988241644723
1811635 0.564380571929497
1811965 0.5683542546327827
1812293 0.5419897337691616
1812624 0.5210773984509218
1812958 0.533491269670281
1813298 0.5900695416105997
1813638 0.5766977310313881
1813982 0.5736053231657923
1814328 0.573753582767075
1814674 0.5469057371017392
1815021 0.5389660755344671
1815368 0.5743627612006124
1815715 0.5879478689780734
1816060 0.5798311393167875
1816405 0.5591468487935519
1816747 0.5249579494059397
1817090 0.5231807226771987
1817435 0.5536802631485107
1817778 0.5670279971509298
1818120 0.5653519436307723
1818463 0.5597135134928324
1818802 0.5264802895528464
1819143 0.5197556686869998
1819485 0.5472956082572935
1819828 0.5840939237549427
1820170 0.5700907080972837
1820513 0.5659486420916787
1820856 0.5347317332062813
1821198 0.5104161046624854
1821542 0.5293430230785166
1821887 0.5781838366862355
1822232 0.5715606644837883
1822578 0.570118931891349
1822924 0.5466769151705333
1823268 0.4967004822165402
1823612 0.510737835913479
1823957 0.5621937454987458
1824303 0.5577052915050494
1824648 0.5381423900260444
1824994 0.5428292307447771
1825340 0.5207233044912766
1825686 0.5113653901553818
1826036 0.5513936334265921
1826387 0.5691224206401424
1826740 0.560329834308772
1827094 0.5495004264897667
1827446 0.524916789326012
1827800 0.5378696656842112
1828154 0.5604391742189347
1828507 0.5502362285208487
1828859 0.5431900747697065
1829209 0.5267408730777547
1829559 0.509494620729054
1829912 0.5322993074600724
