4284348 0.261128368370764
4284784 0.28265900408429695
4285224 0.28971316677372194
4285673 0.2665217470315656
4286109 0.25466733031866406
4286548 0.26732623993446253
4286997 0.28965713270408155
4287445 0.29685969401881185
4287885 0.26602377447386394
4288323 0.2578336265258406
4288764 0.274022966509176
4289208 0.2878413756513563
4289651 0.28380963454484315
4290085 0.2628633400092324
4290515 0.2559881421163518
4290955 0.28044373991644933
4291390 0.2931484916849917
4291823 0.26798048384585277
4292251 0.2534741562419187
4292678 0.26883967018544597
4293113 0.28832114984733886
4293538 0.2961116743286427
4293952 0.25257353828861895
4294364 0.25793077123484187
4294781 0.28631974281961636
4295197 0.2964385313251659
4295613 0.2614096903792248
4296027 0.2550958926913485
4296452 0.26935345162771474
4296881 0.29148031492890014
4297308 0.2966201134631775
4297736 0.2651506556151192
4298161 0.2514834789708685
4298589 0.27233098487227264
4299023 0.2913343778231624
4299460 0.2975346121103254
4299892 0.25953341187693313
4300324 0.25612604085305246
4300763 0.27801183888780207
4301207 0.292319510638994
4301656 0.26947349674954024
4302100 0.2534763962827835
4302547 0.2691589047455145
4303002 0.2899224338050877
4303458 0.2817653350504068
4303906 0.2549670238613473
4304352 0.26440828615106393
4304805 0.27881339546891026
4305257 0.2895927183789358
4305706 0.28132564129879406
4306147 0.2579159278009733
4306587 0.27017958274369186
4307035 0.2889915457244943
4307485 0.28057764341135644
4307929 0.26270093402342704
4308367 0.2715707661139848
4308805 0.2963823015051696
4309237 0.2851572630206397
4309663 0.25631269276658336
4310089 0.25465985882727715
4310524 0.2824676397189237
4310962 0.29115214459784877
4311400 0.2769687660482806
4311835 0.2619632025091302
4312269 0.2623851279579197
4312717 0.2850722516604721
4313165 0.29600065379427243
4313610 0.27341656920943425
