3536018 -0.06944825401660942
3536406 -0.05893767361809249
3536797 -0.055530176920685737
3537191 -0.0604974263087118
3537589 -0.07406992981625321
3537984 -0.05953678379701083
3538382 -0.0649043114488641
3538782 -0.06704880563336363
3539185 -0.07745494505945444
3539578 -0.05771604445575651
3539973 -0.05446515632774446
3540371 -0.06322131636595668
3540766 -0.07799812405815071
3541159 -0.05955782323800973
3541550 -0.06619836240715082
3541951 -0.07023525382902651
3542350 -0.07495843022031778
3542746 -0.07947833955913619
3543147 -0.0611850973521027
3543553 -0.07006251362579002
3543961 -0.0823841136080547
3544364 -0.07300061116191697
3544764 -0.0632304793009763
3545169 -0.06588945263939738
3545577 -0.07390290591428966
3545981 -0.0758806714488669
3546386 -0.06041721891762247
3546794 -0.06655954692963761
3547202 -0.06901311558638573
3547606 -0.07067023293077634
3548011 -0.06415204885956782
3548420 -0.060083909122417456
3548828 -0.0692451632615661
3549231 -0.07685562618168951
3549632 -0.06922648797935271
3550043 -0.05884896381946125
3550456 -0.06724181030601029
3550863 -0.07625273073733413
3551272 -0.07165986932090246
3551678 -0.067974984511735
3552086 -0.059303588490991155
3552492 -0.07852083599622306
3552889 -0.07095447663399784
3553292 -0.0586049621909191
3553690 -0.08645702970716429
3554074 -0.0857714752884598
3554450 -0.08631668887285154
3554831 -0.06240386551075755
3555210 -0.08460674176100186
3555587 -0.10911971622272199
3555965 -0.08225528296474205
3556347 -0.06703451448800124
3556733 -0.08197398891393093
3557124 -0.09849265604684293
3557522 -0.07343768770434755
3557928 -0.04186066605112365
3558331 -0.07106883370300604
3558730 -0.07526327203899524
3559134 -0.0358033980407631
3559537 -0.059178314188942316
3559930 -0.08405948973867383
3560323 -0.056853738999996406
3560721 -0.05186826029391306
3561115 -0.02220789888916913
3561505 -0.10140105509294539
3561879 -0.09908596298664529
3562248 -0.10576111647873404
3562630 -0.08844664282620396
3563021 -0.07722190922291933
3563419 -0.061439765085444464
3563821 -0.0581834060828601
3564226 -0.0758720791988004
3564627 -0.09828071023599766
3565030 -0.07854188507176096
3565440 -0.060326800475220876
