782603 0.28622184886746455
782974 0.29367592965165873
783347 0.29153811065895696
783724 0.29067265712588725
784103 0.3027094511277619
784481 0.28374165765095694
784859 0.28560750091266146
785241 0.29690590863506966
785626 0.2897718608958678
786009 0.2900331432257347
786393 0.28314434254683984
786778 0.29178613207960746
787163 0.29804976239361736
787548 0.28718312113620303
787930 0.2765710320853103
788313 0.2926250070574766
788698 0.2975747446056191
789083 0.29176943693270485
789463 0.2882769618082917
789845 0.28531407626116473
790229 0.30061598413880664
790613 0.3007203545192301
790995 0.2860261320432291
791378 0.2943313859569452
791762 0.2999544634637732
792143 0.285887155926838
792523 0.2905729386302528
792903 0.2943810921724874
793286 0.30226146618361877
793665 0.2972648038248068
794041 0.2849641613835097
794416 0.2873681683360706
794795 0.29768077406920135
795172 0.29726008422568617
795547 0.2862873937772318
795921 0.2832589053379147
796295 0.29059068252949544
796672 0.30661412767744234
797047 0.30283549908821167
797421 0.2797441173425141
797793 0.28804979940423536
798166 0.2916417831045851
798541 0.300015413673163
798915 0.28424029175005255
799288 0.28772031327391795
799662 0.2986703764153998
800039 0.2974290166122903
800415 0.2877597942976613
800789 0.2862212215125569
801165 0.2872947082100573
801544 0.2990975246029528
801920 0.290994621353914
802294 0.28563806851695156
802668 0.2909333391235207
803044 0.2993940282539177
803418 0.29978788271926277
803789 0.27942243428322755
804161 0.28269750469352456
804533 0.2835657717926218
804904 0.30040284694274233
805274 0.28807824382851244
805640 0.2832075413242567
806006 0.28124129712703966
806374 0.2871988259279317
806740 0.3003392152032104
807104 0.28544111316105647
807468 0.28223722158166603
807834 0.2848350272117437
808202 0.29655954077433266
808569 0.2883964414170876
808935 0.28462219153294366
809303 0.2792302441259216
809673 0.3015743828733597
810043 0.2962600452062213
810412 0.28135513033342346
810780 0.28217966674436545
811150 0.2991860005943066
811519 0.2937980300398578
811888 0.27592504269331797
