932309 0.7487604992924639
932652 0.7390195402410078
932998 0.7856333923737819
933344 0.7881436804540323
933689 0.753089485961815
934036 0.7364150942412984
934383 0.7608661351087848
934731 0.7791680262831986
935075 0.7455216055687088
935422 0.7837183093283946
935770 0.7984399251168649
936116 0.7610026269516758
936463 0.7437509103727575
936812 0.7846484998712695
937160 0.7848356258942958
937506 0.7472780064918894
937852 0.7503562575411784
938199 0.7714523839285542
938542 0.757706256235976
938882 0.7478673029839731
939225 0.7991509403633955
939565 0.7622257917484603
939904 0.7401529843978871
940243 0.7680789584557508
940582 0.7627479708045126
940918 0.7407407896737477
941254 0.7479132969879898
941590 0.7902077893245868
941925 0.7761419987022786
942257 0.73247887815167
942590 0.7589269990018408
942925 0.7834333878805129
943255 0.7459448151645547
943585 0.7420145356409036
943917 0.7796095604478444
944249 0.7520327940928051
944578 0.7238515439667801
944911 0.767317368702833
945245 0.7824585414124808
945578 0.7447807138233371
945909 0.7118319010852172
946243 0.7750826968371163
946577 0.7806007763012353
946908 0.7236769934662882
947238 0.7458353113624407
947570 0.7793978818808418
947901 0.7413427632870799
948230 0.7387104702358975
948563 0.7780217590053918
948898 0.760404807008144
949228 0.6934094921921687
949565 0.7500487445568829
949902 0.7779723710727716
950238 0.7592120538704099
950572 0.7441756811840179
950910 0.7886036449282073
951250 0.7823404613183508
951587 0.7364007465495026
951923 0.7328744936882687
952263 0.770293376213242
952599 0.7658672245276694
952931 0.706465308459487
953261 0.7284615543858906
953587 0.7665803153439374
953915 0.7367106704023803
954244 0.7194441999393943
954571 0.7025607047263385
954902 0.7660177598262443
955235 0.7816081117557488
955572 0.7636806663624512
955907 0.7220901616857056
956245 0.7685644695183096
956588 0.7741334789456678
956929 0.7413060411179544
957269 0.7212228371646345
957613 0.7818324355162694
957958 0.7690001713569556
958300 0.7138173438140013
958642 0.7369071247159463
958990 0.7763856116494048
959336 0.7818191433672991
959681 0.7148169136553078
960027 0.7356587673395042
960377 0.79163749379801
960729 0.7754902851823491
961079 0.7425905319260441
961434 0.7962004381591046
961790 0.8028475858505361
