5332404 0.9359936391121612
5332721 0.9679677391940886
5333037 0.8649023375624405
5333352 0.8463702255158347
5333670 0.9487309435914184
5333985 0.866581604027365
5334300 0.8940380765568496
5334617 0.9046812097811857
5334930 0.7680803509631331
5335245 0.7601571989320632
5335562 0.9493923929059672
5335878 0.9011873578881313
5336193 0.8004650907101392
5336513 0.8781188442913741
5336830 0.8954737513859472
5337145 0.7671015817538709
5337459 0.7445267703565459
5337775 0.6890881064648895
5338092 0.7353590009872961
5338411 0.9302969502961904
5338731 0.9190929729154504
5339049 0.8340827539567721
5339371 0.9061805321873246
5339696 0.8656375891015691
5340017 0.7455538874410619
5340337 0.7128335259491655
5340659 0.8586934360354992
5340980 0.8695399092625307
5341297 0.7384119292886446
5341615 0.6336003174596732
5341935 0.603858480365289
5342259 0.7987697530972728
5342586 0.9857870151770237
5342912 1.0096354193427117
5343240 0.8892613881136624
5343567 0.8340937113323632
5343896 0.7618651714746694
5344225 0.6885991075939484
5344551 0.695967863326699
5344879 0.7753580969808049
5345209 0.711290540714332
5345540 0.8252017821391943
5345868 0.7381729561129331
5346196 0.7190842600789971
5346528 0.8130865848439681
5346857 0.7182096449983377
5347184 0.7253546476471455
5347513 0.8200274561173948
5347842 0.7238279053554153
5348168 0.7340014018479413
5348497 0.7680240066288985
5348822 0.6795941634388349
5349149 0.7858975504511156
5349477 0.8536742856369306
5349806 0.7659865800547526
5350134 0.8045127943888093
5350458 0.7010828807803557
5350785 0.7741990444468935
5351110 0.8449967789370678
5351433 0.7406965755062518
5351756 0.7281979894656725
5352079 0.8713995028176713
5352401 0.7775977593328535
5352720 0.7898531853156119
5353043 0.8949373859715143
5353364 0.7862547313966781
5353683 0.7799250052176914
5354006 0.8246009616030687
5354328 0.872133656333135
5354648 0.7870784049895114
5354972 0.869154652256289
5355298 0.8826551567669448
5355621 0.8393183432844489
5355950 0.9844958432716471
5356278 0.8668739131820828
5356606 0.8657921998881861
5356936 1.0109611792472037
5357267 0.949872196823652
5357595 0.8644253046598738
5357924 0.9248964683882788
5358257 0.9766494634821301
5358590 0.8693030293525736
5358919 0.8247604948252494
5359248 0.7849351182615936
5359579 0.8337028650802272
5359909 1.0125077361444956
5360240 0.9619992389981358
5360569 0.8992611712376297
5360899 0.8416771920726077
5361230 0.9055087390955516
5361562 0.9377629768873085
5361892 0.8327617689291325
