6289778 -0.02926590055396644
6290194 -0.019552245245986033
6290611 -0.019045272939224922
6291027 -0.03477611210152742
6291442 -0.027563140650356033
6291857 -0.015770861542190817
6292271 -0.015830843085932522
6292687 -0.027459975125606384
6293100 -0.030967062401678735
6293515 -0.026389062617479142
6293938 -0.015364445381135738
6294359 -0.01897649449290839
6294774 -0.03113035100404543
6295200 -0.024003386459230613
6295630 -0.014237728205043432
6296059 -0.0189260900248015
6296482 -0.02499832396502194
6296906 -0.018168943691260986
6297333 -0.018018619201859654
6297759 -0.02760836042758813
6298181 -0.029335152509088636
6298604 -0.028800413974968353
6299027 -0.017199598971461727
6299451 -0.021047877018979644
6299872 -0.027150155746960225
6300294 -0.02893103102570721
6300725 -0.018702854095137333
6301151 -0.02056912955410911
6301569 -0.028305229288945244
6301986 -0.027320110707666323
6302405 -0.01946582557857396
6302824 -0.016539109983029876
6303243 -0.02448375468513081
6303658 -0.02716700448628917
6304078 -0.026774612396804065
6304503 -0.013082696731988919
6304925 -0.02243765719937041
6305337 -0.029748303962667477
6305754 -0.021995799939430738
6306176 -0.01566320933027604
6306600 -0.02378176504488605
6307023 -0.030381186522547565
6307452 -0.025013081699302275
6307890 -0.0172655931366541
6308322 -0.02785814513982582
6308753 -0.02737041974047466
6309188 -0.022762660016489245
6309613 -0.024144797837091947
6310028 -0.03229357937430066
6310428 -0.0374560473077199
6310854 -0.021400815138490126
6311305 -0.03625587343418801
6311619 -0.048772600701911806
6311991 -0.024479595846133684
6312371 -0.04109462465342717
6312745 -0.07143436099215861
6313195 -0.042590613678315625
6313487 -0.11107877338609828
6313854 -0.038563096281748255
6314219 -0.02428597254672238
6314608 -0.034099677497855585
6315020 -0.04180120192394781
6315381 -0.025284420907164276
6315743 -0.029710769617163457
6316103 -0.025493856143884414
6316476 -0.02000208186618041
6316847 -0.042574566800706815
6317254 -0.032200888989152965
6317620 -0.014837022014071902
6317997 -0.025998237941813596
6318362 -0.015472119606490671
6318743 -0.03914762722921969
6319121 -0.034833176059519216
