872302 -0.10215958462087477
872691 -0.09383990827593436
873077 -0.10361203219605392
873458 -0.10305935111074599
873840 -0.10109448454681946
874227 -0.09401868965905952
874613 -0.0978765397791016
874993 -0.10328955631537384
875375 -0.10789888004373371
875760 -0.09989847244229355
876150 -0.09254728704973769
876540 -0.11259138375393962
876927 -0.09826659359187007
877319 -0.10267051053036164
877710 -0.09713500108795908
878097 -0.1066101761953363
878479 -0.0958328126977
878866 -0.10420972277942436
879257 -0.09996304100076991
879654 -0.09993873412097931
880047 -0.10105960290381344
880441 -0.09679241188764637
880840 -0.0877821265716624
881241 -0.09299940852675853
881642 -0.10193271432963374
882044 -0.09909956473937848
882444 -0.09610332347727807
882845 -0.09558466468213839
883243 -0.09953945101910167
883635 -0.100134131510837
884028 -0.09592505892908981
884424 -0.09501587434126674
884818 -0.10314905380531436
885206 -0.10176630303774181
885592 -0.09922988684795392
885981 -0.09443161453447457
886370 -0.09928631854443148
886754 -0.10266153143582757
887138 -0.10030002597471704
887523 -0.09490335253059135
887909 -0.10209036153889672
888291 -0.10420335685503551
888673 -0.10288816572005333
889057 -0.10059606594030568
889442 -0.09740245608505971
889829 -0.10811353181974731
890210 -0.09834804824388216
890592 -0.10442400963406356
890980 -0.09360387255581992
891363 -0.09677515366400219
891747 -0.10878272249370224
892127 -0.09920716512319483
892508 -0.1013007827320504
892892 -0.09486709816757138
893277 -0.09703415646945934
893663 -0.10892709500162767
894041 -0.0994775930996214
894418 -0.10456531608695424
894797 -0.09306771703228972
895176 -0.09765802968293791
895553 -0.11093474112130819
895930 -0.10476336218830318
896307 -0.10044882657313048
896687 -0.1008336319002639
897070 -0.09999127511869205
897450 -0.11195799555526242
897829 -0.10190434368828782
898212 -0.10025489855150127
898596 -0.09444179665502339
898982 -0.1066599393402965
899367 -0.1020190895665864
899753 -0.10102534302361527
900142 -0.09310027773188312
900531 -0.09593290512899733
900918 -0.10468735066972806
901303 -0.09332828140817434
901688 -0.09669934272714936
