1321242 0.6795752783339306
1321678 0.6479484656390568
1322124 0.6950680893915875
1322569 0.7374106608016109
1323007 0.7185507531997437
1323434 0.654479492986973
1323860 0.664611041733481
1324297 0.7001214805156895
1324735 0.7577807701124433
1325167 0.6769471883704667
1325593 0.6369768004748833
1326024 0.6697934048302392
1326464 0.7093062756299795
1326901 0.7224251091492286
1327332 0.6535553618909937
1327763 0.665194354190672
1328206 0.69447320640678
1328651 0.7405383227341924
1329088 0.7122402900784295
1329523 0.6599653781407286
1329959 0.6828723466220805
1330406 0.7237492446303896
1330850 0.7437680623063736
1331284 0.6768073735680429
1331719 0.6620871106546855
1332162 0.7018718254598135
1332606 0.7405240207499375
1333050 0.7228771245996712
1333483 0.6610365497079185
1333913 0.6761361393118537
1334354 0.7078615118241061
1334796 0.7658718659055765
1335231 0.6823193354670922
1335660 0.6443077907855816
1336094 0.6813874285010465
1336533 0.7217481345666047
1336970 0.7167972934814697
1337399 0.6548619396931068
1337827 0.6700388551024825
1338266 0.7023189537957211
1338707 0.7388270285529043
1339142 0.7026853646275326
1339569 0.6566952034146447
1339998 0.680604566657635
1340438 0.7179838802268919
1340878 0.7493440481018889
1341311 0.6735681589870013
1341742 0.6726062525839107
1342182 0.7091063097100797
1342622 0.7539776594811068
1343057 0.7115582308504311
1343488 0.6560498115009097
1343920 0.668659139546946
1344359 0.7070894052025327
1344800 0.7655977510056924
1345232 0.7003490760503629
1345662 0.6526535875343593
1346096 0.682973869086511
1346540 0.721164147679554
1346985 0.7534809599618594
1347418 0.6834886623407855
1347849 0.6660581886315662
1348286 0.6977388632272652
1348727 0.743136511243947
1349165 0.7186853071472887
1349598 0.6739210127442699
1350032 0.6719001888491385
1350472 0.7101439718318907
