4613881 -0.07844673582245304
4614167 -0.1112509040866152
4614476 -0.04560889695882908
4614784 -0.0698637891443738
4615075 -0.06702671250576436
4615373 -0.06952805153720937
4615695 -0.04578510412216752
4615997 -0.055705485380218744
4616289 -0.05876422047840596
4616589 -0.05197764692935969
4616892 -0.048839485761396906
4617186 -0.058946970500437956
4617503 -0.0596218597440345
4617792 -0.08737341516038505
4618108 -0.0513946014677516
4618408 -0.0473504973305674
4618708 -0.13660297542563077
4619003 -0.055509403473066043
4619306 -0.06269001965164817
4619623 -0.0705447492870162
4619926 -0.046159733123992464
4620240 -0.052199049235656714
4620521 -0.06332300791695061
4620838 -0.05248428302481439
4621147 -0.06066084947288297
4621447 -0.04886843831168308
4621736 -0.07246106935036523
4622055 -0.04269248265134534
4622344 -0.0821086866089335
4622659 -0.05839384079298193
4622962 -0.04890667514231578
4623266 -0.04118126000540556
4623591 -0.042355782491171445
4623896 -0.0601593658450183
4624185 -0.07253387158577973
4624490 -0.05034823275265951
4624810 -0.04602668068287186
4625111 -0.0931192686730882
4625397 -0.08463012728429961
4625712 -0.07202084749876614
4626020 -0.05323662639195181
4626339 -0.045678743267490274
4626637 -0.06176289416264333
4626938 -0.0526116449441385
4627249 -0.06115519480440387
4627545 -0.045496423860696966
4627863 -0.06853867399194019
4628156 -0.061956408178543004
4628462 -0.08616995858867302
4628789 -0.05301289787398175
4629092 -0.09386464065287894
4629392 -0.0468082104965406
4629679 -0.059273090571395015
4629982 -0.07789661328121245
4630299 -0.11076201067381308
4630587 -0.06961896426940262
4630912 -0.0839883870510929
4631192 -0.056397718607649694
4631506 -0.062420830526444315
4631806 -0.060698076217034325
4632106 -0.06678986828702282
4632409 -0.0611322927058256
4632707 -0.05089718019700945
4633010 -0.054029748531552346
4633316 -0.06500439754652787
4633630 -0.056318767568981076
4633963 -0.09091124092429342
4634267 -0.08040425764234133
4634579 -0.08819284096363211
4634916 -0.06279189413749126
4635197 -0.0891513771519592
4635507 -0.07434996196089727
4635818 -0.07824425551830128
4636154 -0.08129316469680714
4636446 -0.06544023929470888
4636782 -0.06779021107259187
4637087 -0.07387140048158403
4637397 -0.053311364339406586
4637694 -0.07473265413396607
4638018 -0.04554523741284405
4638332 -0.06728488104942087
4638655 -0.06690554726988629
4638983 -0.09375057821904492
4639295 -0.06281133988808596
4639606 -0.08895961777357181
4639924 -0.07815562538187798
4640255 -0.0735630630451879
4640581 -0.07414327438255608
4640919 -0.0606925440933771
4641264 -0.05500294224120056
4641578 -0.047833875160516126
4641883 -0.07957344483484391
4642199 -0.08492566003052171
4642536 -0.07871446089557915
4642853 -0.07559918944023047
4643218 -0.07999674516953664
4643521 -0.0825556372971949
