662710 -0.09947968862586137
663082 -0.11172285198799109
663450 -0.09466034170350018
663817 -0.09175815915999486
664182 -0.07905513436326961
664542 -0.07128389836387694
664906 -0.07580133868573613
665270 -0.08850677118229444
665635 -0.10146347890284829
666002 -0.10069943480815002
666370 -0.10756658546136255
666740 -0.10667344686774483
667118 -0.09980814421628076
667500 -0.09995529900504596
667886 -0.09920929250642668
668276 -0.10605028026153512
668664 -0.10508631623651837
669058 -0.09851995175154488
669452 -0.09970378558704235
669849 -0.09923381218800559
670241 -0.10067152249959993
670636 -0.09842570099749787
671035 -0.09741265767814877
671433 -0.0999445602927575
671825 -0.10065596165678242
672216 -0.0990056183500293
672608 -0.0950562723978583
672998 -0.09881200810334217
673387 -0.10175407905941214
673773 -0.10504745311705493
674156 -0.0993294094777808
674539 -0.10092298321107729
674922 -0.09540723241219107
675301 -0.10573224381776114
675677 -0.09382516323788803
676053 -0.09380136368920161
676432 -0.09834400373737678
676810 -0.09812304370506253
677184 -0.10417340324842828
677555 -0.09239621804673831
677926 -0.09557333963626197
678295 -0.0925794986207566
678659 -0.10100007982537801
679022 -0.10002139805811444
679386 -0.09549942210769385
679751 -0.09832939601855889
680114 -0.10099768928535069
680475 -0.10862832782141563
680833 -0.10235949358403518
681192 -0.09550575976962727
681551 -0.09575127675717954
681911 -0.10130349228266089
682272 -0.10222657997529871
682635 -0.09881073825871578
683004 -0.09906682191496452
683373 -0.09868378762358693
683742 -0.09851565183177113
684111 -0.09012138116312685
684486 -0.08882025378986691
684860 -0.09217177912828795
685233 -0.08939059437590402
685610 -0.0937576740489457
685987 -0.09524887869278992
686361 -0.09995118795961044
686735 -0.09727835392132184
687108 -0.0994804512370418
687483 -0.09604059121646508
687855 -0.10048858442452135
688223 -0.10398065227427333
688590 -0.08779171897793975
688961 -0.09942998173233103
689333 -0.09143073216329017
689703 -0.10392701631840012
690070 -0.10345720700437522
690437 -0.09869567623047298
690808 -0.10163041525543853
691177 -0.10000613433178979
691545 -0.1034351401973242
691912 -0.0961028806724683
692284 -0.09274334218763958
