6530198 -0.11700501890372816
6530555 -0.10994803057578945
6530915 -0.11321062891867639
6531280 -0.10642304084118048
6531648 -0.10762857296475814
6532012 -0.11302013018218965
6532376 -0.10509768194395092
6532744 -0.10295578688465568
6533112 -0.10545252454816134
6533481 -0.10808684418924386
6533848 -0.1165567675154967
6534215 -0.10966316225155881
6534585 -0.1050014283501407
6534954 -0.10670117736567458
6535321 -0.10994550474305231
6535688 -0.1073384239367175
6536060 -0.10890312052796486
6536432 -0.10415370883256625
6536803 -0.12461611490527469
6537174 -0.10931897007575708
6537550 -0.10358926457677692
6537928 -0.1026638334692998
6538307 -0.11121712944190365
6538683 -0.11653040718980912
6539061 -0.10801971172560476
6539443 -0.0981928208176146
6539825 -0.10986000323959294
6540204 -0.10903600591479445
6540583 -0.10858900002481109
6540965 -0.0997245347826578
6541346 -0.11103699025301156
6541723 -0.10534347327763799
6542103 -0.10596385548884724
6542488 -0.09871129871034273
6542872 -0.1051331597165654
6543256 -0.11097336979249345
6543636 -0.1128841643639501
6544013 -0.1093852793405119
6544394 -0.10235952807225068
6544777 -0.10109300269082594
6545159 -0.11653576651660502
6545536 -0.11171533442924014
6545912 -0.11387309618652952
6546292 -0.10330482288810194
6546671 -0.10051839646091387
6547048 -0.11297447627269602
6547422 -0.10983760156061306
6547797 -0.1143989858699681
6548171 -0.09658703434035365
6548543 -0.11205670375907989
6548916 -0.11490399942651175
6549288 -0.1091453382428067
6549667 -0.10172439906204173
6550048 -0.11189827021821153
6550425 -0.11381728941121155
6550803 -0.10762073738146216
6551188 -0.09881478953484779
6551574 -0.10185966817621167
6551958 -0.10650082284835422
6552341 -0.10561226852658667
6552728 -0.10070164161806139
6553114 -0.11162117802866744
6553495 -0.11453456435074194
6553879 -0.1032907131196536
6554267 -0.10440110817704107
6554653 -0.1038345132013348
6555039 -0.11408311882137462
6555420 -0.10616677983480449
6555805 -0.1034458074213272
6556191 -0.0986983867044608
6556577 -0.11099123512605802
6556959 -0.11015803092426585
6557339 -0.10500329861332403
6557721 -0.09885537965911045
6558102 -0.1086199962560439
6558478 -0.10536429148835208
6558857 -0.1045834613032024
6559234 -0.10255342905196485
6559612 -0.11547492514486052
