6050008 -0.04931919913644828
6050445 -0.04715698720731365
6050883 -0.049504543598564654
6051321 -0.06268830147723747
6051755 -0.05153159530972101
6052186 -0.05018099485046118
6052618 -0.046499533014706274
6053050 -0.049948886448226204
6053470 -0.05766995659784241
6053888 -0.050132010584656994
6054310 -0.04617439063719553
6054729 -0.05993971256738101
6055143 -0.05148891643544756
6055562 -0.04871283765531276
6055989 -0.043880232694245014
6056418 -0.04862117215056233
6056844 -0.051420919066365756
6057272 -0.04593419700415924
6057706 -0.04924918802440925
6058141 -0.0538108752095236
6058572 -0.049250032983721326
6059004 -0.04614244789539734
6059444 -0.045686579794535165
6059883 -0.050893203121465336
6060316 -0.05191758241180783
6060752 -0.04803185339900412
6061192 -0.04752355313656087
6061636 -0.049502119804932077
6062082 -0.05375154766375384
6062524 -0.055365081263971994
6062965 -0.05345496860165949
6063413 -0.050954063738099076
6063865 -0.048395761957013284
6064316 -0.059488513858037495
6064760 -0.05156418827662912
6065203 -0.042425762315008386
6065652 -0.046649567139320725
6066093 -0.0587917290628579
6066533 -0.05462496628440505
6066975 -0.04766911043335936
6067421 -0.04840934568336763
6067866 -0.056443721598155916
6068304 -0.051412630696547335
6068743 -0.05215370860976082
6069187 -0.049117489038983386
6069632 -0.045978469218592666
6070072 -0.06099928650902886
6070507 -0.05087469587311605
6070945 -0.0471994386294462
6071386 -0.04262149302189311
6071825 -0.04885749728785854
6072260 -0.05625944145977846
6072692 -0.053952828605681236
6073125 -0.048557272847237654
6073562 -0.045199833341573015
6073995 -0.052698972681170186
6074424 -0.05372485733027743
6074854 -0.049346876512288085
6075288 -0.04381285029833243
6075727 -0.04803101644844404
6076164 -0.05793685732735698
6076596 -0.056913033177561745
6077029 -0.04943622546645171
6077466 -0.05011554401968804
6077902 -0.047760073296937045
6078330 -0.05557802476048562
6078758 -0.04986895024294613
6079188 -0.04670095608493641
6079618 -0.049910702322889244
