6200708 -0.2228135977556444
6201032 -0.20382450470174968
6201357 -0.10661004204904773
6201678 -0.2475150126453984
6201997 -0.22576655730900602
6202313 -0.18638198987981625
6202633 -0.21864981037160025
6202954 -0.17656178917420168
6203276 -0.1724020059883144
6203605 -0.22544403056886497
6203933 -0.12837901622822473
6204264 -0.16025123404375535
6204596 -0.1777169220632564
6204934 -0.07835810979880659
6205320 -0.21964239469225558
6205600 -0.10393844057634416
6205938 -0.1058803280846834
6206272 -0.14526750057522955
6206608 -0.14786453373633762
6206943 -0.07329823729256074
6207282 -0.10168767473954471
6207625 -0.12463872412627736
6207970 -0.1377923629851377
6208320 -0.1642066014057021
6208672 -0.15538509002327483
6209025 -0.1358544037227269
6209375 -0.1413988567639874
6209725 -0.11014091455560054
6210074 -0.10424912318114121
6210423 -0.12113401347688957
6210770 -0.16465142689847934
6211119 -0.1679364917539104
6211466 -0.18223418291912047
6211813 -0.1626759949776988
6212158 -0.16402143881122055
6212508 -0.18610969122508597
6212855 -0.14342541953883742
6213202 -0.15953606819295707
6213546 -0.1299124292569201
6213892 -0.07528839807043214
6214240 -0.0787717213951859
6214586 -0.05930320343955925
6214932 -0.10547915768839378
6215277 -0.20256835071320695
6215619 -0.19397416866314768
6215965 -0.18506554927621865
6216310 -0.1389678349419107
6216648 -0.12509783521886933
6216990 -0.15461215150687932
6217331 -0.16026396912240146
6217669 -0.14665759184243343
6218007 -0.12578758912122967
6218351 -0.07830632325705683
6218693 -0.13276580063899202
6219034 -0.1570461485574537
6219373 -0.16569600485554004
6219718 -0.12970774302247962
6220061 -0.15110906541021618
6220411 -0.20580491531558595
6220747 -0.25384514408312675
6221087 -0.1981301967957589
6221430 -0.1500975092890935
6221784 -0.07344338895699609
6222164 -0.03769131349862853
6222496 -0.11974467077674016
6222845 -0.0979085102560509
6223193 -0.0667920496654208
6223537 -0.10276144740190746
6223890 -0.09043392421718321
6224220 -0.047378530983095524
6224537 -0.059177460781274116
6224861 -0.09465603082368196
6225181 -0.06958910295908405
6225501 -0.0737865253177758
6225819 -0.1410055700817216
6226135 -0.1620401495526217
6226459 -0.18541435008662432
6226780 -0.15037401280495144
6227139 -0.08139682192286077
6227422 -0.11677763726888177
6227747 -0.11736030880114597
6228063 -0.12263204437246288
6228377 -0.13073109751372178
6228695 -0.17264811076608463
6229011 -0.20570547360732946
6229330 -0.1846665474664572
6229644 -0.15054771487997937
6229966 -0.16892344461418668
6230286 -0.1576550319948404
