5960301 0.6453904190821895
5960656 0.6393374356443864
5961010 0.6194748222034205
5961364 0.6281554283441646
5961720 0.6480128926531981
5962076 0.6310229679529824
5962428 0.6183252939737586
5962783 0.6482126879707232
5963138 0.6486146998079292
5963492 0.6356754625933417
5963844 0.6198046414838885
5964196 0.6421403455770075
5964550 0.6450974295837822
5964903 0.6326210599340663
5965252 0.6148363298488949
5965605 0.6476312802346645
5965957 0.6450555745123435
5966307 0.628312969308938
5966657 0.6271507179991377
5967011 0.6500453689490434
5967367 0.6481320097054306
5967722 0.6262064173070819
5968077 0.6204511561303614
5968434 0.6485363949564881
5968791 0.648394586989623
5969146 0.6227394369251668
5969504 0.6299218175056502
5969864 0.6454443057089518
5970226 0.6442683725321523
5970584 0.6272383458199273
5970942 0.6364948648663963
5971304 0.6579769749425264
5971668 0.6452305893045265
5972029 0.6262830286959626
5972392 0.6543979059907552
5972757 0.6531169997470065
5973118 0.6303831152882349
5973479 0.632100144391243
5973844 0.6637511256099684
5974208 0.6453407647216991
5974574 0.6369694769945806
5974937 0.6327248217807167
5975302 0.6541588636180968
5975668 0.6486720941592428
5976030 0.6245773603058573
5976393 0.6059395900579221
5976756 0.632896332286695
5977113 0.5961238852515419
5977472 0.7390433005645372
5977826 0.6778329617326398
5978176 0.7709926480173781
5978527 0.889564312891825
5978872 0.5992941259365452
5979215 0.6189134482251574
5979556 0.6280740051886715
5979896 0.61180646636442
5980235 0.5997093907945692
5980579 0.6410505936072356
5980923 0.6472280062710423
5981272 0.6186258882410187
5981620 0.6191676941801969
5981973 0.6362688507880117
5982326 0.6356821174183147
5982678 0.6177114394959106
5983030 0.584201076911392
5983382 0.6227373398657641
5983736 0.6463401362954742
5984087 0.6316819615923048
5984439 0.6284666227141622
5984786 0.6181298783522833
5985136 0.642291801748733
5985484 0.6444285749629295
5985832 0.6316078209354681
5986177 0.6101097465001444
5986527 0.6477690344074096
5986878 0.6488586660041515
5987230 0.6366325391742411
5987581 0.6265404239212238
5987935 0.6449784856045897
5988290 0.6446740983894984
5988648 0.6410640326808827
5989002 0.5535594225949827
5989358 0.679748879601629
5989711 0.741128856102908
