3535931 -0.030142954553757928
3536351 -0.025733946082971082
3536774 -0.026851487905513005
3537196 -0.03699997779664893
3537616 -0.029914460909654883
3538039 -0.033427932951624606
3538469 -0.027545403408635594
3538900 -0.03149802940324897
3539326 -0.03836031326974593
3539751 -0.03660851037750684
3540172 -0.027173241326993836
3540597 -0.030870546092887086
3541019 -0.035166658075175605
3541438 -0.03323385044073501
3541858 -0.026079132939261174
3542281 -0.026382911829147537
3542701 -0.03877249183642523
3543117 -0.03593880722118209
3543534 -0.03414052258766226
3543957 -0.02857756238812892
3544374 -0.028871072236707818
3544787 -0.03439829650574916
3545197 -0.03192400464815032
3545607 -0.033201592063937135
3546021 -0.022006662545768774
3546434 -0.03076681862166092
3546845 -0.032536944479788665
3547252 -0.032286591223228855
3547659 -0.034453768431493004
3548066 -0.026132375484299253
3548468 -0.03617946461800281
3548870 -0.03426033452192656
3549274 -0.03525501199000458
3549684 -0.026402865199025627
3550092 -0.030202209645243727
3550499 -0.03182452903251998
3550907 -0.03029989450859366
3551318 -0.029681426747253492
3551733 -0.03623435726112256
3552148 -0.03172502677703176
3552558 -0.030260567092376123
3552970 -0.02747517541373079
3553386 -0.024730138382468736
3553802 -0.03492832158305509
3554215 -0.03549845149032971
3554633 -0.028358186955872222
3555049 -0.034400042275516185
3555463 -0.02858585044340317
3555876 -0.035201920940998666
3556293 -0.023192468057717686
3556708 -0.029971604111367622
3557123 -0.03228015858925759
3557532 -0.03726977202808068
3557944 -0.031215579477731126
3558355 -0.03833526566843526
3558765 -0.032364400917571756
3559176 -0.03665097644279108
3559590 -0.025922398239996647
3560004 -0.03131927411353397
3560419 -0.031805131206837145
3560836 -0.031058472640650647
3561254 -0.023604147910532003
3561673 -0.026630272195136417
3562090 -0.02928647477363766
3562506 -0.030902445303086612
3562921 -0.026742085518298875
3563337 -0.028980858177101276
3563750 -0.03222427689583168
3564166 -0.035902508513718234
3564581 -0.022667643207914423
3564992 -0.03234025348633851
3565403 -0.03751054610468724
