2069465 0.5526952226243822
2069846 0.5288368099642989
2070225 0.5376113728146393
2070605 0.5550805120837308
2070987 0.5662722991176904
2071370 0.5738287930807027
2071747 0.5434626591644269
2072126 0.5187426503382695
2072509 0.5456430091333435
2072896 0.5753398147797664
2073281 0.5803032217509816
2073664 0.5568832285106973
2074045 0.5306407697934417
2074426 0.5410903167705996
2074807 0.5752751712718546
2075189 0.6042507084967151
2075566 0.5386359642276285
2075944 0.5225478965573667
2076323 0.53900926546418
2076704 0.5561924441319597
2077085 0.5658168745751597
2077465 0.5549270097231881
2077839 0.5097923575244431
2078211 0.5251827142190454
2078584 0.5419750141670758
2078954 0.5747558543643135
2079317 0.5228006379216408
2079684 0.5042904022895458
2080053 0.5293918432705154
2080428 0.5653209845667688
2080806 0.587169777474456
2081181 0.540858801905848
2081556 0.5139660930997025
2081932 0.5142513861277958
2082311 0.5391706686774664
2082688 0.5670003854790246
2083066 0.581933448760929
2083440 0.5345946294184788
2083814 0.506927843591777
2084188 0.5264206993314956
2084563 0.5462939204216571
2084936 0.5681352969937
2085305 0.5863071982081182
2085673 0.5488787343432212
2086038 0.5191796397783704
2086401 0.521544961192173
2086766 0.5428114671960615
2087129 0.5786463349289057
2087491 0.5577224722569528
2087850 0.5263481473647716
2088208 0.5116606672236809
2088568 0.5353874309635234
2088927 0.5636041602712352
2089286 0.5864465461993906
2089643 0.5380244808297886
2090000 0.5124640753380059
2090357 0.5247150870647982
2090716 0.5430833887145562
2091077 0.5709849525197032
2091440 0.5760251584066006
2091799 0.5317570480910413
2092159 0.5083690498848743
2092521 0.5263311871644801
2092885 0.5379832502891683
2093252 0.5626266730852072
2093619 0.5530589348344138
2093983 0.5149719802814984
2094347 0.5093296269415526
2094712 0.5326926794297756
2095079 0.5548083270364161
2095449 0.5720400372232959
2095818 0.5352168512748077
2096185 0.5099263351219223
2096552 0.5115973935145003
2096923 0.5382313655319495
2097292 0.5695377844713766
2097661 0.5584455455656698
2098026 0.5125033804105633
2098389 0.49942530074666597
2098748 0.5006598371902128
2099107 0.5135284270094453
