6529229 -0.07214166301693109
6529683 -0.06458470553173223
6530139 -0.05818482566175093
6530600 -0.05365945798495375
6531060 -0.06725129100769822
6531510 -0.0639516338704561
6531961 -0.05870365691152363
6532415 -0.05190581953731904
6532870 -0.0591084114955861
6533317 -0.06884173043652697
6533762 -0.06509216726671602
6534212 -0.05820541898478293
6534662 -0.05362362719911018
6535107 -0.06951190272750973
6535548 -0.062380767450822217
6535992 -0.0564537428461952
6536435 -0.0661229705042582
6536871 -0.06181283935643944
6537305 -0.05730664496979748
6537743 -0.05210796149524899
6538181 -0.05736267653746818
6538611 -0.06313465969007143
6539043 -0.057667815779616216
6539480 -0.05517261620337016
6539913 -0.05323375898414573
6540346 -0.06115130291324161
6540774 -0.056472823804202765
6541198 -0.05697925475438198
6541626 -0.0524012870837236
6542050 -0.06797845463623531
6542471 -0.05635559548368746
6542892 -0.057752052184761316
6543315 -0.05138266604437741
6543737 -0.05861650650899347
6544158 -0.06897203305119048
6544577 -0.06292401170610395
6544996 -0.06143713334198936
6545419 -0.051131770338575966
6545844 -0.05648036351287211
6546265 -0.0687889653427754
6546684 -0.05807798426362548
6547104 -0.05606811009965201
6547530 -0.06048971136283754
6547959 -0.05610093729916188
6548380 -0.06927320776744278
6548801 -0.05636980629185845
6549226 -0.058412151815350366
6549653 -0.056509031444007596
6550081 -0.06631617706126297
6550504 -0.06401052206161162
6550925 -0.056372055563641554
6551351 -0.05461171457759728
6551777 -0.0570395889700715
6552198 -0.06822109271189541
6552620 -0.05584786652107143
6553046 -0.055760987651862715
6553473 -0.053348189254691425
6553902 -0.06206020374170362
6554329 -0.05912047935249398
6554760 -0.05434626092285355
6555197 -0.0495750858692246
6555636 -0.054800797115748145
6556075 -0.06771557519163224
6556513 -0.05825786118969667
6556954 -0.05390175922478524
6557398 -0.05551108996854631
6557842 -0.06078188170400817
6558285 -0.059824279054813745
6558725 -0.059099968819824544
