2997086 -0.062450821467461726
2997492 -0.06521529129836678
2997897 -0.0693828788892416
2998296 -0.07384531388306026
2998694 -0.07221146664490591
2999096 -0.056982419885954094
2999498 -0.0613865520230365
2999898 -0.080268942240454
3000297 -0.06367432561997965
3000699 -0.053360150126263606
3001101 -0.06018602934243861
3001503 -0.07410663453362826
3001900 -0.07047181717670203
3002295 -0.06172974330921516
3002692 -0.060309403742747514
3003089 -0.07346382325444628
3003482 -0.06989103498210719
3003872 -0.06970935339442158
3004263 -0.06031447284134439
3004654 -0.07384253058498075
3005045 -0.07043943383818924
3005440 -0.06808649475002038
3005841 -0.06006336817250202
3006245 -0.05930169695746318
3006647 -0.0689928060778292
3007051 -0.06952545182263836
3007464 -0.060173798187511895
3007876 -0.058600093793492514
3008285 -0.06196999609260734
3008692 -0.05747142783171988
3009100 -0.05879773223180279
3009508 -0.05902334126510739
3009913 -0.06948550813974963
3010314 -0.06190470323363911
3010713 -0.057281902080861424
3011113 -0.06046307448848415
3011511 -0.07017021386923722
3011907 -0.06939904584350165
3012301 -0.06929242603108177
3012700 -0.058848196660269136
3013102 -0.0682267359509231
3013500 -0.07255487025072754
3013898 -0.06536097775018013
3014298 -0.058709262954915464
3014694 -0.0634115964911175
3015091 -0.06341459241152847
3015490 -0.061132493119022024
3015887 -0.07180074681398269
3016281 -0.06104313978462855
3016677 -0.06975176218491597
3017073 -0.06049978740600359
3017464 -0.07306474841448973
3017852 -0.06756428743718784
3018239 -0.07279410530392055
3018629 -0.060439996692668196
3019018 -0.07056458984934416
3019406 -0.06695337275316104
3019798 -0.0664546146871215
3020192 -0.05843440995732557
3020586 -0.06643988205528817
3020977 -0.06355288298810724
3021368 -0.059554394396150734
3021762 -0.06299995926180996
3022156 -0.06677928859727106
3022548 -0.06880394520922795
3022940 -0.06336317263498198
3023337 -0.05562405362440376
3023733 -0.06202336886986104
3024125 -0.07113250817689176
3024517 -0.06055653820427104
3024910 -0.05738812482330746
3025305 -0.05880807317777548
3025698 -0.067538342006282
3026088 -0.06292798294347074
3026480 -0.06504723288965691
3026870 -0.05981207006032291
