3416387 0.9392305080784675
3416736 0.9673066999187008
3417087 0.9812561785592764
3417439 0.9699673199997902
3417792 0.9657422419060792
3418143 0.9672916969559451
3418493 0.97442967635524
3418846 0.9849728262595017
3419200 0.9816017207800612
3419553 0.9729119501601097
3419905 0.9435580000017416
3420260 0.9407133231985276
3420616 0.9826485984879305
3420972 0.9777974595628608
3421328 0.9626928992386805
3421683 0.95352888682723
3422039 0.9493530979491527
3422392 0.9621390757008522
3422740 0.9204378224909424
3423090 0.9599543770481265
3423441 0.9785004442423131
3423790 0.9690433700168901
3424135 0.9764339239189908
3424476 0.8991438274864563
3424819 0.9369934207303277
3425164 0.9479158220287209
3425509 0.9908107128753931
3425858 0.9820565269380593
3426205 0.934176765230047
3426560 0.993490092541436
3426925 0.9959736455886496
3427294 0.9939935593311777
3427667 0.9928092678053896
3428040 0.9405255269206632
3428416 1.004697547653838
3428789 1.0175492602859688
3429159 0.9943843549078547
3429530 0.9728970394722973
3429900 1.0202120909241552
3430269 1.0039478741699313
3430635 0.9569953663971714
3431001 0.9823540143224504
3431369 1.0092234638530235
3431734 0.9915699910767938
3432096 0.9619831728435045
3432458 0.9653504811025426
3432821 1.001354853799267
3433183 0.988996808936439
3433539 0.9538476140933105
3433897 0.9958230004173267
3434254 1.0005211309977373
3434608 0.9922588176116807
3434957 0.9454578528047282
3435308 0.9908818043531682
3435658 1.0048233911179252
3436008 0.9924749660358618
3436357 0.9680459679249909
3436705 0.9412155367154634
3437057 1.0100436519278868
3437408 1.0121691483937039
3437760 0.9819148175999122
3438110 0.9407744340740718
3438463 1.0130755030943703
3438817 1.019122466203717
3439170 0.9963063900233686
3439520 0.9457109913563873
3439870 0.9589667085597501
3440222 1.0059571289599083
3440577 1.0009001068323164
3440931 0.9777505270711921
3441284 0.9312509136290913
3441640 1.006904362379045
3441998 1.0087871906510328
3442356 0.9982159667719166
3442711 0.9300312287394048
3443069 1.0136409504851858
3443426 1.000974579841535
3443784 0.9826131556172593
3444139 0.9381375783900381
3444497 1.0087590594729943
3444854 1.000382113522683
3445210 0.9861172527877664
3445562 0.9446265577091448
3445915 1.0071290475692072
