6559170 -0.05418555839139505
6559614 -0.05760281968246478
6560055 -0.06525946538304911
6560492 -0.058621437904182117
6560933 -0.05718224490435242
6561373 -0.06140254693154962
6561808 -0.060040165330296935
6562244 -0.05836739208272024
6562685 -0.0483360521592861
6563123 -0.05916334759816827
6563560 -0.05529241537462776
6564001 -0.05544470012105435
6564441 -0.05397704022890565
6564878 -0.05913037132260557
6565312 -0.06122550645032693
6565751 -0.05200512948305136
6566193 -0.05264974428442992
6566636 -0.06793679845190304
6567074 -0.06367486238884768
6567513 -0.06178571351565698
6567959 -0.05619317284126302
6568406 -0.054678598314252924
6568852 -0.060902322477456694
6569292 -0.06562931719016518
6569735 -0.053941033088542256
6570180 -0.054017417976303383
6570618 -0.0692681717315306
6571055 -0.06192228001875233
6571495 -0.05606953844996554
6571938 -0.05044603365750033
6572372 -0.06830705459635372
6572807 -0.06419102040542651
6573246 -0.05420422390262314
6573687 -0.05470276137203728
6574129 -0.0648563954207853
6574570 -0.060580099826489875
6575014 -0.057473293257701674
6575465 -0.04912349493745566
6575914 -0.07265140536179415
6576358 -0.0639468466434982
6576800 -0.05730321024857904
6577246 -0.051380685387923286
6577691 -0.058440284695391864
6578137 -0.05758985677473755
6578584 -0.052378698689170555
6579035 -0.050124730020746744
6579482 -0.06300640791298073
6579926 -0.06342453676032861
6580372 -0.052157733807030204
6580822 -0.05181912049743559
6581266 -0.06158035590037464
6581705 -0.05755235767229827
6582152 -0.05368904420027509
6582604 -0.06040674119522632
6583049 -0.062068316362574094
6583493 -0.06033122108565275
6583941 -0.05279901203229942
6584391 -0.05422821297093389
6584833 -0.06265551802067448
6585269 -0.066433868735639
6585711 -0.054623329283891076
6586152 -0.05272104134116912
6586587 -0.06651589713237221
6587020 -0.06555216745502007
6587460 -0.05697465517956829
6587900 -0.05594864145812889
6588335 -0.0631226987953501
