2937820 -0.06367200563258968
2938174 -0.08639739589084999
2938530 -0.1126929380335403
2938880 -0.07570375775872218
2939236 -0.1046226089495933
2939592 -0.09633103167150064
2939948 -0.1023466689438155
2940305 -0.09576350457496596
2940664 -0.07953338319315478
2941025 -0.08150410342972958
2941387 -0.08375912108737937
2941749 -0.08252450456175348
2942112 -0.07949926427363613
2942472 -0.07452117852488149
2942834 -0.06004173720511785
2943195 -0.054939080108101224
2943557 -0.04846916081442826
2943920 -0.05089914084893543
2944285 -0.04907405825709121
2944648 -0.04724006090635746
2945007 -0.050116540721055036
2945369 -0.06449252890258383
2945732 -0.05771300752088743
2946094 -0.06410344304770504
2946458 -0.06170342399917006
2946824 -0.05417734678170677
2947190 -0.06117768153961528
2947554 -0.06839426089706102
2947918 -0.06756546678064268
2948284 -0.06507491247718555
2948649 -0.06112668474621624
2949014 -0.06957596485265372
2949375 -0.07381965700897919
2949738 -0.05886308280445196
2950103 -0.06231526882978583
2950465 -0.06551976231886825
2950827 -0.06884409758661514
2951188 -0.07413812564009109
2951550 -0.05804583755223536
2951913 -0.06173859695467948
2952274 -0.06488532809598074
2952632 -0.061367743632574245
2952989 -0.0758352675084843
2953348 -0.05673754547130133
2953706 -0.05945639025337496
2954064 -0.06898194704599936
2954418 -0.07086796206794183
2954776 -0.0634494726124818
2955133 -0.06148923162674014
2955488 -0.06731439598201483
2955839 -0.06718366708987134
2956189 -0.17198394533534583
2956540 -0.12622121120458682
2956887 -0.17069907035490142
2957229 -0.14870247590932356
2957571 -0.13808349790528984
2957915 -0.10222908809662867
2958258 -0.06497446425672032
2958602 -0.07246247199800804
2958945 -0.07052431073462362
2959292 -0.06492341848151495
2959639 -0.07068594862074729
2959985 -0.07539805474153316
2960330 -0.07282240847784804
2960678 -0.07113256987654082
2961025 -0.06696809312905888
2961372 -0.07239270342952253
2961719 -0.08011550462992234
2962067 -0.07426060353226521
2962414 -0.07368350457025469
2962761 -0.07718615230839254
2963109 -0.07872687008827356
2963457 -0.07248331123826318
2963805 -0.06697169257743235
2964151 -0.0860741603934202
2964493 -0.15308489096054478
2964836 -0.10950782315237664
2965181 -0.1291644268939656
2965527 -0.09406288601379614
2965871 -0.12356240622783507
2966217 -0.14061164324705608
2966568 -0.08857406293855025
2966919 -0.0730317385151571
2967274 -0.06431713556426455
