4703164 -0.027789252155697386
4703530 -0.036833361527362884
4703916 -0.015192340104877688
4704305 -0.014096916264865311
4704692 -0.017736307001401164
4705074 -0.02174384267918139
4705454 -0.018425784805183976
4705864 -0.01761095351480968
4706287 -0.016986643890710307
4706694 -0.02634947529784476
4707107 -0.01613757865111437
4707533 -0.015008770701609664
4707962 -0.01969506606848187
4708393 -0.01762510965443742
4708829 -0.0261002781810592
4709239 -0.0381908359615335
4709674 -0.02254230717505684
4710115 -0.05135362789040859
4710545 -0.04193827929777605
4710952 -0.024203145670655346
4711380 -0.019424333430097585
4711801 -0.02039690240008707
4712209 -0.018758509329921402
4712627 -0.023950554800759083
4713069 -0.0183384984934597
4713480 -0.015097682963851111
4713898 -0.020516003396674642
4714329 -0.01912884436057688
4714754 -0.017916126737964555
4715184 -0.021209428304172384
4715626 -0.019007181968224762
4716026 -0.11958774846294051
4716477 -0.1559547411349054
4716849 -0.2637802668396326
4717292 -0.10403422774514554
4717657 -0.11307595925346836
4718047 -0.10932713645211845
4718434 -0.08782852564003607
4718826 -0.09438641865583519
4719211 -0.07930944863417289
4719592 -0.06940257768819963
4719980 -0.06014403365332888
4720389 -0.04451188827810637
4720806 -0.060295373778055356
4721228 -0.07144514365285792
4721656 -0.08247143742031801
4722085 -0.08288082390903104
4722514 -0.08696787477464235
4722941 -0.10528624730929376
4723376 -0.07789815246066834
4723817 -0.07748741904939493
4724258 -0.07440231996931468
4724698 -0.07960287893222667
4725132 -0.06898000573650986
4725567 -0.06999663355886715
4726004 -0.07576122843065036
4726439 -0.07443037297968519
4726871 -0.07653177118748972
4727300 -0.06841619222703199
4727735 -0.05800649249273038
4728168 -0.05644251113302656
4728600 -0.06498228872859724
4729028 -0.06904917496970892
4729452 -0.06554029257578498
4729879 -0.06079243447218596
4730306 -0.060797425648600356
4730734 -0.05878769827914898
4731159 -0.06594568323268085
4731573 -0.06888368363368036
4731995 -0.06299955040474253
4732415 -0.06152574718456483
4732835 -0.057153644819822325
