70.25
71.18
71.58
70.76
70.11
70.38
71.19
71.77
71.48
70.93
70.64
70.57
70.74
71.09
70.98
70.21
69.78
69.89
70.15
70.69
71.53
71.70
71.07
70.69
70.77
71.04
71.02
70.50
69.65
68.68
67.85
67.82
68.55
68.32
67.00
66.28
66.47
67.12
67.96
68.65
68.44
67.42
67.01
67.54
68.48
69.13
69.03
68.76
68.83
69.19
69.78
70.56
70.91
70.36
69.74
69.66
70.16
70.59
70.24
69.91
70.21
70.66
71.16
71.86
72.07
71.28
70.34
70.03
70.66
71.07
70.20
69.39
69.20
68.83
68.63
69.36
69.95
69.54
69.21
69.38
69.59
69.94
70.71
71.42
71.48
70.65
69.93
70.61
71.55
71.57
71.29
70.99
70.46
70.29
70.82
71.16
70.87
70.32
69.73
69.29
69.41
69.90
69.62
68.73
68.16
68.03
68.25
69.02
69.79
69.15
67.80
67.48
68.17
69.23
69.61
69.13
68.81
68.94
69.35
70.09
70.96
70.88
70.05
69.96
70.64
71.46
71.81
71.56
71.16
70.75
70.39
70.57
71.27
71.36
70.80
70.31
70.05
70.08
70.59
71.10
70.55
69.48
68.79
68.68
69.08
69.66
69.80
68.95
67.84
67.37
67.99
69.21
69.39
68.83
68.83
69.19
69.57
70.36
71.10
70.47
69.42
69.40
69.64
69.65
70.16
70.75
70.26
69.52
69.40
69.45
69.62
70.38
70.75
69.62
68.65
68.93
69.81
70.66
71.01
70.88
70.48
70.13
70.25
71.18
71.76
70.85
70.16
70.48
70.58
70.73
71.79
72.22
71.09
70.10
70.18
71.35
72.14
71.58
71.12
71.24
71.31
71.48
71.84
71.42
70.29
69.60
69.84
70.80
70.95
69.83
68.83
68.78
69.85
70.64
70.10
69.08
68.28
68.04
68.35
68.91
68.82
67.78
66.82
66.58
67.27
68.30
68.78
68.55
67.89
67.42
67.54
68.27
68.94
68.72
68.31
68.55
69.32
70.21
70.60
70.28
69.45
68.64
68.30
68.52
68.93
68.78
68.02
67.02
66.45
66.65
67.26
67.65
67.02
65.90
65.43
65.83
66.88
67.91
68.30
67.92
67.24
67.14
67.79
68.84
69.47
69.19
68.93
69.00
68.72
68.48
69.07
69.88
70.09
69.66
68.95
68.61
68.97
69.96
70.41
69.77
69.21
69.12
69.17
69.49
70.07
69.85
68.71
67.93
67.98
68.65
69.14
68.82
68.32
67.91
67.30
66.94
67.56
68.20
67.86
67.55
67.79
67.83
67.79
68.52
69.29
68.96
68.38
68.36
68.72
69.40
70.37
70.74
69.76
68.65
68.35
68.97
69.61
68.96
67.72
66.88
66.34
66.13
66.56
67.11
66.63
65.54
64.89
65.18
66.42
67.47
67.57
67.22
66.87
66.82
67.22
68.05
68.70
68.68
68.36
68.00
67.65
67.66
68.41
68.78
67.87
67.10
67.10
67.02
67.01
67.89
68.81
68.57
68.12
68.29
68.71
69.26
70.05
70.42
69.70
68.98
69.05
69.72
70.50
70.80
70.52
69.86
69.14
68.78
69.17
69.76
69.66
69.14
68.71
68.73
69.17
69.61
69.59
68.92
68.40
68.57
69.20
69.85
70.03
69.72
69.15
68.64
68.61
69.47
70.39
70.00
69.17
68.93
69.02
69.30
69.95
70.26
69.43
68.42
68.15
68.79
69.79
70.02
69.57
68.97
68.22
67.67
68.18
69.08
68.68
67.83
67.84
68.07
68.17
68.74
69.42
69.06
68.30
68.18
68.43
68.83
69.59
70.12
69.39
68.25
67.92
68.46
69.31
69.25
68.44
67.93
67.51
66.89
66.98
67.95
68.50
68.17
67.49
67.27
68.07
69.19
69.73
69.21
68.19
67.91
68.34
68.89
69.40
69.69
69.30
68.48
68.04
68.20
68.84
69.38
69.41
69.05
68.46
67.86
67.90
68.95
69.68
69.27
68.65
68.24
67.98
68.22
69.13
69.34
68.40
67.81
67.86
67.86
68.05
68.77
69.12
68.75
68.77
69.23
69.24
69.31
70.01
69.82
68.28
67.16
67.06
67.66
68.37
68.52
67.92
66.88
66.33
66.53
67.12
67.43
66.85
66.15
66.06
66.35
66.88
67.81
68.62
68.24
67.42
67.44
68.25
69.39
70.24
70.46
70.15
69.41
68.57
68.70
69.74
69.58
68.22
67.42
67.26
67.39
67.93
68.54
68.03
66.74
66.29
66.93
68.13
68.62
67.72
66.82
66.56
66.46
66.70
67.69
68.33
67.47
66.48
66.41
67.02
67.91
68.63
68.69
67.86
67.02
66.94
67.59
68.62
69.30
69.33
68.81
68.09
67.62
67.99
69.15
70.06
70.15
69.47
68.94
69.23
69.89
70.47
70.71
70.42
69.62
68.73
68.20
68.35
68.57
67.71
66.48
66.06
66.57
67.58
67.79
67.05
66.61
66.65
66.76
67.16
67.95
68.08
67.13
66.37
66.39
67.01
67.68
67.76
67.34
66.83
66.68
67.10
67.89
68.59
68.54
68.17
68.10
67.94
67.64
68.08
68.90
68.57
67.57
67.15
67.12
67.21
67.67
68.18
67.81
66.90
66.42
66.38
66.56
67.22
68.15
68.18
67.42
67.14
67.26
67.19
67.55
68.60
68.88
68.02
67.40
67.39
67.67
68.07
68.34
67.94
66.98
66.51
66.73
67.11
67.41
67.52
67.36
67.10
67.28
68.02
68.83
69.15
68.57
67.79
67.57
67.90
68.40
68.39
67.82
67.18
66.80
66.89
67.47
68.15
67.87
66.86
66.51
66.92
67.58
68.07
68.11
67.64
66.97
66.79
67.27
68.13
68.48
67.70
67.02
67.31
68.22
69.04
68.91
68.19
67.69
67.33
67.06
67.32
67.76
67.20
66.04
65.45
65.20
64.90
65.04
65.76
66.09
65.70
65.37
65.52
66.14
67.03
67.84
67.99
67.28
66.69
66.85
67.57
68.38
68.58
68.17
67.56
67.24
67.51
68.29
69.05
68.88
68.05
67.41
67.07
67.01
67.24
67.39
66.74
65.64
65.06
65.22
66.03
66.95
67.40
67.01
66.08
65.62
66.01
67.13
67.88
67.14
66.30
66.50
66.96
67.32
68.09
68.80
68.30
67.55
67.73
68.08
68.15
68.78
69.58
69.09
67.99
67.58
67.85
68.42
68.77
68.51
67.55
66.52
66.16
66.49
67.22
67.67
67.55
67.18
66.96
67.23
67.91
68.63
68.73
67.99
67.17
66.90
67.51
68.46
68.89
68.50
67.49
66.63
66.42
66.98
67.68
67.58
67.07
66.80
66.60
66.51
67.04
67.72
67.19
66.12
65.94
66.26
66.53
67.01
67.57
67.23
66.17
65.62
66.00
67.20
68.24
68.29
67.89
67.62
67.58
67.91
68.63
68.96
68.16
67.18
66.86
67.25
67.92
68.01
67.59
67.10
66.56
66.06
66.29
67.16
67.43
66.94
66.43
65.94
65.41
65.63
66.89
67.67
67.32
67.01
67.09
67.15
67.41
68.13
68.24
67.20
66.46
66.63
67.22
67.81
68.06
67.83
67.16
66.47
66.15
66.49
67.15
67.23
66.72
66.11
65.96
66.52
67.37
67.91
67.55
66.67
66.43
66.92
67.72
68.21
67.98
67.23
66.36
65.78
65.83
66.61
67.12
66.30
65.19
64.90
65.57
66.82
67.45
67.22
66.89
66.68
66.56
66.91
67.76
67.93
67.07
66.28
66.25
67.16
68.17
68.19
67.80
67.58
67.21
66.90
67.43
68.04
67.26
66.14
66.02
66.86
67.98
67.93
66.79
66.10
66.07
66.30
66.73
67.17
66.92
65.87
64.94
64.78
65.64
66.95
67.61
67.38
66.56
65.75
65.53
66.24
67.37
67.41
66.61
66.25
66.22
66.19
66.74
67.89
68.01
66.96
66.41
66.50
66.61
67.02
67.96
68.28
67.50
66.88
66.89
67.24
67.69
68.00
67.35
65.63
64.53
64.73
65.55
66.11
65.52
64.13
62.93
62.77
64.01
65.12
64.73
63.95
63.75
63.92
64.38
65.34
66.37
66.36
65.71
65.59
65.79
65.85
66.41
67.69
68.17
67.41
66.86
66.92
67.28
67.74
68.09
67.90
67.16
66.60
66.58
67.02
67.66
68.17
68.13
67.49
67.00
67.16
67.92
68.51
67.86
66.94
66.88
66.66
65.94
66.38
67.86
68.13
67.33
67.16
67.82
68.85
69.31
68.88
68.38
68.19
68.25
68.52
68.83
68.67
67.99
67.44
67.26
67.39
67.74
68.06
67.65
66.45
65.65
65.75
66.52
67.58
68.39
68.46
67.63
66.69
66.36
66.98
68.11
68.60
68.19
67.21
66.15
65.51
65.72
66.68
67.59
67.80
67.07
66.37
66.73
67.84
68.87
68.66
67.50
67.17
67.54
67.64
67.77
68.19
67.95
66.81
65.88
65.71
66.40
67.25
67.37
66.82
66.09
66.04
66.85
67.76
68.09
67.39
66.50
66.40
67.00
67.81
67.95
67.33
66.84
66.68
66.65
67.02
67.82
67.90
66.91
66.37
66.59
66.77
66.93
67.43
67.52
66.72
66.11
66.35
67.13
67.92
68.03
67.58
67.05
66.58
66.34
66.83
67.74
67.63
66.88
66.99
67.58
67.84
68.14
68.63
68.40
67.58
67.23
67.41
67.70
68.12
68.60
68.50
67.72
66.85
66.62
67.52
68.18
67.38
66.74
67.08
67.33
67.35
67.84
68.19
67.47
66.50
66.11
66.45
67.18
67.57
67.46
67.20
66.79
66.26
66.35
67.22
67.56
67.09
66.96
67.24
67.34
67.61
68.32
68.35
67.36
66.72
66.77
66.94
67.11
67.24
66.83
65.67
64.57
64.14
64.60
65.40
65.29
64.49
64.06
64.23
64.90
65.73
66.28
66.07
65.19
64.65
64.93
65.82
66.62
66.38
65.80
65.96
66.43
66.68
67.21
67.93
67.78
66.95
66.69
67.25
68.30
68.81
68.24
67.69
67.50
67.12
67.06
68.12
68.79
67.82
66.89
66.94
67.39
67.71
67.51
66.79
65.77
64.91
64.55
64.87
65.47
65.18
64.11
63.43
63.48
64.13
65.02
65.71
65.76
65.05
64.40
64.43
65.19
66.35
67.22
67.44
67.15
66.53
65.92
66.04
