153642 1.434345606374093
154061 1.5258718759842975
154476 1.5296705273929003
154877 1.3416475167993773
155283 1.456353331562161
155694 1.5127951692156887
156105 1.506409047799075
156502 1.3251241162260587
156905 1.4664720811911374
157315 1.528731358385275
157728 1.536735024535129
158125 1.3423682526998906
158524 1.4324104112219782
158934 1.5070816012596229
159349 1.5115619465736427
159746 1.3401456529892402
160156 1.4700393004015713
160573 1.5311539489503012
160999 1.5150555866244644
161404 1.3399091074595986
161815 1.4842786250810345
162232 1.5226726592956383
162649 1.4983932229147054
163049 1.3264377452733247
163456 1.4749548639770291
163872 1.5280927295672386
164287 1.4871988629457116
164685 1.3175443892215308
165084 1.3851087051385806
165494 1.5693238654993678
165896 1.5453496045162705
166290 1.421565342099354
166692 1.5912527911464605
167091 1.4902399070829286
167477 1.1495324644212905
167854 0.9114406419336625
168238 1.3284850345641286
168637 1.5818886265245957
169040 1.601295870454121
169449 1.578906121326075
169859 1.5257908409483152
170256 1.3672900171130342
170662 1.4819422372537308
171073 1.5372557781440972
171488 1.5360749954281672
171899 1.4674465803351817
172298 1.3726954145499306
172707 1.5122088759533483
173118 1.5293531459764385
173531 1.5376418836478094
173943 1.5315652427006974
174344 1.3519900214900369
174744 1.4348577842286299
175156 1.531779067489225
175568 1.5348107569772478
175969 1.5223421877885863
176366 1.522239633401545
176770 1.477650121503832
177166 1.327487077830959
177571 1.4775755025924493
177985 1.5703759488047595
178406 1.562777988717425
178820 1.458031613033569
179220 1.357509816666921
179633 1.5273709060682485
180056 1.5514692986313101
180475 1.5568339477156312
180883 1.3998022316540673
181287 1.4575269795689354
181700 1.5464052317407397
182122 1.552564030418891
182539 1.4998902258732856
182942 1.3706622809422027
