5877163 -0.49686438059303295
5877545 -0.49717114942042606
5877933 -0.15428427685460544
5878312 -0.44971704257475165
5878710 -0.31038714010968627
5879101 -0.4002579975683518
5879499 -0.3382771507434714
5879895 -0.35212564156631676
5880288 -0.3624316092221114
5880668 -0.3551692732122014
5881050 -0.42704267538773
5881439 -0.38976660202262225
5881837 -0.35270589114448386
5882229 -0.45120332138815394
5882619 -0.3505853109302078
5883019 -0.3555274312725193
5883435 -0.49436923741018274
5883845 -0.3699585541097443
5884255 -0.38271881285912657
5884683 -0.31880183881890023
5885100 -0.33380948636621666
5885526 -0.27637734218479815
5885955 -0.40951377836900027
5886391 -0.36949215495177556
5886836 -0.35606942278491893
5887263 -0.3911671132519563
5887708 -0.35525216394664194
5888145 -0.45232904950441677
5888579 -0.40902930135137394
5889038 -0.42092311505667623
5889478 -0.4972149138015307
5889931 -0.42681568769498435
5890358 -0.49951388043328127
5890763 -0.4259530721564756
5891158 -0.49098448003651873
5891553 -0.4185720080538714
5891938 -0.4741272220408388
5892317 -0.4981636464881245
5892685 -0.36451871831544425
5893042 -0.42551684819612134
5893404 -0.38317114474171154
5893756 -0.39787946305371324
5894116 -0.6002432677148191
5894506 -0.035148290366278645
5894811 -0.42813245136780775
5895161 -0.3684805192215057
5895506 -0.3283746783267546
5895855 -0.4541927516957096
5896204 -0.4172725015015959
5896551 -0.37888741790790126
5896904 -0.2937017389342753
5897258 -0.3400188696498485
5897618 -0.316949500259609
5897977 -0.3033664556016269
5898336 -0.2809741419451217
5898705 -0.28879886742055283
5899078 -0.33759401435177516
5899448 -0.37423818410819754
5899816 -0.4063589411419958
5900187 -0.33604016612427456
5900557 -0.4950872210096743
5900919 -0.33467295169957556
5901287 -0.3174786982544108
5901656 -0.30878474436632686
5902020 -0.33255535268979786
5902387 -0.522966896437862
5902743 -0.3299163015358243
5903105 -0.3013096959149659
5903469 -0.3507491050635293
5903832 -0.30465936774300484
5904186 -0.33358080624776787
5904536 -0.2520611678965361
5904900 -0.3489645080040248
5905265 -0.35025594444826913
5905632 -0.33511752088537083
5905990 -0.34041454326096443
5906362 -0.3697771732764267
5906732 -0.4835412080706402
