453096 -0.07374813489525878
453523 -0.03094586826055612
453943 -0.12377619010230434
454350 -0.10838951591253043
454765 -0.06816025369884876
455193 -0.023940438870686642
455603 -0.114214873866466
456001 -0.13508397345719447
456416 -0.07443146076775031
456845 -0.0414191392982558
457251 -0.10670758542263836
457650 -0.10990012689677975
458062 -0.06741715078400368
458484 -0.05372272964451752
458888 -0.12540566593579772
459289 -0.11694193788813056
459706 -0.08618010195930481
460126 -0.10911075903699363
460534 -0.12546479797515586
460940 -0.08158269675687191
461363 -0.07636213783302132
461788 -0.11760518492128069
462192 -0.12317123751474268
462600 -0.06939639412726994
463025 -0.0547064370908803
463445 -0.1174234583799384
463850 -0.12449678128911457
464270 -0.07164801748033545
464704 -0.09408231905344133
465109 -0.12385893406328696
465514 -0.08885564799857326
465935 -0.053289743996438155
466362 -0.10852850869243447
466766 -0.11207752640566193
467176 -0.08171759847792498
467605 -0.0362342338299374
468026 -0.1117261941456208
468429 -0.11591246917941667
468845 -0.06279771128541367
469275 -0.09874073856298915
469679 -0.11808599504811024
470084 -0.08570167748746255
470508 -0.056135829075718235
470932 -0.11451497725611326
471332 -0.13049748535209427
471740 -0.08128366652973262
472166 -0.02942409522645656
472571 -0.11886010788011903
472969 -0.11031084745058473
473384 -0.06842504038250691
473811 -0.04227356484586742
474214 -0.1186694631991253
474612 -0.0965361425044774
475023 -0.06814775928286743
475445 -0.05234671918333722
475851 -0.12158490802050037
476246 -0.10204187865007841
476660 -0.060867110151756665
477078 -0.0699003212421897
477477 -0.11210861750849244
477874 -0.09489535553683465
478285 -0.051056729397548795
478700 -0.12853333697059988
479095 -0.12297045016569863
479495 -0.08510493880509495
479906 -0.0539897881260093
480317 -0.12906346312403227
480715 -0.11285294008397673
481125 -0.06297595891966729
481545 -0.06992913897122999
481943 -0.11480001958178643
482342 -0.08962785380997318
482758 -0.057115479933828206
