5277779 1.2795806948314388
5278250 1.3721873572328689
5278733 1.383746336758366
5279203 1.252608758997966
5279689 1.3576366203987997
5280183 1.4493786454971773
5280659 1.3060041746808055
5281138 1.3744392411698396
5281623 1.393877055979472
5282094 1.333135116724495
5282558 1.2350331721830095
5283036 1.3394387464088997
5283525 1.3821684045468694
5284002 1.4091212622135851
5284485 1.364834267203754
5284953 1.3047679707402302
5285435 1.3989449950529447
5285917 1.4587402960822222
5286375 1.2459188221495483
5286850 1.361405945786679
5287329 1.3645689766443694
5287794 1.2819496856727075
5288256 1.245532507255525
5288740 1.36103976294884
5289219 1.3587008110034229
5289685 1.2318510466396946
5290165 1.3504939491127488
5290652 1.394240428054307
5291114 1.26122930779284
5291581 1.3162757323943624
5292054 1.3870719277153813
5292510 1.2321657679628144
5292967 1.2635076630621012
5293443 1.358879683717014
5293926 1.4086058504208705
5294390 1.2569475008093627
5294873 1.3841423452808461
5295362 1.4069202654198216
5295827 1.2411222103123642
5296302 1.3421927184943192
5296788 1.3578289846685123
5297263 1.2655226602389429
5297728 1.2229442707553162
5298213 1.4539454340037263
5298687 1.4751497626639256
5299151 1.4854545549069007
5299617 1.3825846115530434
5300075 1.315673211763471
5300552 1.4565084653711966
5301030 1.4115095953673895
5301486 1.2484815542969965
5301956 1.3199633363082381
5302425 1.4032793860164008
5302879 1.2754536817395852
5303355 1.3748332748057819
5303806 1.2926487014728498
5304278 1.417694811567289
5304730 1.1619265358406956
5305191 1.176320980375872
5305654 1.2718837392225217
5306110 1.1593734431133422
5306588 1.3261092884838737
5307055 1.2922208020118078
