1981285 1.6335531610147762
1981615 1.3366721599967466
1981943 1.3741821190185344
1982271 1.4948134531914061
1982598 1.49953656229394
1982922 1.3421615389205879
1983248 1.493374628693605
1983574 1.4930492728829432
1983898 1.2762385090081598
1984222 1.2123932559589132
1984546 1.2468197841994424
1984871 1.1109901135138482
1985199 1.343436210968083
1985529 1.0804691499501213
1985856 1.156953991734679
1986179 1.1538197620064183
1986509 1.2225894251607257
1986840 1.2563325448287677
1987171 1.2805504973300228
1987500 1.2628188756986716
1987829 1.3028715326637303
1988154 1.3486621848710787
1988475 1.1579045767706677
1988796 1.2233477147861995
1989117 1.3411772720364075
1989443 1.3693790221998163
1989770 1.25474859463043
1990096 1.2304936524512209
1990423 1.3063492366136298
1990753 1.309916909571666
1991087 1.2193192247318827
1991418 1.1959917934578803
1991751 1.2784256441499346
1992084 1.3587807878326938
1992413 1.3619486342367757
1992736 1.2489943409340414
1993062 1.4530671278480878
1993389 1.5075016977035345
1993721 1.3418437222168453
1994049 1.0524092171360797
1994382 1.246484705819336
1994723 1.2978388025214052
1995065 1.340250997669211
1995409 1.2846038141560534
1995753 1.314428748637472
1996086 1.0733768235828012
1996424 1.3696553692215185
1996763 1.4592933484617068
1997099 1.270839846044605
1997430 1.1825749139234127
1997768 1.2906954720273989
1998103 1.5562921120408508
1998438 1.3954200179953222
1998770 1.2999067083223839
1999109 1.4136862417032843
1999450 1.5418542975557257
1999786 1.2757907150920345
2000121 1.325707096383202
2000460 1.3808082667183954
2000806 1.4813349070686361
2001146 1.3640655154790111
2001490 1.5547807369544246
2001834 1.3491969342580457
2002171 1.2890012135665814
2002507 1.3586036809421942
2002852 1.4464701162224163
2003201 1.5201975922984705
2003546 1.3964849051576702
2003900 1.482024271569187
2004251 1.4702036924571407
2004598 1.1745632383959879
2004941 0.9935137173806297
2005281 1.1537518958719808
2005624 1.0234179413102524
2005964 1.3483575881054226
2006306 1.3530755905232756
2006647 1.3053190804502428
2006990 1.2936251750018832
2007338 1.2778185526615495
2007686 1.3902380206834684
2008031 1.1417340856331293
2008377 1.1618053018071488
2008724 1.1770419599635527
2009071 1.1199747037851926
2009415 1.1204548900926024
2009760 1.1830428146226541
2010109 1.2572999858160183
2010461 1.4038641846696662
2010805 1.2407508192836738
2011148 1.3247039689130125
