4258832 1.4160493441657254
4259270 1.3446160575652937
4259690 1.3892421875472674
4260109 1.3915802712643277
4260538 1.012173651619392
4260944 0.7544886709462976
4261326 0.8278794835801007
4261729 1.2987374470366144
4262135 1.0954454390068327
4262538 1.0904838049372443
4262959 1.2768016176962482
4263379 1.504020501257581
4263794 1.299851791821414
4264225 1.3884395379456027
4264654 1.5011939341212965
4265075 1.5066305761117014
4265509 1.4490610324492428
4265930 1.4392238096866699
4266367 1.5031400879497827
4266809 1.5618326880154836
4267237 1.4844838071764634
4267688 1.6299027529996295
4268133 1.4882272421119283
4268573 1.5621025065929328
4269011 1.3438703598748643
4269454 1.3681181521399095
4269901 1.3885402050441873
4270353 1.3962863996488935
4270777 1.2457656305576
4271226 1.4750243944020376
4271679 1.4962622791729023
4272131 1.4771253946841392
4272584 1.4942529031807235
4273018 1.3675340050604226
4273453 1.4147443319121549
4273873 1.151835383058605
4274291 1.4681840142098461
4274729 1.5763288063724437
4275149 1.308103577366015
4275565 1.1355509054018746
4275984 1.1381271561899218
4276400 1.3574378333198156
4276817 1.4544521504170327
4277222 1.039010948953734
4277624 1.0007759803767509
4278033 1.2321504961580818
4278427 1.4359783488434652
4278825 1.6583285796025127
4279219 1.7835654570960617
4279610 1.7178260798908036
4279990 1.4467747314054074
4280384 1.5539418207564906
4280762 1.2261210027688256
4281172 1.5852990571335253
4281580 1.6548208677097314
4281981 1.4001680220033124
4282395 1.557131908503992
4282826 1.5901525573555015
4283235 1.2386755274230414
4283667 1.4608810929572684
4284100 1.622365748881263
4284518 1.362861086969553
4284953 1.559078222364308
4285370 1.3822198068377742
4285802 1.4318908011412748
4286227 1.4865159321382162
4286651 1.4716772453351568
4287060 1.3472113150681515
4287492 1.4172342968601026
4287906 1.1939859722427701
4288338 1.3034784775117978
