6206792 -0.23379544812072134
6207241 -0.21942398527901102
6207676 -0.20677773702426538
6208110 -0.22845540331714653
6208557 -0.23087311450413311
6209004 -0.20700024549986762
6209437 -0.19683516218832497
6209883 -0.213089828878663
6210344 -0.21501587460134258
6210785 -0.20757767143606454
6211228 -0.2255247979626629
6211684 -0.23587808862494464
6212146 -0.21747391651255238
6212592 -0.21035345447891696
6213061 -0.22466708722788137
6213538 -0.23078707556761385
6213993 -0.2130573737595326
6214438 -0.2308080535200615
6214909 -0.23462163354017085
6215372 -0.21552964040234202
6215816 -0.20634130854422528
6216267 -0.21745168657463765
6216738 -0.22736616691115474
6217194 -0.21823762451515527
6217638 -0.22704258043647385
6218093 -0.23331734687581157
6218557 -0.21871115195530377
6219008 -0.2130025243681044
6219455 -0.2364272036839805
6219922 -0.22307597934843365
6220388 -0.22831845573696913
6220841 -0.21586181440881297
6221280 -0.21180685544802152
6221742 -0.2298351901957023
6222201 -0.21112964291048147
6222644 -0.21039763480571816
6223089 -0.22036807089399446
6223559 -0.23936848022241147
6224031 -0.22011496431497024
6224474 -0.2092528400600701
6224922 -0.22249018624762873
6225394 -0.22857538582928089
6225851 -0.21809197638237793
6226297 -0.21436891394361612
6226763 -0.23668341198010123
6227236 -0.21909036690096828
6227687 -0.21582223553051644
6228138 -0.22239554150090657
6228614 -0.22527741404032964
6229092 -0.21684413256830043
6229546 -0.20247935077113943
6230004 -0.21900045486809838
6230489 -0.23295582850876723
6230965 -0.2149813169515994
6231418 -0.21088389423146287
6231883 -0.2178495361893188
6232376 -0.22368584845635642
6232845 -0.21799126407274033
6233297 -0.22245160367590944
6233764 -0.22461301873539585
6234231 -0.22631899149040402
6234680 -0.21168067292323284
6235133 -0.21853783801478216
6235613 -0.2285618732737945
6236090 -0.21543262770603855
