2281085 1.4089740464794445
2281414 1.6349168349469874
2281738 1.4847364967960062
2282060 1.4607282521594103
2282386 1.5908890443418593
2282715 1.6516135629659803
2283042 1.5264032936393113
2283372 1.6076852463409943
2283709 1.638899310013008
2284050 1.659065238778783
2284392 1.6285094790315937
2284731 1.5101185556800878
2285072 1.5177930411966398
2285419 1.633676700702149
2285766 1.662272410433011
2286110 1.6507620479158764
2286452 1.5111894207127472
2286794 1.6078778320165894
2287139 1.6760847836168324
2287480 1.5342311527784585
2287818 1.5524717164235309
2288154 1.6596347812220014
2288492 1.6867175447256586
2288830 1.6346623465613972
2289165 1.4646501208191858
2289499 1.6496520501679823
2289838 1.6149092445558557
2290170 1.5502044270462665
2290501 1.4560880282348192
2290829 1.4254049922800862
2291160 1.5697388414897229
2291491 1.713553154155999
2291815 1.4049321389013527
2292139 1.2457220112854381
2292462 1.3908294202489713
2292785 1.6636849900747348
2293109 1.5799248797000582
2293431 1.3092369451310761
2293752 1.2210031304089957
2294074 1.3759477232758401
2294398 1.4112103046980315
2294723 1.4145045222106232
2295048 1.4905477254256154
2295370 1.2658320237248057
2295694 1.0689454603411352
2296017 1.4484452173539966
2296342 1.4608808952627104
2296667 1.0951943440282825
2296991 1.299469636992339
2297316 1.4557969494186112
2297641 1.4536463339970587
2297964 1.4279079890991069
2298285 1.2339975531776242
2298607 1.3520443533956175
2298927 1.4319302899231636
2299249 1.398161284333875
2299568 1.249268922749842
2299887 1.383387891209628
2300206 1.369748279792544
2300527 1.557218783877921
2300845 1.2771788004769205
2301163 1.2041073675830052
2301483 1.4531262380441388
2301800 1.4385570731161947
2302111 1.2595730863958436
2302424 1.4752437190284917
2302737 1.6697493785934658
2303049 1.620041761729285
2303359 1.538640524616921
2303670 1.4075322882276615
2303982 1.550424263941847
2304294 1.324553079890355
2304608 1.3573089037527437
2304925 1.4506415966150588
2305239 1.4376789726428143
2305551 1.3397475599373037
2305867 1.5067683092537034
2306185 1.5785010558606534
2306499 1.3486101218648816
2306813 1.3296245049131699
2307131 1.470358723879001
2307447 1.4172594284852005
2307761 1.2965594173715838
2308073 1.284900603597046
2308386 1.4143152972874824
2308698 1.3635956754019294
2309012 1.285478737417833
2309326 1.302635608721741
2309643 1.539202198923158
2309962 1.5768530829474374
2310281 1.3152105970669332
2310603 1.528780440825403
