5757323 1.392816338284601
5757717 1.2545045222844924
5758121 1.3867412629204245
5758519 1.3405945191465944
5758912 1.2972879044485595
5759316 1.3501387429548488
5759710 1.2583949117607907
5760103 1.3553096456393718
5760504 1.3466113000313837
5760901 1.2476657570475285
5761295 1.3305270281640276
5761696 1.3903927430524943
5762091 1.2064713149275457
5762489 1.3514790013794002
5762893 1.4280596598669124
5763291 1.223085569169922
5763688 1.3772018820869696
5764094 1.3964895922678813
5764490 1.2369894956132002
5764889 1.4229013793935912
5765295 1.4466475575620614
5765693 1.258373387840245
5766094 1.3932416196225894
5766500 1.4074171481213655
5766895 1.238665498870091
5767301 1.3665129995021468
5767703 1.3370103135081135
5768099 1.3160522962656827
5768503 1.4113188727550248
5768904 1.3441195114794815
5769299 1.336334905062838
5769702 1.4279657914118795
5770098 1.2198885474247048
5770499 1.353993099118374
5770902 1.4060851562749936
5771295 1.2902019071243298
5771701 1.3770692389549337
5772105 1.3100678132690016
5772504 1.3337643794952214
5772911 1.411616303722997
5773309 1.2099739880849723
5773711 1.3995416525986895
5774117 1.3740641040182262
5774517 1.2296270913110448
5774922 1.400184460317576
5775332 1.3225873578246585
5775732 1.3071719273948434
5776140 1.3781327152101959
5776541 1.291527714617612
5776940 1.2970549916489058
5777345 1.430393573331446
5777744 1.333020950314812
5778141 1.3107089790585058
5778547 1.3865261103901436
5778951 1.34677851645999
5779345 1.2405182584457113
5779749 1.3873918932025981
5780152 1.3295219404308223
5780552 1.3178946198763026
5780961 1.4552141448652978
5781369 1.3742650908473975
5781767 1.353533159622871
5782181 1.3911270905901463
5782585 1.3220669144273698
5782988 1.3325817741601065
5783404 1.3787341726414617
5783810 1.2950111937425905
5784212 1.2521764950830512
5784625 1.416556433502955
5785028 1.2950476179803765
5785430 1.3626274750212795
5785841 1.4615018161351108
5786241 1.3124310183362544
5786643 1.4226578913272334
5787050 1.4360508878639517
