1172491 -0.15970260424725446
1172900 -0.19387107231329792
1173301 -0.10591182348019434
1173706 -0.04654634425066129
1174099 -0.11367167924631438
1174506 -0.06681371898375887
1174916 -0.18490503774386347
1175308 -0.2477916685849847
1175700 -0.23614524401461867
1176096 -0.09612052278215122
1176504 -0.07280410758476408
1176900 -0.08823897999548824
1177316 -0.09335506457517884
1177743 -0.08373576237097724
1178174 -0.11993335116010684
1178594 -0.11114229393182445
1179032 -0.13596562531118644
1179478 -0.0813934971055319
1179903 -0.20910249232089484
1180321 -0.2142179882327876
1180767 -0.19768364500751934
1181214 -0.2507048785133378
1181648 -0.21365787642173187
1182091 -0.2987394923991422
1182541 -0.23067264316367572
1182969 -0.2606555987751149
1183400 -0.18501324832291866
1183842 -0.2085463896812272
1184273 -0.14749084622509723
1184692 -0.24863670886642775
1185128 -0.25882163820515186
1185556 -0.20331031515050169
1185980 -0.2646366119404232
1186419 -0.2681421341856164
1186851 -0.15359996310005364
1187270 -0.1591784920367324
1187706 -0.19893799206064317
1188136 -0.23437765530466131
1188553 -0.18492143458891463
1188976 -0.1580650182553005
1189413 -0.19050282193636714
1189849 -0.08673097509821959
1190280 -0.22892517352712288
1190706 -0.17603425033174958
1191114 -0.17729728803578837
1191540 -0.17569846921909482
1191961 -0.17897275325648132
1192378 -0.15528443524427638
1192783 -0.20605207952455257
1193212 -0.1763208026010019
1193634 -0.17092802156974252
1194060 -0.12746371389180805
1194496 -0.12357386313503194
1194907 -0.15673436535156315
1195339 -0.2009888098684186
1195774 -0.1441924309047118
1196201 -0.24517182205256471
1196631 -0.16124989274168633
1197054 -0.12984666544318307
1197476 -0.1462234902101353
1197886 -0.14837145348922065
1198300 -0.08516010143013697
1198710 -0.21074538735611414
1199111 -0.19339122228834632
1199523 -0.19030575311357983
1199926 -0.16145015183474865
1200324 -0.19118954781115494
1200720 -0.21404757867110746
1201115 -0.11335643946030399
1201513 -0.18118162742863286
1201924 -0.13761336169419247
