5158277 1.4831994972282387
5158742 1.4793165228982743
5159179 1.335555402040817
5159648 1.4686154757239689
5160139 1.486130747962076
5160604 1.429406655535639
5161048 1.339745643476711
5161521 1.4677922090695594
5161996 1.5046901174283118
5162444 1.3794348338359823
5162897 1.4587038807677781
5163373 1.4953244840564968
5163849 1.4945367541177474
5164296 1.3604408595606587
5164771 1.4692336514451703
5165250 1.4771837371564391
5165711 1.419603620655694
5166159 1.3855513936418673
5166632 1.4770483639959149
5167108 1.5114173278264458
5167558 1.358720147172753
5168019 1.4341247213391655
5168489 1.476625379928372
5168953 1.45118373986632
5169400 1.374141367038002
5169869 1.480679956202573
5170346 1.5136191839773478
5170803 1.380254575160514
5171261 1.4090878339766224
5171742 1.4876743564515915
5172216 1.4813274023335832
5172665 1.378946201939327
5173137 1.456781215827227
5173618 1.4884483926998306
5174076 1.4011999037726948
5174527 1.3906532674669212
5175004 1.467374720709016
5175484 1.5165193246712279
5175933 1.3473258106591028
5176399 1.4287171075345648
5176880 1.4783780702558529
5177352 1.483343137815717
5177801 1.3711249826415348
5178276 1.4594556650077892
5178756 1.5040115871007629
5179212 1.3803134197054638
5179677 1.429602608086543
5180151 1.4589909694644918
5180622 1.4754741246292928
5181090 1.563646677344304
5181528 1.2105482678465256
5181979 1.4960515824832168
5182416 1.4854085671819204
5182836 1.3024275085978159
5183283 1.4098934370441074
5183752 1.4787562742082196
5184193 1.2972127945970462
5184658 1.4156717765143623
5185129 1.423991651612992
5185574 1.2609248879605977
5186026 1.3343528278846544
5186500 1.412974128865163
5186969 1.4381221461375326
5187413 1.2774837627807711
