1741674 -0.28952971861751964
1742071 -0.27383567078027427
1742476 -0.3186884106427631
1742898 -0.319017994564723
1743304 -0.24858334999029486
1743737 -0.31687565601506884
1744171 -0.29733627351980396
1744601 -0.25590163803314103
1745061 -0.44923904398918596
1745484 -0.4441708404096114
1745935 -0.18927611916392273
1746404 -0.34634347906145313
1746856 -0.36757103061754653
1747326 -0.3218598047237553
1747777 -0.3252653891217946
1748253 -0.3416840048350619
1748742 -0.349560213299936
1749244 -0.401064595977108
1749706 -0.2941745631330065
1750133 -0.28720334374291767
1750560 -0.4436874703445848
1750974 -0.267749353540752
1751384 -0.3593134632194439
1751760 -0.326686111886893
1752128 -0.2806292244252211
1752497 -0.2934419691690645
1752854 -0.2910658600181585
1753207 -0.2997881363435815
1753570 -0.35821130687000236
1753925 -0.35263479512170026
1754275 -0.2887100158694842
1754626 -0.29727672479419587
1754986 -0.31353913108979703
1755343 -0.3620172775725238
1755695 -0.23210911904577958
1756054 -0.43071933108014626
1756415 -0.2509202167254223
1756776 -0.3144153547255959
1757134 -0.3198922636122963
1757494 -0.33197216013804365
1757857 -0.28896118716561414
1758224 -0.33721192491565755
1758578 -0.2647380500378904
1758953 -0.3810860567748471
1759317 -0.2854640956402231
1759683 -0.3577015512920251
1760041 -0.24027251830902774
1760398 -0.36667866820217754
1760766 -0.3768411550741779
1761129 -0.25507981058539375
1761485 -0.15834832167867474
1761846 -0.2904421055015909
1762213 -0.25420898003683495
1762573 -0.37003676387818735
1762937 -0.36839784251065943
1763294 -0.28831166444561496
1763648 -0.29942537306887085
1764000 -0.2153401672761197
1764362 -0.27527639762083855
1764723 -0.18246039534895564
1765079 -0.34487835549033585
1765449 -0.3474588779160891
1765824 -0.4081058986951308
1766194 -0.3950657547654316
1766554 -0.28051027815921936
1766915 -0.2745169872505373
1767287 -0.44594339328665145
1767648 -0.32188079514064005
1768005 -0.3222426329024042
1768375 -0.3186452644227978
1768739 -0.4773998742098276
1769096 -0.22455269092229024
1769455 -0.26054403154474937
1769819 -0.37867165057847996
1770175 -0.25909913693891795
1770534 -0.3693995823712648
1770891 -0.2668221437488313
1771248 -0.2716615426644341
