4229185 -0.08784159937374192
4229629 -0.07351113695919653
4230075 -0.07888099208997112
4230514 -0.1096531279398899
4230934 -0.0923863201645454
4231363 -0.08927945064098819
4231789 -0.08063405747057445
4232229 -0.0753492626502949
4232681 -0.08463645969659805
4233127 -0.08865507338309203
4233561 -0.08398864121199306
4233996 -0.061968284333162316
4234434 -0.0815531970292519
4234862 -0.07140792491030984
4235298 -0.06722589889276048
4235743 -0.05593161233738847
4236176 -0.07660735216021947
4236626 -0.059651590953573974
4237074 -0.04493956556920875
4237517 -0.061347426605845135
4237941 -0.08344084399903068
4238385 -0.07432991032868547
4238837 -0.05705802672878263
4239269 -0.0907169602490025
4239708 -0.044083897370805425
4240147 -0.08264268102469297
4240587 -0.05714043751416531
4241031 -0.0841222645556497
4241467 -0.06751104174725947
4241902 -0.06710688019191158
4242351 -0.07084476764095121
4242785 -0.09381175422623594
4243208 -0.10177900549320279
4243626 -0.10239505465950516
4244051 -0.10647866864816907
4244472 -0.07620841952133439
4244920 -0.09501774097493232
4245371 -0.09038022634010623
4245870 -0.18167883567904253
4246251 -0.06968224859159368
4246803 -0.03283461201968346
4247153 -0.06205489554935428
4247586 -0.07940738570525196
4248002 -0.05867349818493384
4248430 -0.09227669343374412
4248842 -0.124267076110257
4249273 -0.03752847099500678
4249691 -0.11299126089505018
4250221 -0.05817885123996436
4250549 -0.390831322770455
4250936 -0.264353491512493
4251352 -0.1972621678833033
4251758 -0.10307847125716374
4252163 -0.11550799281421154
4252565 -0.3079312197642522
4252975 -0.09874857292397476
4253351 -0.23972242078313039
4253752 -0.12011949415959433
4254141 -0.10301341449182982
4254590 -0.07497708428013133
4254925 -0.09673341232808547
4255319 -0.0863235562792663
4255716 -0.32296186614449846
4256112 -0.34962496599407344
4256510 -0.3128511405579971
4256902 -0.252301746844808
4257297 -0.2358735267264383
4257687 -0.24493170255310162
4258076 -0.14171092383675526
4258496 -0.22138844462065166
4258859 -0.07620718181519937
