3629971 1.5735777768672519
3630372 1.4958770275020008
3630767 1.382124494758227
3631186 1.4975172813938307
3631606 1.5686508429378625
3632024 1.297815329875525
3632437 1.2507843656495075
3632860 1.2127778628895727
3633290 1.2908350818972325
3633709 1.2483453693376314
3634146 1.3785386736317418
3634583 1.4877442276676822
3635011 1.3653288865657878
3635442 1.3493861170428516
3635876 1.4183340979661478
3636313 1.2082154831752632
3636745 1.0025263965705986
3637172 1.0120667532246133
3637604 1.250550665247663
3638034 1.5420464812481318
3638465 1.5976442530180592
3638884 1.4194194616285998
3639324 1.5054260701523177
3639762 1.4591623285379212
3640187 1.378065411505141
3640617 1.5301038893382155
3641036 1.2919958986998137
3641462 1.4564825421730285
3641861 1.335994800026922
3642275 1.339666517182262
3642692 1.4923177134412327
3643105 1.4852296978837671
3643527 1.4143826530323795
3643936 1.5067569337213549
3644365 1.7023133701919613
3644793 1.7188196870337082
3645207 1.458327934996532
3645630 1.556474315950774
3646050 1.5792820609434042
3646455 1.4036393163650591
3646885 1.6277635399178445
3647309 1.6413523620026755
3647729 1.280750492485888
3648145 1.506619384198609
3648566 1.4635707961423987
3648984 1.517863246489234
3649388 1.28079451800296
3649783 1.0778374063517797
3650180 1.0232417936979956
3650574 1.5129851330609716
3650968 1.3378185085470464
3651387 1.554554624237014
3651812 1.621594393294652
3652234 1.7386023893694902
3652657 1.6395174302793136
3653062 1.363961957701994
3653483 1.369055436541403
3653922 1.4839637925034348
3654330 1.431976744054144
3654757 1.63131511062514
3655184 1.6683632611157506
3655605 1.5416547731341779
3656016 1.4323079322642998
3656443 1.6582478572158492
3656855 1.3508350102403726
3657273 1.3081259485799337
3657694 1.495551036771174
3658121 1.3223034841608006
3658555 1.406700137963661
3658996 1.5997810744821535
3659442 1.6516929880587354
