6027382 0.4387555402503638
6027851 0.5163234192688839
6028325 0.5102197901163472
6028781 0.4431290540732226
6029235 0.47325023403296845
6029712 0.527649628991159
6030188 0.4785686091083867
6030642 0.43159318451194795
6031115 0.513491131527206
6031609 0.5364596091403813
6032079 0.44738536502544635
6032549 0.4658318934965057
6033038 0.5169890527566297
6033517 0.45902328467260844
6033973 0.44085783536903156
6034452 0.5172088740526176
6034927 0.4713623649805294
6035377 0.4230543734013388
6035839 0.5195604074345819
6036303 0.4930754984628452
6036745 0.43375828633769276
6037208 0.5152051593018291
6037670 0.4800774772047759
6038113 0.42428829699169224
6038571 0.5099694709241941
6039038 0.5288701108013905
6039491 0.44943455825553297
6039937 0.45600326077580366
6040396 0.5218914156885596
6040845 0.45415247234392014
6041285 0.4213405387811522
6041736 0.5158224559975315
6042195 0.5235018776861027
6042639 0.4398709834836879
6043090 0.4499018334675671
6043576 0.5227769539771634
6044092 0.4956186887311618
6044578 0.4595373598579919
6045103 0.5382435860353427
6045624 0.47889775079402636
6046139 0.5111995309871253
6046665 0.4922104193886129
6047150 0.4352567210263686
6047645 0.5142577415055157
6048140 0.4760878816651767
6048607 0.45492180509529606
6049091 0.5267822340950731
6049570 0.4936215298603305
6050025 0.43937309360320376
6050494 0.5026343892273089
6050979 0.5222127533196538
6051449 0.45853569997314675
6051933 0.5226411559382065
6052432 0.48138968576244884
6052909 0.4437259380357372
6053419 0.5233000304684245
6053929 0.4841828728252725
6054404 0.44503030896976714
6054914 0.5254507036772957
6055404 0.4755562641065726
6055865 0.44849952015680733
6056346 0.5145100540118293
6056826 0.4872662987230072
