2550957 1.2951279171562702
2551397 1.4040388927758531
2551830 1.3554902349182005
2552254 1.2336556802970764
2552688 1.3928435603179619
2553123 1.4345906549180174
2553559 1.3284898564725558
2553987 1.198024717778294
2554415 1.327088134534519
2554851 1.434412365010111
2555285 1.3895590962561686
2555710 1.1936565240920256
2556135 1.336380430656867
2556569 1.4686817676966473
2556994 1.2866649815052886
2557416 1.2825732025392091
2557849 1.4128763139750107
2558282 1.3508638338235037
2558707 1.205687028687045
2559139 1.3266663787431114
2559574 1.377004503732537
2560011 1.403053521959665
2560443 1.4639383972138778
2560871 1.2818560023575691
2561291 1.3902223198604975
2561722 1.4677818393821462
2562150 1.4935882530855167
2562580 1.5115946483246783
2563003 1.3073960604035049
2563422 1.2899562887049896
2563847 1.4579142521207236
2564272 1.4772772064017314
2564688 1.454730956758186
2565099 1.4667692808693293
2565505 1.2815657748781208
2565914 1.235601682018614
2566326 1.422518595672865
2566745 1.3937493460671941
2567156 1.3025655107358936
2567577 1.4035187565999203
2568003 1.4641139609543299
2568422 1.3173160708497287
2568843 1.354398021408962
2569270 1.3955859788278826
2569692 1.4385753589437777
2570119 1.3886872835265254
2570538 1.2361750635586968
2570961 1.3499222131396857
2571391 1.418541589516346
2571815 1.4483161586847693
2572246 1.3788592031886961
2572666 1.224987663580021
2573088 1.3262759512683446
2573519 1.4379604056950046
2573941 1.4542723311030026
2574359 1.3260585621604697
2574774 1.2424217762434648
2575192 1.3587510842501327
2575617 1.4412602555846958
2576036 1.4424293969510942
2576457 1.4213906907843032
2576878 1.3356660662418587
2577294 1.2235022898018346
2577713 1.3409777713394904
2578134 1.4400906619328566
2578551 1.4065904625903805
2578962 1.2143341041968505
2579377 1.2876765457499317
2579799 1.4510068248138686
2580223 1.454255489164599
2580647 1.324496374988476
