4828844 -0.10819925801542346
4829321 -0.10754734791039
4829788 -0.10762239868451151
4830277 -0.10046489864136804
4830768 -0.10660163851836807
4831236 -0.10799560086507082
4831713 -0.11632501663535033
4832206 -0.11053275960183612
4832674 -0.10498018576662216
4833145 -0.10278122877211948
4833640 -0.11011104133818905
4834109 -0.11653189709285583
4834578 -0.10122408963255591
4835060 -0.10682925346437916
4835537 -0.11420017422277229
4835995 -0.10316086335654762
4836475 -0.09969625618680034
4836959 -0.09865970339063096
4837422 -0.10665147196258923
4837884 -0.10750203734231867
4838369 -0.10569247679335253
4838841 -0.10851588009133578
4839306 -0.11509489780135795
4839787 -0.09981426470390387
4840267 -0.10622801550899996
4840723 -0.11340856300285374
4841207 -0.11014801919980582
4841693 -0.09899871161271101
4842149 -0.10358445651058823
4842608 -0.10875979513399237
4843093 -0.10777684427450096
4843567 -0.10940736188619626
4844025 -0.10249551139160135
4844500 -0.10357341413764654
4844976 -0.11101095433580688
4845436 -0.10085060273493712
4845918 -0.10479588023864123
4846409 -0.10242490042172153
4846873 -0.10474428541594855
4847367 -0.10395134771215986
4847868 -0.10201436461250724
4848340 -0.09986005085068295
4848800 -0.1042262130592701
4849293 -0.10670251880280324
4849783 -0.10667445060007252
4850248 -0.10697271469696096
4850741 -0.09582742144770234
4851238 -0.10449848203251222
4851705 -0.10567635995793317
4852178 -0.11037180847155004
4852672 -0.11278759587937714
4853154 -0.11765054370253414
4853622 -0.11155698580680062
4854102 -0.10836316436814347
4854597 -0.11011493981441334
4855065 -0.0999555651147947
4855550 -0.10765042412452669
4856060 -0.11021342644759036
4856546 -0.11804993022078947
4857020 -0.10950283464600863
4857527 -0.10679021407744882
4858034 -0.10194809791120896
