4858509 -0.10327639294392321
4859008 -0.10614405022731743
4859515 -0.09987910127661537
4859992 -0.10929763107733331
4860462 -0.1083591239702516
4860959 -0.10609424495089426
4861468 -0.10495156742867151
4861937 -0.10552893826140886
4862431 -0.10846545357905868
4862926 -0.10865739242579336
4863390 -0.10689818288179892
4863868 -0.1154459515677218
4864356 -0.10075893393306878
4864829 -0.10671101172598091
4865294 -0.11212502462752166
4865780 -0.1091544151272798
4866275 -0.11485253335002277
4866742 -0.10172002076431819
4867226 -0.10580272006074187
4867724 -0.11004787052488119
4868196 -0.1063394853809394
4868675 -0.11169576164639822
4869174 -0.10442243879266128
4869684 -0.10950209811085826
4870157 -0.10890898494361018
4870654 -0.10766927041087099
4871153 -0.10239434779467632
4871629 -0.10425220217051795
4872127 -0.11038230524028236
4872619 -0.11718864311013905
4873088 -0.10410065003317404
4873584 -0.10024442945109902
4874083 -0.11233578499102753
4874570 -0.10711499282183051
4875048 -0.11337722525996319
4875544 -0.11143005582617943
4876033 -0.10803952887392698
4876500 -0.12028041026956526
4876992 -0.10465635187436462
4877480 -0.11542066108504823
4877946 -0.10398679177298875
4878440 -0.10138012531873386
4878934 -0.11042930530345113
4879400 -0.11882584749524588
4879882 -0.11016228631253278
4880383 -0.10399184367389619
4880854 -0.1067746084664647
4881340 -0.10513595572254097
4881832 -0.10258518564477198
4882304 -0.11906298069505811
4882773 -0.11270120380901649
4883270 -0.10235395370338524
4883752 -0.11490819736476177
4884218 -0.120292810523007
4884709 -0.10141507115787396
4885209 -0.10533532372615562
4885678 -0.10500910184786483
4886167 -0.10457614681696142
4886667 -0.10907359550579954
4887148 -0.10081808654870672
4887616 -0.11152871224356353
4888114 -0.11004418120801918
