6356882 -0.29048184776863506
6357255 -0.31445482605873026
6357632 -0.30261673441774234
6358004 -0.2699524666354217
6358375 -0.26985474215912836
6358752 -0.35431269542130284
6359128 -0.28595398865874544
6359518 -0.24889262274845358
6359899 -0.33522738021891274
6360293 -0.21570580963823402
6360672 -0.2892591085089077
6361117 -0.23275619574644063
6361525 -0.3025686725217563
6361794 -0.18186057145291973
6362165 -0.14168219394740456
6362533 -0.34212551594349006
6362890 -0.30217561478069055
6363261 -0.3358628032517139
6363620 -0.2928051777491851
6363978 -0.27935844349031524
6364337 -0.25503667502205
6364705 -0.3857285558506547
6365075 -0.35316103701622714
6365447 -0.36974041350743586
6365817 -0.3317015790967163
6366187 -0.2970360549346344
6366551 -0.3201799326192968
6366925 -0.2965285672714578
6367304 -0.32056972874019973
6367684 -0.3446570946907048
6368062 -0.2993259119869972
6368437 -0.3772862187107393
6368813 -0.33428626694409813
6369202 -0.31856490888124667
6369600 -0.31923819284614185
6369994 -0.3593464714727709
6370383 -0.2933401242322192
6370771 -0.37199684068087335
6371164 -0.3884803364548033
6371555 -0.3552847366277474
6371940 -0.31912466290146424
6372327 -0.24140733339401366
6372715 -0.38370917406551186
6373109 -0.4539060561507231
6373500 -0.34541008475043955
6373884 -0.31003565989923615
6374276 -0.3286566813142039
6374671 -0.3384014611326622
6375065 -0.3802375149055538
6375541 0.0
6375831 -0.30232137330480846
6376218 -0.32098513976086895
6376605 -0.37986196483112167
6376981 -0.32433512530609865
6377355 -0.25675304383706266
6377743 -0.32911895875840214
6378126 -0.3376902613571777
6378504 -0.3306447888740123
6378876 -0.32607711379653515
6379253 -0.317488724995164
6379636 -0.31326141379108097
6380011 -0.3679057884177236
6380391 -0.35005342882125445
6380771 -0.31635952774396214
6381145 -0.36158617773513535
6381524 -0.3271706353903516
6381906 -0.3692628930227252
6382282 -0.321739702782588
6382652 -0.316903967072825
6383025 -0.3750172345320001
6383400 -0.3529423649246244
6383767 -0.3519853938001346
6384140 -0.3535219798479131
6384519 -0.34830269052371166
6384893 -0.37921215361635763
6385269 -0.3779620016840991
6385635 -0.32644585895081735
6386040 -0.32164292853709686
6386458 -0.0036908070144765492
