543160 -0.13755635871464056
543599 -0.1395822094668553
544059 -0.10855761222197274
544533 -0.1271459572791268
544984 -0.13377224662838938
545426 -0.12482928075048128
545893 -0.11161319790704921
546390 -0.12450321698260436
546845 -0.12852474785436996
547294 -0.1116491100937187
547777 -0.10138498550266711
548246 -0.13938324911810107
548689 -0.11330589499466998
549165 -0.10402265582733439
549640 -0.12381851579401187
550077 -0.1286041739573301
550524 -0.10463494531099982
550983 -0.11059281648647751
551418 -0.1262931146773687
551853 -0.12028619707334487
552310 -0.10299616018245839
552768 -0.1366124468674918
553199 -0.12068129130323646
553641 -0.10964530361038238
554104 -0.11748763577508381
554553 -0.13486465579629536
554984 -0.11251105705581743
555435 -0.10705136492984957
555898 -0.12269933451879222
556338 -0.13454271079172064
556772 -0.11677536650552639
557223 -0.10681298293009028
557665 -0.13728293486703425
558093 -0.12567305534287376
558522 -0.10468449673803215
558961 -0.11612977776525357
559391 -0.12030724028332429
559817 -0.1087200282925882
560281 -0.10138922951308416
560767 -0.1304641799234295
561214 -0.1275773927175276
561674 -0.11096283422911934
562169 -0.1096922003811791
562638 -0.13106712491685524
563083 -0.12246336415887132
563561 -0.10687859045401638
564046 -0.11664226217648643
564499 -0.13272276158602714
564946 -0.11394626128943991
565419 -0.1131109602771852
565882 -0.12581494541707072
566324 -0.1384455120125922
566786 -0.11175185910951163
567260 -0.1280951085802009
567720 -0.13642140989664603
568163 -0.12092829663300197
568634 -0.12143040367521257
569117 -0.13523025029104435
569565 -0.1489507917577667
570013 -0.1273897304563722
570483 -0.10573541152384691
570958 -0.1291368534764723
571403 -0.12519932797986166
571876 -0.11257375766531907
572344 -0.12568285032306553
572787 -0.13639735306722456
