3539936 -0.09286561204390281
3540404 -0.08805993016367625
3540890 -0.09084523259452287
3541387 -0.0902442318449444
3541853 -0.08988567249997598
3542329 -0.09472407080274142
3542821 -0.09279031584036168
3543292 -0.09310907433713272
3543763 -0.0970998895897302
3544257 -0.0909834837979906
3544751 -0.09428800519424163
3545216 -0.10007166071948836
3545705 -0.09395143611012191
3546192 -0.09307379681914191
3546656 -0.094221281692343
3547135 -0.09551804603793002
3547621 -0.0933779438094341
3548081 -0.08778798343206362
3548558 -0.09752173733018299
3549050 -0.09100274019810961
3549521 -0.0919767516950698
3549977 -0.09005876593799944
3550460 -0.0875495190117539
3550942 -0.09431290851239726
3551400 -0.09700407312959175
3551883 -0.0864483083514424
3552379 -0.0944250568896079
3552847 -0.09171950143322549
3553340 -0.09189511072269724
3553854 -0.08859784626785883
3554328 -0.09064316114257936
3554808 -0.09908091689605164
3555311 -0.09081168577129456
3555802 -0.0934723077007088
3556272 -0.09624747679765405
3556763 -0.08969458951168774
3557253 -0.09093391937287298
3557742 -0.08826226583614688
3558229 -0.0958553393341941
3558706 -0.09416126357337479
3559162 -0.0856556494486711
3559625 -0.08683821858388413
3560091 -0.09505083085311655
3560538 -0.08572980667843189
3560993 -0.09134779651316766
3561457 -0.09391216303910488
3561908 -0.090827648379593
3562346 -0.09494672076481941
3562798 -0.10279048287898707
3563224 -0.1505904737000836
3563641 -0.08426538485452639
3564077 -0.2530026235109979
3564416 -0.23932212556699906
3564482 -0.2937116298071387
3565019 -0.13138740535423998
3565309 -0.04952209271720387
3565716 -0.04546818105101469
3566121 -0.0443853871463773
3566524 -0.06606629539542225
3566926 -0.07156106518348809
3567315 -0.07760126948232667
3567705 -0.1190910309859551
3568092 -0.07912530565848716
3568477 -0.09429827376544261
3568861 -0.08403630239830985
3569241 -0.08839941544096122
