5217754 1.5428480647892804
5218195 1.5539923695780218
5218621 1.3487290287467917
5219045 1.4933215238738229
5219481 1.5615292462257648
5219923 1.5838086133984275
5220347 1.4043727154735917
5220771 1.4894404107148418
5221211 1.5813808440090278
5221646 1.5010776563296566
5222067 1.438002074050626
5222505 1.5892424840729737
5222947 1.5922804509577273
5223382 1.4688426001027133
5223804 1.464661692312971
5224242 1.5666592804448018
5224681 1.3700243227628397
5225111 1.429645080909644
5225550 1.3972941017902334
5225984 1.4851657899246513
5226413 1.536355171150198
5226842 1.6014046892476526
5227261 1.3691952437927584
5227659 1.2544636102526656
5228067 1.4081511775308444
5228483 1.4999212925001042
5228906 1.5218093584049264
5229324 1.3903298917801017
5229750 1.4855458851375687
5230191 1.5138952349965198
5230639 1.5203397734237802
5231086 1.4539532001921356
5231517 1.4099583243137772
5231960 1.545135914875957
5232411 1.5240498184556086
5232836 1.278876781522952
5233246 1.0028477580301804
5233639 0.9011645124798167
5234067 1.1806714416352255
5234495 1.3360850304123524
5234921 1.3900471540887884
5235341 1.4029450071672585
5235759 1.4017421769546279
5236164 1.2744628143098362
5236582 1.3539992808109913
5237004 1.3938287804357583
5237425 1.4138001521726467
5237842 1.3250303911195878
5238273 1.4155138591131802
5238703 1.4351016327674957
5239139 1.434442029873559
5239570 1.1932469652446769
5240004 1.298239066649725
5240432 1.29736105684957
5240859 1.3442505509444085
5241282 1.3635236950154253
5241707 1.4083167641752277
5242125 1.5032709301787806
5242530 1.2955848416516158
5242948 1.4281023268645467
5243348 1.177406475038712
5243744 1.269836462496703
5244151 1.3974781492601092
5244559 1.3955403906025219
5244954 1.3927368552010022
5245351 1.3714716949410986
5245763 1.3898231180368983
5246177 1.3534741506614654
5246590 1.2669394849777893
5247018 1.4102383366398206
5247455 1.4419221718764765
