483101 1.5104314023627656
483480 1.660159974250901
483865 1.6737637499742568
484243 1.5160052201943353
484620 1.575813635885143
484999 1.6544404412150493
485380 1.6937511312275733
485761 1.6430817359564776
486134 1.4826286303020662
486509 1.6145829418774271
486887 1.7250739436719846
487268 1.7254864417108116
487645 1.7484215648858066
488021 1.7420120704538151
488391 1.6726787688632783
488760 1.6545790752043392
489124 1.612629317069831
489496 1.804038865402763
489867 1.6480800932028155
490233 1.6315314865346577
490604 1.5866639638036768
490976 1.6377708010449732
491342 1.5258458416510265
491712 1.732576537851291
492083 1.7017650628368444
492449 1.5008172822405739
492817 1.7722907756408524
493188 1.7606544140313585
493554 1.4621356684371853
493920 1.6136733858239445
494289 1.6389291126509042
494652 1.515233677801893
495020 1.7025782224790658
495393 1.7027420750936226
495760 1.4039768517928417
496132 1.5564875662094446
496512 1.6435646543851257
496887 1.5741408238717018
497264 1.6565896161541864
497651 1.522482828151118
498027 1.50755753751856
498404 1.6180198272048159
498784 1.6495120495869808
499170 1.701377166608524
499547 1.626883926397744
499929 1.7026863103122247
500312 1.5053287121510033
500684 1.5224950861252278
501062 1.7436511552758907
501439 1.6907117397146754
501811 1.549139948086884
502189 1.689201234510117
502569 1.6596248250198127
502945 1.6759856916351767
503330 1.7334966070735611
503716 1.7820023444107334
504093 1.5625412663557148
504482 1.6076047007679128
504871 1.5699143008346854
505253 1.6796300166562488
505638 1.6785469542492752
506022 1.735784688924873
506399 1.6035448508347456
506780 1.7605069981892771
507159 1.7246971744607809
507533 1.7552539495409005
507910 1.6107183428467517
508285 1.7125748105024425
508655 1.668697189638801
509033 1.62149049308272
509413 1.6900130814969663
509784 1.4054847578519274
510160 1.5964398898340133
510541 1.718027194233051
510919 1.46989081855534
511298 1.5782733637909288
511679 1.6614649778417272
512057 1.5243277277924583
512434 1.6331970159278524
512815 1.7054358093482587
