3030108 -0.09284481276389478
3030582 -0.09915623828868358
3031044 -0.08667290870548983
3031526 -0.08224879576423927
3032031 -0.09084165958608564
3032512 -0.09230940028317924
3032996 -0.0975734169359661
3033506 -0.09307063889242018
3034009 -0.09689199240692487
3034489 -0.08415761852181114
3034992 -0.09584787343935175
3035500 -0.09580704377905619
3035979 -0.09030477457528563
3036487 -0.09001421458734227
3036996 -0.10381257500351199
3037474 -0.08539063794048896
3037960 -0.09421203395840705
3038473 -0.09216585238970221
3038970 -0.09946021293926571
3039445 -0.0972938819898776
3039948 -0.09180494903600628
3040450 -0.0982207442241575
3040922 -0.09736129546271893
3041428 -0.08997484878028145
3041936 -0.09860320245935095
3042416 -0.09086522025001748
3042917 -0.09666198425154182
3043424 -0.09098931358975704
3043905 -0.09043070664180791
3044388 -0.09720269483671823
3044893 -0.09901464618312139
3045377 -0.0933319958153635
3045848 -0.09788926304929813
3046359 -0.09055968806482606
3046869 -0.09057515904652191
3047353 -0.09168106285970917
3047872 -0.09264662370792354
3048382 -0.09271737142573766
3048864 -0.09058892399934126
3049375 -0.09706534383727183
3049898 -0.09089413518131373
3050381 -0.09497806684929044
3050880 -0.09272085385916251
3051387 -0.0867484218632456
3051870 -0.0943202475852224
3052364 -0.09185333136939028
3052871 -0.09348207028063532
3053353 -0.08747884915530924
3053819 -0.09229069011358015
3054307 -0.09106980789222557
3054807 -0.10023072751986861
3055280 -0.089833253828415
3055795 -0.09313884668820971
3056321 -0.09491250391186257
3056806 -0.09237589453067502
3057317 -0.09896905484448837
3057832 -0.09469241467431694
3058314 -0.08990372917436784
3058817 -0.09116593322129568
3059331 -0.09628303365972002
3059823 -0.09349344034348761
