362 1.6126523549413547
780 1.5728918183997678
1186 1.3976510039080012
1589 1.3899210878861297
2001 1.605876443420639
2414 1.6277485101520628
2826 1.628007127398143
3236 1.6135007114129527
3646 1.4669648924235894
4043 1.3097962751899566
4453 1.5494865016552835
4870 1.6484714974285406
5288 1.6558035885181117
5694 1.4163547063676882
6094 1.3789420698362063
6510 1.6008291983240546
6923 1.6373979860670258
7332 1.6191624796875095
7739 1.5610439002381185
8135 1.3544885627443275
8535 1.5068542892255885
8943 1.6192488684551232
9353 1.6300729497097743
9755 1.4513402761225496
10147 1.3736188234032634
10549 1.5743011419151363
10956 1.6145813055012441
11365 1.6145496388145353
11772 1.6042922758158713
12171 1.3982007246208437
12566 1.425601539410483
12973 1.6093595625246837
13388 1.64536035102219
13804 1.5625472347872513
14204 1.3867157368004144
14621 1.5803367944276805
15040 1.6222712438073925
15458 1.5390822574328618
15856 1.2988720638002542
16259 1.5031868794259826
16671 1.6269650838147507
17083 1.6288869134622246
17495 1.5984065010791872
17893 1.3395160420731054
18295 1.491887239173356
18710 1.6172398515024873
19123 1.6145220420215403
19521 1.378676592769852
19924 1.5363051508038383
20337 1.6170713862969484
20752 1.591912396427743
21151 1.3490306069594358
21555 1.52436864502263
21963 1.614986520038306
22368 1.620708195854804
22773 1.4740567726994733
23165 1.3691176593426797
23572 1.609515565513851
23977 1.6457162946991315
24377 1.470778538096757
24770 1.437962799493203
25174 1.59666208326826
25579 1.6188949118877571
25983 1.6018854282812574
26375 1.34316068087541
26773 1.5331905036750728
27177 1.6128566311611583
27581 1.6111215558534873
27973 1.3618429371661156
28367 1.4961240152794089
28773 1.617162424146012
29178 1.6103761703122743
29583 1.5116711162870138
29975 1.3719170857183252
30378 1.5930621244419603
30782 1.611269960976669
31184 1.6050351936675753
31586 1.5957357736677558
31987 1.5881414808851033
32390 1.5187322522157614
32779 1.3422900145282626
33181 1.6216817196632674
