4918439 1.4790401961861632
4918887 1.3553485628759308
4919361 1.483707743598969
4919831 1.5134013303254927
4920294 1.5353500496745838
4920747 1.3752289035342011
4921198 1.428600882415172
4921673 1.5220729863020919
4922149 1.5140365208715176
4922616 1.548063518882986
4923066 1.4129741709975472
4923522 1.440650103615544
4923997 1.5288695827490955
4924476 1.5217425004741596
4924947 1.4234052697223611
4925399 1.4252948095913156
4925880 1.5354923378332053
4926356 1.5815803653362415
4926822 1.4275077571260852
4927285 1.555697660667364
4927756 1.6327897848160617
4928220 1.4810494813451291
4928700 1.5937293090418494
4929180 1.601506280694284
4929639 1.3710411063757395
4930111 1.495938490201108
4930591 1.5322809873817085
4931079 1.5295067352572607
4931565 1.4686772854177321
4932037 1.447863728631806
4932527 1.5152254495343658
4933019 1.5258478341370616
4933482 1.3262498057615977
4933973 1.5345488774120908
4934458 1.5610353865558102
4934928 1.6398353548435427
4935390 1.4573329674605342
4935851 1.4464589770295013
4936329 1.5199432232076509
4936815 1.5232166409639407
4937303 1.5184536302401332
4937777 1.3826284013481493
4938247 1.4573173210921784
4938745 1.5222762366627356
4939240 1.5217449936859229
4939728 1.4327489166407577
4940207 1.539547529847558
4940693 1.535829555497539
4941175 1.4798863095780046
4941633 1.404158755618246
4942119 1.5533960074860276
4942596 1.573341788533292
4943050 1.4742218736199004
4943522 1.6252796933327345
4943991 1.504788893450759
4944462 1.54356378295661
4944924 1.4874024814339057
4945369 1.3797362679014198
4945843 1.5835228406171786
4946301 1.6195650721629726
4946743 1.4658264442419278
4947188 1.5133686329475924
4947627 1.3341470506272561
