6506757 1.4437686880536655
6507197 1.4680275830736151
6507635 1.192547031950725
6508077 1.3072378943711287
6508512 1.3097413386676917
6508929 1.4143175316681242
6509345 1.4259018559969383
6509768 1.240524391199544
6510173 1.0766958945184861
6510583 1.2032701334394824
6510993 1.3201828271835292
6511401 1.4750669711216908
6511847 1.4885771910527796
6512292 1.4814321221002589
6512745 1.492658734480227
6513183 1.298318900970763
6513592 1.1570914930112375
6514008 1.3098282074466152
6514406 1.2767314852646754
6514810 1.4808114057221147
6515210 1.520431219789892
6515610 1.234367350336567
6516014 1.3268429792073428
6516427 1.4203270756219366
6516830 1.4034279638983485
6517230 1.4584586862038011
6517638 1.460278772669965
6518029 1.2470173358674077
6518433 1.4323604158998682
6518842 1.456761260125175
6519255 1.4369731545339341
6519648 1.1507441357433152
6520044 1.266567713640136
6520456 1.4824837423845807
6520868 1.5004521786754839
6521278 1.4357786537163355
6521672 1.218105364998301
6522076 1.4252444430051945
6522483 1.4390276693552244
6522886 1.447006266551286
6523287 1.4521574461144926
6523683 1.3764776372920537
6524074 1.2418283521815825
6524505 1.4841106265844743
6524963 1.4593353592385725
6525426 1.4104432243709983
6525866 1.5054491871087539
6526311 1.4942437549519585
6526785 1.4990651520838978
6527231 1.2983795697760667
6527693 1.5129994621989962
6528137 1.5689993436155505
6528578 1.4975773546399203
6529005 1.248116186157306
6529425 1.3435574884766341
6529865 1.4997259652490826
6530301 1.4860148587697957
6530731 1.3651520641680897
6531155 1.2750954134276862
6531583 1.3688660323819342
6532014 1.3170959766704415
6532464 1.4894286985540077
6532902 1.650032035582826
6533323 1.4483195944727156
6533721 1.1353548333389427
6534128 1.2899616528878042
6534540 1.4185171832154297
6534934 1.4001899295691302
6535349 1.5267677912156672
6535754 1.4748246504917626
6536156 1.4600917228651653
6536557 1.4536092408808876
