1531871 -0.5279233088559293
1532236 -0.5035083037665165
1532606 -0.3999404673079281
1532972 -0.447633058918126
1533330 -0.6153314710232702
1533697 -0.5908842414367392
1534061 -0.4423968634035309
1534421 -0.39607905296696044
1534767 -0.4380480368575397
1535123 -0.42731981096751703
1535467 -0.35280667247383934
1535814 -0.3387782463293404
1536157 -0.33913435459590646
1536511 -0.2892976890758948
1536867 -0.4377025037764425
1537222 -0.310287630223272
1537565 -0.34000352595463157
1537925 -0.3899811694918246
1538284 -0.377102507803849
1538639 -0.37599304834870406
1538992 -0.5404750555897021
1539343 -0.27033525035728867
1539687 -0.3363233574570299
1540040 -0.44000389612177493
1540387 -0.27959821649103367
1540733 -0.511808891347089
1541082 -0.2837587563553958
1541428 -0.33204639362022037
1541766 -0.3846640630131425
1542116 -0.3790820589109273
1542458 -0.35055825909898053
1542799 -0.374532625341386
1543147 -0.24097893313864505
1543490 -0.3997248913822874
1543828 -0.34928247108618915
1544175 -0.4480195831245252
1544518 -0.4561042402722577
1544851 -0.3208592686271513
1545197 -0.4038752631135717
1545534 -0.39122492466953046
1545878 -0.38125387031918095
1546227 -0.2683259564164704
1546572 -0.32485401695952476
1546914 -0.4783298308762872
1547268 -0.3957555978878611
1547617 -0.331949189491485
1547973 -0.20151412429037102
1548328 -0.4038572590191112
1548677 -0.3749993316967497
1549027 -0.5162121955485584
1549377 -0.3765102855516801
1549719 -0.3818878759937675
1550074 -0.24905992446611147
1550422 -0.3724804291490807
1550758 -0.41511777640748226
1551100 -0.42005122047147114
1551447 -0.30014061562184396
1551795 -0.38368508787760275
1552144 -0.3300660861946098
1552498 -0.4201729329672633
1552852 -0.4490646761952046
1553215 -0.5012850532885474
1553579 -0.69297590137264
1553944 -0.3610949431614685
1554307 -0.6815912160975972
1554675 -0.4508904163392927
1555041 -0.3307949281709196
1555401 -0.5072380896837523
1555754 -0.40208045789181335
1556099 -0.42569887503286885
1556451 -0.4812696247279792
1556791 -0.19751074118587164
1557131 -0.32851940306248967
1557473 -0.4620459015515198
1557808 -0.1769552176664544
1558155 -0.31056574808486814
1558499 -0.35344505670481763
1558844 -0.3402825786818229
1559179 -0.38577460560096755
1559522 -0.3419381424168626
1559861 -0.4242610905648442
1560194 -0.275993259094963
1560525 -0.39984451977596525
1560863 -0.4301293008788948
1561202 -0.30354760705218786
1561532 -0.3917875656926585
