3509558 1.5858574419042906
3509942 1.4035626883219146
3510331 1.4434719092417527
3510721 1.4967716115951402
3511109 1.5384559645207423
3511488 1.3891833178759896
3511866 1.3766544427073415
3512249 1.5362726767852755
3512633 1.6136440873342717
3513012 1.4427819173687877
3513392 1.5057695992956706
3513779 1.608676998973319
3514169 1.5811148308540095
3514552 1.4377775560113943
3514940 1.5797992098520548
3515334 1.5998274273775284
3515724 1.4890840732194943
3516109 1.45390112167826
3516500 1.5742129818907977
3516890 1.6051044761627076
3517273 1.4338491616140883
3517662 1.4912058072560557
3518051 1.6107081274125774
3518439 1.4430030795375033
3518827 1.5409850099880038
3519210 1.4323318084783487
3519587 1.417072988024638
3519973 1.6039101890301124
3520355 1.6171479067457788
3520730 1.4972009196781002
3521113 1.6247377676316925
3521498 1.487884079336239
3521867 1.3489106271838316
3522245 1.5636422072025975
3522622 1.6297783824890881
3522991 1.5267819048292608
3523372 1.6736399334520746
3523750 1.590299064224301
3524119 1.5049900586852545
3524500 1.7542420017336986
3524875 1.1730006633751555
3525248 1.4711626085367646
3525626 1.7992452268188548
3525992 1.4733969069557258
3526356 1.3188172809430765
3526727 1.468539074007051
3527100 1.823016238725177
3527463 1.4064226281097838
3527822 1.2255480011035755
3528191 1.6134921554405068
3528555 1.2179651158393907
3528926 1.914323021934515
3529306 1.7770262381985698
3529674 1.5535659896937788
3530053 1.7574307551695016
3530440 1.849083543711093
3530815 1.527167616889856
3531191 1.6054482131950512
3531579 1.7622109621859492
3531964 1.6285952217784798
3532341 1.5484856760636871
3532728 1.6183001898018812
3533116 1.7113699628332422
3533497 1.552312704524212
3533888 1.7837360806325009
3534290 1.7025718503893024
3534678 1.5770879240608535
3535049 1.431678259716313
3535432 1.6871780570139099
3535816 1.760470647886518
3536191 1.4425470584466376
3536573 1.6310670503329672
3536959 1.5595947123309828
3537330 1.416670050309862
3537699 1.4043026348284369
3538076 1.6447874847426212
3538459 1.4672823243812665
3538831 1.4519744901678364
3539219 1.671550902916482
