1532067 -0.3394049725304602
1532471 -0.09794596200356764
1532764 -0.3864666845377118
1533114 -0.3987125062810524
1533468 -0.5788101968596082
1533819 -0.5144964594376982
1534175 -0.549004057576477
1534531 -0.4186417464813733
1534886 -0.5974530190627249
1535245 -0.3016294069514148
1535603 -0.46236765068066316
1535960 -0.4895677444568907
1536320 -0.5003410600431902
1536678 -0.5090349701502179
1537037 -0.6215231927975714
1537398 -0.3328932819706487
1537762 -0.32699135079993247
1538106 -0.41326413237433607
1538458 -0.3335253345593271
1538813 -0.40741772740544235
1539165 -0.3865470579373411
1539517 -0.5910135653696711
1539888 -0.23852090429169603
1540205 -0.3097375622413725
1540551 -0.38347274679167975
1540892 -0.24161442678540468
1541236 -0.22918762978985607
1541581 -0.18007117038646536
1541949 -0.1469650154356077
1542274 -0.19739055602673572
1542624 -0.176322205261067
1542971 -0.40049840202685744
1543321 -0.313231784059938
1543673 -0.3437097267124591
1544019 -0.3550588814599984
1544368 -0.27452528136619025
1544715 -0.3846069307563961
1545056 -0.35177604816567976
1545398 -0.29740770192462906
1545740 -0.258145081073446
1546081 -0.34510168240229033
1546427 -0.23517290191843077
1546772 -0.12596771226058412
1547121 -0.22838427188332622
1547469 -0.23422532321376277
1547817 -0.24162029946375213
1548179 -0.24386538633015664
1548520 -0.5285409636271937
1548872 -0.370710896627209
1549225 -0.20096270709965622
1549573 -0.24398715366686052
1549925 -0.2497999492761056
1550277 -0.3063871276799975
1550626 -0.41430167004257124
1550972 -0.45261996640465396
1551319 -0.5154878118925297
1551662 -0.4601364080775261
1552004 -0.5015746996820691
1552349 -0.5221815791435853
1552690 -0.650509443579268
1553033 -0.6024441345119658
1553373 -0.47967390618397565
1553714 -0.6004013279448116
1554055 -0.576989275266439
1554395 -0.4897860081017542
1554736 -0.4088628528737258
1555074 -0.400158136092823
1555414 -0.44881017023514724
1555753 -0.4309024518937189
1556089 -0.3610386960454447
1556485 -0.09708892913843359
1556759 -0.30808598952002253
1557090 -0.2834998118624932
1557427 -0.4151023416092503
1557761 -0.412263739821602
1558098 -0.3651755751685605
1558431 -0.43446367880397074
1558767 -0.45069578262617915
1559100 -0.4479121286196379
1559435 -0.4523745154690684
1559768 -0.39701692638486585
1560100 -0.2374225631926028
1560432 -0.42374262693972287
1560759 -0.3534890263239694
1561089 -0.4449515650305813
1561419 -0.345230725999615
1561742 -0.3436770977127366
