93657 1.4059264721862987
94051 1.3232375689433424
94454 1.3937054386971188
94857 1.4777321922329374
95255 1.3723658958442704
95655 1.5524745832882816
96052 1.4857137968083287
96440 1.3035340597490679
96832 1.465015050460242
97233 1.5573112551397983
97633 1.4731133387781485
98023 1.3517212402213636
98424 1.4646579630603365
98832 1.5314921368473005
99241 1.4678030002182831
99638 1.3194119719331314
100048 1.486896805994781
100466 1.5599340994654192
100883 1.4655399420414494
101283 1.342932443557117
101699 1.477522904929659
102121 1.53804512055451
102538 1.4069996553458002
102942 1.3533279249295798
103362 1.4864046138220584
103787 1.5357622727333375
104198 1.3676055897449215
104606 1.4255741783258746
105031 1.5055385111703121
105456 1.5107971594149747
105867 1.3333863275277138
106286 1.4622807229591153
106713 1.5206705084590943
107143 1.484677097915343
107557 1.3013208147894608
107976 1.4701828609037377
108405 1.5200166393081804
108834 1.5116505963848614
109248 1.3480356873906258
109668 1.470361100622895
110093 1.5121072698291878
110517 1.5009326627148671
110929 1.3385112397335313
111347 1.4730224767195894
111774 1.5302049484606868
112195 1.5255806015443298
112607 1.3408154918916826
113013 1.4263581694352
113424 1.4905530008247847
113834 1.4851024393029135
114232 1.302016128286831
114635 1.4079916752447177
115044 1.4877506252685917
115456 1.5231689101436112
115867 1.5013507966674033
116269 1.3275833986196168
116678 1.4342775021005059
117095 1.4903627758584188
117516 1.5048901192845894
117922 1.320696959199194
118329 1.4240370981580894
118741 1.5402324270709962
119144 1.5421935990222149
119542 1.5484430939997882
119942 1.4864742810876148
120330 1.2718022340325912
120721 1.4148417129613788
121126 1.5573492285614683
121539 1.5241438323562644
121932 1.3567788103786167
122341 1.4774333725517106
122760 1.5378386652179636
123180 1.5349824510260492
