6057183 1.0345706736277982
6057550 1.483149002284497
6057910 1.3323829657915494
6058277 1.399907429870936
6058644 1.445736395467016
6059017 1.4717942045272678
6059389 1.5263958910232525
6059757 1.2373519426467263
6060123 1.2976438609165786
6060494 1.413871077748622
6060863 1.5278767288525232
6061224 1.2778341030054534
6061591 1.3927894525197833
6061962 1.4462643421897794
6062319 1.1562099048574337
6062682 1.3813388968287055
6063031 1.159497894362995
6063382 1.3250405990517882
6063740 1.4691081485771669
6064092 1.5526971765068132
6064441 1.6823899882671618
6064792 1.5819678974996894
6065140 1.361788011666712
6065503 1.5434667062036986
6065860 1.608070920182786
6066213 1.2663963968240244
6066569 1.6695245779221706
6066926 1.59647036021329
6067274 1.4078845672512141
6067628 1.6738245422295681
6067982 1.6210026826061574
6068333 1.5237738906245086
6068687 1.6144047403925645
6069044 1.6624613247126
6069393 1.4936798320863751
6069757 1.6391222393448133
6070119 1.613279050753604
6070474 1.5502144455572608
6070839 1.66509130231008
6071205 1.6291595067380489
6071562 1.6076211694502773
6071933 1.7078207576462694
6072305 1.6813848831400002
6072663 1.4472921857199719
6073038 1.6004434648019663
6073407 1.6676989109936853
6073766 1.357987408056916
6074130 1.4380564780049645
6074491 1.34225546953646
6074841 1.0626111787440973
6075186 1.091048051166328
6075534 1.1279099224038307
6075894 1.5606979463698978
6076247 1.4821533164464398
6076599 1.3673496824032427
6076957 1.3221197984742938
6077320 1.3965336886660369
6077682 1.3606592610082382
6078035 1.1672805312430634
6078393 1.2172770394525132
6078758 1.282464086807927
6079128 1.428330692422187
6079498 1.2378347627870356
6079862 1.4150705593348158
6080214 1.2454430013044977
6080571 1.3288774354798967
6080939 1.3900488690667667
6081313 1.3608037089800233
6081683 1.461087112353869
6082046 1.3108214398397906
6082427 1.4878843878004877
6082802 1.4893999898727102
6083173 1.4997806070407913
6083534 1.4542442054695226
6083888 1.4173769144615802
6084248 1.541003101260778
6084603 1.3876103698080948
6084958 1.3853005161130587
6085324 1.4538295951109892
6085690 1.5346787231504246
6086062 1.5556932387773943
6086438 1.5469027523838919
6086811 1.4238161042045114
