1202264 1.613186054322354
1202692 1.7265373147120144
1203099 1.4245090944176355
1203499 1.5101495379197922
1203888 1.1468585061017051
1204247 1.3286839429506818
1204608 1.4088810860167258
1204960 1.128516960780061
1205309 1.4740959413487102
1205660 1.3445303868331082
1206006 1.3472689101682764
1206351 1.4344048432791785
1206701 1.5407931686072989
1207049 1.4352943980837891
1207395 1.3667350796957756
1207745 1.5331375178201907
1208093 1.321950632096866
1208441 1.4838402640364408
1208792 1.4945778671104917
1209140 1.3964194302110573
1209492 1.4807654740781806
1209845 1.7352903845280339
1210193 1.241827449017607
1210542 1.5987195440800148
1210897 1.6849083921968568
1211245 1.3779668038784194
1211600 1.4903065157984643
1211955 1.778748396979158
1212303 1.3071591694607627
1212656 1.4142899958183184
1213013 1.6489318805421764
1213362 1.0482261074039523
1213714 1.7936361928897147
1214071 1.843457034060135
1214425 1.6358085607679014
1214784 1.650072656919374
1215143 1.2440253166742408
1215495 0.9554867925169899
1215844 1.29684274436658
1216197 1.2252741484131984
1216543 1.2522584521634985
1216895 1.4256290232282474
1217241 1.2505796829277793
1217586 1.4258649745502288
1217936 1.3631287297130277
1218283 1.5166932098111006
1218626 1.38496345504273
1218975 1.6231163272853641
1219321 1.4502628553861416
1219662 1.3423230407354056
1220006 1.7401534838283328
1220347 1.3868199534119092
1220686 1.4996283303021685
1221029 1.5115479154175127
1221370 1.4763361103172872
1221708 1.5156154471389436
1222052 1.4680295937292955
1222394 1.4633589865021561
1222731 1.3520981038882218
1223075 1.296420520703299
1223415 1.3817658106266648
1223754 1.4052968785317264
1224100 1.5287351514951548
1224441 1.3876605155754844
1224780 1.4132921823797604
1225126 1.5415510805537322
1225468 1.350769138063891
1225807 1.2128185080087703
1226142 0.8614093071838018
1226474 1.2161389100288607
1226812 1.1814831556053556
1227152 1.3661042911070054
1227498 1.7016674634583047
1227844 1.5686352146788087
1228185 1.521335776555215
1228533 1.6359845085319589
1228881 1.7228094702852
1229226 1.5370836816896336
1229571 1.3139003985984754
1229917 1.4645210047125263
1230262 1.2420646584124002
1230606 1.3636049926188716
1230955 1.6351459101039574
1231303 1.5580288475731603
1231646 1.5164062945079588
1231997 1.744535815525751
