6147565 -0.11462665831663443
6148027 -0.0988876247315274
6148488 -0.11387211967784838
6148938 -0.11074687716557902
6149406 -0.10723020968021496
6149882 -0.1185897812911042
6150335 -0.11455142839247345
6150792 -0.11257152857129127
6151269 -0.103254117670591
6151727 -0.11650506111041681
6152177 -0.10896488686377181
6152639 -0.10249135384202834
6153103 -0.11025205818502903
6153550 -0.10861662911067138
6154009 -0.10290357176324066
6154473 -0.11391478838246372
6154926 -0.11149754567825532
6155368 -0.1082157314713817
6155828 -0.10619379028724685
6156291 -0.10748465380819483
6156737 -0.10750725788374699
6157192 -0.10213069839711936
6157657 -0.10954822566791256
6158108 -0.11239583880500226
6158549 -0.11074700426497924
6159015 -0.09713406981376638
6159473 -0.1159075158750128
6159916 -0.10032737770299266
6160373 -0.10775950517419253
6160839 -0.10995477341626675
6161287 -0.1102742128561428
6161740 -0.11033972044406398
6162213 -0.10854668201268647
6162660 -0.11453115595842933
6163103 -0.11333030073525097
6163572 -0.10559320126999866
6164044 -0.1190298074340862
6164492 -0.1116224626773964
6164950 -0.11178908963966089
6165418 -0.11212540960796147
6165867 -0.11430504714245737
6166316 -0.11543817548316615
6166780 -0.10061133950627832
6167234 -0.1147718640961482
6167680 -0.10716297453545176
6168142 -0.10423305325932886
6168601 -0.11161730254064739
6169043 -0.11379573542632221
6169495 -0.10934998862999529
6169961 -0.10180809378466837
6170426 -0.11621415033339033
6170881 -0.11445867024950901
6171360 -0.10359460003423288
6171825 -0.11658125150301091
6172288 -0.11143783953457342
6172774 -0.10971857422031378
6173253 -0.11415900973729604
6173731 -0.10707113543497337
6174215 -0.106817894814771
6174688 -0.1182552986565999
6175146 -0.11224284431361536
6175622 -0.10332937709442347
6176096 -0.10855739913741091
6176551 -0.1164913609240324
6177007 -0.11475659658094678
