63502 -0.24716272834340802
63963 -0.3216138218824749
64401 -0.32658824476237636
64833 -0.29417358130650967
65287 -0.19961493190252466
65723 -0.24751870767830242
66173 -0.2603289292126081
66645 -0.12029912528114994
67090 -0.19812482434919754
67541 -0.12913510831872843
68026 -0.23364384966842455
68494 -0.19619416860819205
69002 -0.16777028573143626
69522 -0.2806366019620963
69998 -0.3301637117636904
70498 -0.23443534167572166
70974 -0.2463798074712521
71488 -0.27227643210733354
71996 -0.3496605096112446
72492 -0.3682748012743542
72978 -0.30130715162145594
73478 -0.2528348059768917
73973 -0.13537624341099452
74458 -0.2975778616879531
74929 -0.2633281896329339
75398 -0.27302577472526
75876 -0.2718292599922121
76353 -0.29879366933350626
76823 -0.34102224955484706
77263 -0.2742080834454361
77701 -0.36613685725946804
78138 -0.4211550882944408
78558 -0.3344238013372267
78968 -0.3374032857699726
79369 -0.37770696890792216
79764 -0.3362717235564637
80545 -0.23617672502039702
80946 -0.03466890247157295
81339 -0.13642405936094093
81734 -0.1307839477429118
82122 -0.11704993699075494
82507 -0.10985370079509194
82900 -0.10049332561001467
83298 -0.10547593781092024
83698 -0.11413454000616419
84090 -0.09702459332540903
84487 -0.13399906269789252
84887 -0.12421598365199549
85284 -0.15049001195264855
85659 -0.10751721522378885
85999 -0.14755884625112686
86355 -0.10000109618827335
86721 -0.05929806298860957
87097 -0.06310155780429871
87483 -0.07771802553770879
87880 -0.1190010364059888
88271 -0.09974584256229013
88668 -0.09250775848032078
89085 -0.09201083786747266
89521 -0.09288013700883979
89957 -0.10033308312636335
90378 -0.09673099920316286
90820 -0.09139697687256831
91271 -0.10238508790125134
91730 -0.10454262115326207
92181 -0.10677364217872065
92618 -0.09288778543042753
93061 -0.10171796796871213
