3210558 1.5506664324312651
3210967 1.5244099272315461
3211383 1.5697732704874134
3211784 1.2960245309414582
3212188 1.4252398488520932
3212603 1.6421262113548276
3213002 1.4431473833257995
3213410 1.5950663423869966
3213822 1.5747064272886624
3214224 1.4203391790566644
3214637 1.5895424952519035
3215042 1.4940091046622015
3215443 1.4464309170318537
3215856 1.578625629053744
3216261 1.477530295558175
3216666 1.4966194410762037
3217074 1.609707808747356
3217465 1.2230009680687859
3217862 1.3983516364051711
3218262 1.5601793625826752
3218651 1.5690922666901965
3219055 1.4894331144816761
3219453 1.5410671580656037
3219847 1.6238315163962969
3220241 1.6458224410732685
3220626 1.393305237804548
3221021 1.3300205924833324
3221420 1.3059424230682515
3221811 1.403135485012815
3222220 1.4940902902214586
3222621 1.3259645944760559
3223024 1.2710285411793776
3223432 1.4442545718394524
3223825 1.4123258350205434
3224236 1.5578058495195228
3224640 1.358072295586214
3225035 1.455885280309748
3225445 1.5192645575455384
3225844 1.4101529796775778
3226246 1.4352983809732534
3226657 1.4853353292467655
3227062 1.4711839905995574
3227477 1.4223209486490882
3227885 1.569469818442275
3228279 1.2676528624233703
3228681 1.348737246063851
3229086 1.4249592463298295
3229486 1.216207141486433
3229893 1.432034746435854
3230301 1.3772677029908746
3230710 1.526857357138649
3231112 1.30903445264179
3231508 1.0953326921592828
3231911 1.1998242590108759
3232319 1.2111570741859858
3232727 1.109787158131243
3233138 1.1413967351958927
3233554 1.0835218651335308
3233972 1.0754461663805306
3234404 1.1299934241890912
3234839 1.2462577568006836
3235276 1.2448871907754304
3235693 1.0913207666261886
3236140 1.3214947961169048
3236580 1.211699828259738
3237008 1.3060231318024456
3237451 1.3540903095268404
3237874 1.128706869882452
3238288 1.1455827800348208
3238709 1.2026928423297765
3239133 1.2456870952241625
3239563 1.3854296754254811
3239986 1.3433396487655171
