1711911 1.4083962876223457
1712267 1.576156844045508
1712612 1.4408167351947123
1712961 1.476420829049371
1713317 1.4750489778641094
1713676 1.5698959311831975
1714034 1.5913910842895285
1714396 1.567907293195336
1714757 1.4126314665434383
1715112 1.3001694039229028
1715474 1.5916765778708208
1715832 1.422745649670277
1716187 1.4003325298676261
1716545 1.5282241584754375
1716901 1.512370085705342
1717253 1.2391419803176722
1717609 1.3804928344308485
1717965 1.4188146986744594
1718321 1.3901910963220507
1718663 1.1925450861243916
1719017 1.4406047664266324
1719364 1.7206422148323013
1719712 1.6479953191646826
1720052 1.35696459426097
1720396 1.5099671585182648
1720747 1.686439523518618
1721095 1.718764986938069
1721445 1.4323852817826763
1721793 1.370559089586221
1722146 1.3789823882663363
1722502 1.4185180481627904
1722856 1.2656741534518134
1723215 1.4765380043978515
1723572 1.331301708184026
1723928 1.4468082545595184
1724269 1.1252790687408405
1724617 1.3383702423446384
1724961 1.4703973175568974
1725299 1.219827749328847
1725644 1.2501574835721043
1725994 1.3777323149522203
1726344 1.6659014338081688
1726697 1.5525665274088059
1727051 1.4056040412584612
1727395 1.1757717687547715
1727753 1.2834434110546913
1728106 1.3952989714048054
1728455 1.3773777688432292
1728822 1.4422947290347063
1729184 1.2459614924158555
1729543 1.3372609241035098
1729914 1.5191228542088306
1730277 1.277377066089366
1730644 1.7743758279785187
1731015 1.8136158906365638
1731379 1.53988109272507
1731754 1.828248640825664
1732127 1.6479924953457046
1732493 1.7031391473653192
1732870 1.6490261096717478
1733238 1.3644421767295485
1733613 1.5882963684774631
1733985 1.6020993020223753
1734345 1.4563521890237756
1734713 1.625990180412859
1735071 1.5862682083503492
1735437 1.6773899770309788
1735801 1.7238940396370914
1736157 1.6724485639871727
1736525 1.6540829724995398
1736883 1.3931201109490283
1737253 1.606843971728699
1737625 1.6501771326499564
1737992 1.498907678210116
1738366 1.6471896500530296
1738738 1.4113313637014284
1739109 1.519940659529229
1739486 1.5329522717365123
1739855 1.1780657846894977
1740230 1.277820470860031
1740612 1.2733410033018264
1740985 1.327140019354718
1741368 1.6955638904540136
