1442263 -0.22128223769988753
1442690 -0.1987954305329922
1443124 -0.174372899927149
1443568 -0.15541271488173836
1443985 -0.3056572116637618
1444406 -0.17109966547342625
1444808 -0.28876418719788843
1445233 -0.13613327279369491
1445660 -0.1754303460773054
1446084 -0.10306055031160555
1446511 -0.09637947059770297
1446919 -0.1271418309737048
1447340 -0.13584179245502126
1447762 -0.08462284623298288
1448171 -0.17969617829670226
1448596 -0.1153799068256261
1449025 -0.20801644301873173
1449434 -0.1316616843429298
1449866 -0.12392058652339588
1450311 -0.07810065119899406
1450698 -0.08813448995853879
1451113 -0.1999255895858993
1451535 -0.1296304190047709
1451954 -0.07897532333279889
1452376 -0.14300159487690958
1452782 -0.1343713308173424
1453201 -0.13822176582464885
1453636 -0.10882875253609323
1454075 -0.1628900041295389
1454520 -0.1739782339483142
1454960 -0.19275157338753002
1455408 -0.24852975690785195
1455842 -0.24481744902490732
1456272 -0.2249456290256317
1456712 -0.25168509963956415
1457153 -0.2797367038601758
1457581 -0.2488962248554164
1458008 -0.18001699845714042
1458440 -0.059400079139936834
1458854 -0.15273160446671152
1459265 -0.26651007596459475
1459680 -0.2999834924631495
1460095 -0.2676733704961174
1460519 -0.2336060762758897
1460944 -0.2313698578650476
1461360 -0.2400160840228558
1461788 -0.2346769485620282
1462208 -0.2404736191655512
1462635 -0.22638741265245127
1463066 -0.2243541772785499
1463503 -0.2129802256139485
1463942 -0.2634047190533464
1464383 -0.23338710538338747
1464825 -0.23104386971074958
1465270 -0.23522688505811495
1465706 -0.21988625458456612
1466150 -0.17965645629702426
1466592 -0.18975818737225703
1467019 -0.20093797481138226
1467460 -0.23822835541573906
1467894 -0.13022196447680945
1468322 -0.24940911984862923
1468735 -0.1369203073711766
1469161 -0.18601503397416386
1469577 -0.23609763863826516
1469990 -0.24320505727413672
1470413 -0.20341593331093755
1470826 -0.2137837184474929
1471254 -0.1682071033032419
1471680 -0.125936246705674
