4408726 1.5066478437103459
4409102 1.1519453343304362
4409482 1.368412347847183
4409868 1.475146941886666
4410244 1.219549719150885
4410623 1.3230168831767835
4411012 1.443105608554531
4411393 1.2227245342529187
4411773 1.3804680488343355
4412164 1.4981944682952633
4412546 1.2311932016612925
4412931 1.3315306612795705
4413330 1.4788511469262484
4413717 1.2501520676186941
4414096 1.2386863480545665
4414497 1.5209671072329272
4414892 1.396161694979503
4415274 1.2450822067259313
4415674 1.5790932236718405
4416069 1.2432216212972609
4416452 1.306283594604042
4416843 1.0365377834562584
4417227 1.1634648276876483
4417619 1.5718322572480228
4418001 1.3116631734700719
4418378 1.558295421626613
4418765 1.616248512135288
4419144 1.460689474880886
4419535 1.5460882152870137
4419929 1.5965418320760452
4420312 1.6767491509601156
4420690 1.3655373135115956
4421076 1.3726800120663336
4421472 1.4566548787801068
4421857 1.2930477498394028
4422253 1.4181085916484892
4422640 1.1576936546003325
4423044 1.3148754190689087
4423434 1.2647402618908272
4423838 1.3207960286168512
4424247 1.387928050419809
4424648 1.180738282134123
4425046 1.3063469508010204
4425446 1.4214966170770187
4425847 1.3870450424434742
4426237 1.318228725093884
4426635 1.3547597982516764
4427040 1.568047067734026
4427454 1.5038490033477359
4427851 1.3237169986670931
4428269 1.497438835791248
4428677 1.256107231149747
4429075 1.1579336283101238
4429494 1.2475751777081654
4429916 1.3264994450888918
4430335 1.399795900324712
4430731 1.1826691370699152
4431144 1.319298020641311
4431554 1.3282383114483278
4431947 1.1271498001471962
4432358 1.2763619853588326
4432779 1.3920931640847152
4433194 1.2929608967404624
4433602 1.2549534896540058
4434034 1.4549379416313095
4434461 1.2894641652982384
4434888 1.3382207221731406
4435327 1.2732915720530327
4435754 0.7458887160767133
4436171 0.7813830660344327
4436583 0.5375949614692138
4437023 1.2004288708125954
4437458 1.2510109259793576
4437895 1.308492974388717
4438326 1.3710967364875517
