4947394 -0.5041367839314554
4947747 -0.5162166555621998
4948104 -0.52914429123245
4948466 -0.5453745399556033
4948823 -0.5406040794674094
4949175 -0.501455130040322
4949527 -0.4878015869341666
4949884 -0.4940825327016269
4950252 -0.520278570440194
4950619 -0.5205908208551551
4950984 -0.540042978640186
4951346 -0.5119624405915366
4951701 -0.508724454447586
4952070 -0.49192717376152467
4952440 -0.5150679497914818
4952811 -0.5352846213613387
4953176 -0.5466113856140802
4953536 -0.556729587919877
4953892 -0.5652414330070525
4954244 -0.5657707943662227
4954596 -0.5353623886575636
4954952 -0.5660003551057793
4955310 -0.5828155824341981
4955672 -0.569173305381173
4956027 -0.542112245928659
4956377 -0.5514760841823088
4956728 -0.5332706103075551
4957082 -0.541186611231496
4957432 -0.489303851256231
4957776 -0.544126910093734
4958113 -0.49839627194330105
4958446 -0.4796067102155701
4958776 -0.5688389638867488
4959110 -0.5254684535243637
4959446 -0.46313749678323246
4959777 -0.5378642288020079
4960107 -0.5376789922491572
4960441 -0.5319751359600222
4960778 -0.5779127147958696
4961118 -0.5363783162087079
4961456 -0.4908670792367925
4961791 -0.5407697749093159
4962128 -0.5408408785745231
4962471 -0.5477778899013218
4962817 -0.5660665200314777
4963167 -0.6365087994354783
4963516 -0.5809703685243878
4963864 -0.5271137542679825
4964206 -0.5382164383265677
4964555 -0.5336334184151714
4964910 -0.550800055672539
4965267 -0.5729054203731142
4965622 -0.574400709131083
4965976 -0.5840897081052654
4966325 -0.5710292360034442
4966671 -0.589080217012881
4967016 -0.5352996151821265
4967368 -0.547736234489025
4967724 -0.5703772207067541
4968080 -0.6311586736308656
4968435 -0.5896526477968658
4968784 -0.551459442509579
4969129 -0.5344136878468402
4969485 -0.5492853317908224
4969842 -0.5564690239975898
4970200 -0.5730454442856086
4970558 -0.5779677502936619
4970914 -0.5948313637875238
4971264 -0.5952443378013204
4971611 -0.5383843205438018
4971952 -0.5282462362659001
4972303 -0.525036778574687
4972658 -0.5417015011174668
4973013 -0.5625909588144722
4973372 -0.5889267493556688
4973726 -0.6026654127920086
4974074 -0.5738203613354131
4974418 -0.5512505946401656
4974766 -0.512663885019232
4975120 -0.5235349050097822
4975472 -0.5494220899911701
4975823 -0.5823483745499316
4976175 -0.5925379546323561
4976523 -0.5785662072597875
4976867 -0.5282237960635258
4977207 -0.5251926356937531
