5727152 -0.6111621918493011
5727597 -0.6009501837950424
5728052 -0.5765345595038471
5728509 -0.5903179934878804
5728966 -0.5864963949363349
5729422 -0.5971778320090149
5729869 -0.5930784795031008
5730322 -0.5685882490848457
5730776 -0.5928887490014638
5731232 -0.5903583748588966
5731687 -0.6010401346459607
5732134 -0.5889173688254908
5732582 -0.763875904515504
5733032 -0.5708933350351337
5733473 -0.7682572462166706
5733898 -0.6403233439923885
5734340 -0.6359292187571133
5734789 -0.5681890961882745
5735230 -0.708581019964016
5735677 -0.6123140075028701
5736130 -0.577078286786384
5736572 -0.6080683354457471
5737016 -0.4322255686562107
5737464 -0.569417008191383
5737914 -0.5731243147274617
5738345 -0.5847192829893099
5738783 -0.566238663350588
5739219 -0.5640466707621901
5739643 -0.6296245067141248
5740065 -0.5882142826260754
5740484 -0.5588323536831971
5740897 -0.5608166067671884
5741295 -0.6284982961690946
5741680 -0.4805635756024494
5742068 -0.6315513963897366
5742461 -0.5966613780501666
5742862 -0.5999136280482578
5743264 -0.5885538912410158
5743661 -0.5710230469595408
5744067 -0.6082010888811993
5744483 -0.5861789211075896
5744906 -0.5844638449382618
5745326 -0.559777299625027
5745752 -0.5652615972087649
5746187 -0.5785793584756043
5746640 -0.59847718969378
5747097 -0.5899570036386286
5747543 -0.5518299836613498
5747987 -0.5889810726254867
5748429 -0.5516519322580808
5748859 -0.5757517731808002
5749268 -0.5908522097867022
5749660 -0.5460097408489384
5750049 -0.5298572992936927
5750447 -0.6614176968585819
5750855 -0.590451374714181
5751254 -0.8370215271268034
5751652 -0.648652426275484
5752048 -0.5832478734814274
5752450 -0.5613606026287019
5752859 -0.5751071782199236
5753270 -0.5974681913419473
5753695 -0.583643730866491
5754120 -0.5664532466860889
5754534 -0.5623104823333107
5754957 -0.6516933562125493
5755381 -0.5395926682214669
5755815 -0.4687009802402664
5756251 -0.6492756800037445
5756685 -0.6076025437003794
