3419379 -0.5719053960521281
3419830 -0.49104828355710534
3420293 -0.4127717126627542
3420760 -0.4060161304385838
3421225 -0.42545409099638754
3421680 -0.5382192561325909
3422139 -0.4545498634535319
3422608 -0.41639749320650327
3423080 -0.4425934572138453
3423542 -0.5245504956861468
3424001 -0.5531092346042558
3424470 -0.4265010408253441
3424943 -0.40663337096844837
3425417 -0.41269820135508956
3425878 -0.5372867947393707
3426338 -0.5292545168167657
3426804 -0.43174281560052713
3427271 -0.3951200065440332
3427738 -0.3985118395806248
3428196 -0.4984647775940065
3428645 -0.5554684434433542
3429096 -0.43356091540656205
3429551 -0.3927724528877469
3430011 -0.37862545345348697
3430471 -0.4550203121997273
3430917 -0.5547214035345581
3431364 -0.48699779254356895
3431823 -0.401689345668188
3432287 -0.3767395344553161
3432757 -0.43124117642218496
3433212 -0.5493851209429643
3433666 -0.5505465278877586
3434129 -0.40927147676575176
3434592 -0.3737995850100425
3435054 -0.3657527336627699
3435508 -0.5379050141027192
3435953 -0.5398912854382574
3436399 -0.4391822132372014
3436848 -0.3980989675313904
3437300 -0.38005447727037833
3437750 -0.49008545193889497
3438195 -0.5416400430425605
3438633 -0.48756788751378116
3439077 -0.41817581272191146
3439527 -0.38534995961699725
3439983 -0.3779520484995866
3440430 -0.5533870993462287
3440871 -0.5361557217056943
3441319 -0.4441208422731682
3441769 -0.3976556939858274
3442225 -0.3819251744530481
3442680 -0.49628629611657843
3443130 -0.5512865644040317
3443589 -0.4556795934735233
3444053 -0.3993504932382883
3444517 -0.39317666105551125
3444980 -0.3820815198375832
3445437 -0.4827200850850023
3445885 -0.559570134326579
3446331 -0.481130532000341
3446783 -0.4238333166877547
3447239 -0.4060312424804066
3447698 -0.39692920844644836
3448154 -0.5054482961512761
3448603 -0.552510871274269
3449062 -0.42383300592988715
