2700498 1.4862953658100704
2700935 1.3957562629629725
2701377 1.4394335095982576
2701823 1.126162377407355
2702275 1.4715099564181544
2702730 1.5134197113642862
2703174 1.430135598484895
2703611 1.4188495039658067
2704053 1.1261100629412852
2704507 1.144642660002559
2704971 1.5045221356201306
2705435 1.473634422992079
2705882 1.3822140459289844
2706324 1.4480369827953332
2706768 1.1886094829054246
2707224 1.4893314215545836
2707675 1.528656572949843
2708112 1.452615974399539
2708545 1.3204181045724335
2708968 1.0370869516384604
2709395 1.096968065022633
2709841 1.1289940563012266
2710296 1.1422673480564653
2710754 1.4230990087310653
2711195 1.2956247181281166
2711627 1.3432544856511406
2712061 1.0913697412439864
2712509 1.1272299122979121
2712970 1.4667301564163782
2713432 1.4280559122015661
2713884 1.3552524352322326
2714326 1.092562344666841
2714773 1.1254955204163555
2715227 1.1325133699557
2715672 1.5028906695370055
2716114 1.4028145772156393
2716551 1.3595465214080242
2716989 1.0948112539895067
2717444 1.1229050681270007
2717918 1.4830267742835774
2718389 1.4883340089437431
2718842 1.3546990405404984
2719292 1.3447932899917763
2719745 1.0894795016360663
2720218 1.1208020083306165
2720699 1.4725559371419226
2721167 1.4732751723968611
2721613 1.3523373245878392
2722052 1.3971710782429492
2722492 1.1119811160899946
2722951 1.1284975730809617
2723424 1.4860601898271175
2723891 1.4730080098948368
2724337 1.426117933035665
2724777 1.4185982748494994
2725220 1.1168328375379284
2725672 1.14603431475412
2726134 1.5028605041614804
2726598 1.524426550732592
2727049 1.4288865476538257
2727483 1.3693974881049733
2727915 1.114170687039162
2728355 1.1449220196036354
2728814 1.1661587621401701
2729276 1.4429203503809904
2729733 1.3423062258395126
2730191 1.4178900775325454
