1351750 0.7362446745615463
1352061 0.8827113992567122
1352373 0.8952812323892183
1352685 0.7543148579849963
1353000 0.761259004277189
1353313 0.825145091436291
1353622 0.8762837845071703
1353934 0.8113858513252941
1354242 0.9024207734338929
1354550 0.9398355805585441
1354859 0.7842514584191956
1355170 0.7523832184006349
1355480 0.7977496960575863
1355787 0.8174154332234098
1356094 0.8352321952573782
1356401 0.7691157910698074
1356707 0.8230506040796166
1357010 0.8684996272501209
1357314 0.892606133274988
1357618 0.8224119564661851
1357923 0.7029259224005711
1358227 0.8761545547425891
1358530 0.866117601286601
1358832 0.9542122654322325
1359134 0.7784540181466203
1359437 0.9363367842928727
1359738 1.0334138505762787
1360038 0.7863156325775689
1360335 0.7777376639966144
1360629 0.8302375600374661
1360766 1.4277137989555768
1360924 0.8026361159095692
1361215 0.9046626411561103
1361508 1.0451407227199132
1361779 0.5320350660816885
1362140 2.9818675455577774
1362389 0.9809240613724077
1362682 1.2727192377433347
1363846 0.8621826599955302
1364133 2.027949732206179
1364423 0.443950314478492
1364713 0.7903430285190758
1365004 0.8865229125936783
1365295 0.7214172762976744
1365585 0.6535124901674375
1365875 0.8731194731448442
1366165 0.775636412438552
1366454 1.127473251737122
1366745 0.7838472058178714
1367036 0.9653640559708547
1367327 0.7278199475811546
1367908 0.8989319756114207
1368199 3.5070139910626095
1368492 0.6402438343771324
1368817 1.6672449730376486
1369074 0.9421962509242907
1369365 0.9867978059674434
1369657 0.7990135147069036
1369949 0.7222609366893553
1370241 0.7230670558422551
1370532 0.9621138463368117
1370824 0.9255210402215756
1371116 1.2075602569016026
1371408 0.7837540490115289
1371698 0.9510573987219759
1371988 0.7659710960269952
1372279 0.696532446126635
1372571 0.7682999368557399
1372863 0.8967861211979813
1373153 0.7803551599333709
1373445 0.8629773778830887
1373736 1.1930726158957579
1374027 1.2197161944498651
1374316 0.7045679730696773
1374607 0.43990273341854413
1374898 1.7072744513332738
1375188 1.2465970204489993
1375477 1.511229324447823
1375767 1.3388620883631819
1376057 1.1117430343133305
1376347 1.3300082650120872
1376638 1.1715548974114556
1376928 1.208061369733655
1377219 1.4398663875448212
1377510 1.3112442908969286
1377803 1.2992655392868002
1378096 0.7510176575696783
1378386 1.361745427487075
1378678 1.0045903529090352
1378968 1.1055794081004524
1379260 1.1557134139560312
1379554 1.016483984768545
1379848 0.9619833782842866
1380143 1.1404545805357937
1380435 1.0935814370668526
1380730 1.1810632140859871
1381025 1.083020266091804
1381324 1.0561959271291834
1381622 1.0738481931943726
