3179622 -0.4134308540899323
3180018 -0.42614934520588865
3180408 -0.4345490233983866
3180799 -0.36377077015420584
3181189 -0.3617747450747512
3181573 -0.42082656451730527
3181958 -0.4148590907116934
3182347 -0.4376426618710259
3182740 -0.42809760867296903
3183131 -0.382543864574264
3183521 -0.3657548456982983
3183906 -0.4168235807653461
3184292 -0.4198575213722761
3184678 -0.4285108136220618
3185070 -0.43139207334969687
3185468 -0.4306713247102141
3185866 -0.3727329967872686
3186262 -0.36183609656269955
3186655 -0.42429065384187137
3187051 -0.42172062949579947
3187446 -0.42390729048800474
3187841 -0.38088706207916206
3188231 -0.3761718228880739
3188618 -0.4293683905897998
3189007 -0.42630984436571584
3189390 -0.42577303155564933
3189774 -0.43417600779474086
3190158 -0.38203315466213716
3190544 -0.36682376051689536
3190922 -0.3688644138753983
3191296 -0.4117139403396648
3191672 -0.42986134512499985
3192055 -0.4357296772719263
3192434 -0.4370405435777896
3192817 -0.38316698907883534
3193200 -0.3766827715377675
3193584 -0.42745176729037926
3193975 -0.4238935109312938
3194367 -0.43497187860347264
3194778 -0.42841504776103245
3195194 -0.3809477728145251
3195607 -0.3629947130758509
3196018 -0.4156677974965036
3196424 -0.42184947185352345
3196824 -0.3812166974860091
3197221 -0.37185827422161605
3197453 -0.5538404498258662
3197994 -0.3665763659726662
3198377 -0.43606444902259345
3198751 -0.43492243623489063
3199127 -0.3797899196617228
3199506 -0.37769564025266444
3199884 -0.4317028897147126
3200263 -0.41726677527900446
3200648 -0.43121844692343986
3201031 -0.43137738351395455
3201417 -0.3810243847881869
3201805 -0.36562509686852407
3202193 -0.41938743373825366
3202584 -0.4249086173127958
3202984 -0.42395443885679823
3203390 -0.4239029373195583
3203796 -0.3703720674611906
3204205 -0.37695634469287215
3204607 -0.41741753028883566
3205015 -0.42304893520681164
3205424 -0.4220051155573352
3205831 -0.37746414474362533
3206230 -0.36870219563561335
3206621 -0.4079607521628688
3207012 -0.418841721534605
3207402 -0.42206060202377055
3207795 -0.37331364199897815
3208188 -0.37346283025683413
3208576 -0.3612573925624505
3208963 -0.39650766477543437
3209346 -0.41349257687460317
