5786308 -0.5666996116787291
5786695 -0.5865200547339919
5787089 -0.5810201925915206
5787484 -0.6038908422456151
5787883 -0.5992484865072834
5788275 -0.6444012314697868
5788667 -0.6637522402034919
5789050 -0.6749765920828319
5789428 -0.5847195607699258
5789812 -0.5820729094368366
5790199 -0.5905467750967237
5790596 -0.6002451014148238
5790993 -0.6281858066358375
5791390 -0.5907121987200895
5791781 -0.5846852292756284
5792165 -0.5708081633006301
5792550 -0.5757047492484836
5792941 -0.5876198578080885
5793335 -0.6268541802124106
5793730 -0.5840651993996867
5794120 -0.5876538172469882
5794502 -0.5782571111835295
5794893 -0.5888448888139495
5795292 -0.5982776994325563
5795700 -0.6003166550675054
5796112 -0.5904869250783977
5796512 -0.5788659332384549
5796900 -0.6174957709274329
5797283 -0.5779916654916661
5797669 -0.5742405609707558
5798057 -0.6223856291974448
5798448 -0.6668856418604028
5798834 -0.6453331560592874
5799212 -0.6017047501645514
5799590 -0.5702415506608047
5799978 -0.5839273157829424
5800369 -0.609775059148636
5800765 -0.5816176316860477
5801152 -0.5735490802821369
5801534 -0.5896328310609757
5801913 -0.566566759802428
5802303 -0.6186718603483194
5802698 -0.6111545264309992
5803094 -0.6338282397423316
5803486 -0.6595552378444036
5803876 -0.5852148840888083
5804259 -0.5915378873455251
5804647 -0.5943357920290543
5805044 -0.5929006601607462
5805444 -0.651716676845169
5805842 -0.6549425743859053
5806239 -0.6016384713647726
5806642 -0.6020555305487629
5807057 -0.5880387769498235
5807476 -0.6214652924485502
5807898 -0.577018969011099
5808307 -0.5786955077070394
5808712 -0.5841367117320269
5809120 -0.5960426595652912
5809540 -0.6022917626539023
5809950 -0.6453874754628312
5810352 -0.669524089007675
5810750 -0.5991590404002738
5811148 -0.6005593542329744
5811553 -0.6053856754227187
5811959 -0.6394616646316683
5812359 -0.6511235274499861
5812754 -0.6550054442488988
5813144 -0.6008884998850812
5813535 -0.5876783039809717
5813937 -0.5899300253471091
5814336 -0.6064921213473624
5814730 -0.6471487715093065
5815122 -0.5867817230337198
5815500 -0.6102759242780919
5815878 -0.5810848245973653
