303453 1.1426530178051362
303826 1.0866423743837885
304197 1.0499953418607975
304562 1.3095543349242458
304930 1.197696309928699
305298 1.1686970174212905
305668 1.1732301679954897
306036 1.1041836993242096
306402 1.313425503314937
306766 1.1319048166719998
307132 1.1717601664323107
307500 1.0962283557639445
307868 1.060544284736842
308232 1.3347226889983532
308597 1.172993502482526
308967 1.156195748290048
309336 1.129355771284367
309705 1.1055862345897847
310072 1.379918377878797
310438 1.1856065389474457
310808 1.2025218469621852
311179 1.1419657487318564
311549 1.3644067177048875
311914 1.2477385212372152
312278 1.381276757599631
312645 1.4839298859344088
313013 1.5092794868787416
313388 1.5134758940371014
313597 0.32249026768191813
314138 1.4363150258739716
314509 1.4487743705005016
314875 1.4699500785608142
315241 1.4261162400198255
315603 1.3679696073579632
315966 1.4677803664896762
316334 1.5271429408299102
316706 1.528867519190697
317083 1.5226982804515639
317458 1.4560914449091686
317836 1.5514193550501847
318221 1.544863602201364
318604 1.5605232494315477
318988 1.550019557122067
319366 1.44450969446697
319750 1.5208877724173544
320135 1.5435965283260134
320520 1.556948439643669
320907 1.532431562926368
321290 1.4737440501084076
321671 1.498566261957145
322056 1.5430295878950226
322442 1.5670229905509507
322828 1.251931858278199
323208 1.4530516090310965
323583 1.499634792451218
323963 1.5876787093684934
324340 1.5811060576602025
324717 1.6182326050170763
325090 1.5582849939125536
325466 1.3080486626158345
325843 1.3395180354512468
326217 1.330966353360277
326591 1.4689900081205594
326956 1.0658208508686389
327310 1.4907632061368015
327667 1.6469921236103497
328019 1.7456450313810414
328368 1.7514404317749968
328719 1.8470381501364292
329071 1.7000476131417936
329419 1.620645291342972
329767 1.6064317503192365
330121 1.2324342703680853
330472 1.2442140098368264
330825 1.2268772346924166
331178 1.168244225435411
331529 1.3921532323215087
331877 1.0054155747546463
332225 1.0955847741963494
332571 1.111136572360495
332915 1.1305246235769935
