4797982 1.6029279312537277
4798370 1.5035519389797543
4798750 1.444285131242129
4799128 1.5591228466191516
4799506 1.5608191114390344
4799883 1.5351915553788258
4800258 1.3814149452394218
4800623 1.4047799835643464
4800984 1.6671174300831346
4801345 1.6168863223596412
4801708 1.59101321598888
4802069 1.4940098860143545
4802425 1.636739412766749
4802779 1.643193986393875
4803136 1.5644184520564344
4803495 1.540014143320733
4803850 1.422953851128326
4804208 1.5669614645764276
4804562 1.6182829201276192
4804916 1.4656434109472922
4805271 1.4498519782141424
4805623 1.5642531004738829
4805976 1.616717291201963
4806332 1.5924198645354513
4806684 1.567433384990621
4807035 1.5419502025368705
4807376 1.5049880964243418
4807716 1.4886008805518145
4808057 1.3847366830836674
4808396 1.4912536728561165
4808739 1.5691507009092915
4809092 1.5555283248776166
4809453 1.5701066827046968
4809827 1.4864584716247835
4810195 1.4892035198571325
4810562 1.5643957284917356
4810940 1.5683541325287889
4811321 1.5369113224321478
4811704 1.443862114871267
4812087 1.5197714209755278
4812463 1.584677038330825
4812851 1.5694831649867123
4813248 1.5843720462379571
4813645 1.5097201308989352
4814037 1.3951995739816452
4814422 1.5360008736179624
4814810 1.5604999276549758
4815213 1.557956054589224
4815620 1.5378315147795762
4816031 1.5105061212173174
4816427 1.5970264581946376
4816807 1.569822199337659
4817197 1.6508344784840778
4817589 1.6403150231904449
4817978 1.5386558232974856
4818357 1.5461366290149499
4818730 1.6786670359071534
4819105 1.6455628316046296
4819484 1.6914970891296663
4819860 1.542111616084611
4820230 1.495260795879053
4820596 1.6032217888159868
4820972 1.5947570601033847
4821352 1.721476068022526
4821743 1.6201740992426863
4822131 1.7835673454079273
4822520 1.8505129190389584
4822907 1.5776832393167515
4823282 1.5610526275104126
4823660 1.6606856305428486
4824045 1.675243470368223
4824435 1.6850055599054417
4824825 1.6636788021762934
4825210 1.535365655627365
4825591 1.664917747216438
4825972 1.671844052051537
4826359 1.6593447976491538
4826753 1.652153978799998
4827143 1.5713024074969915
4827523 1.6346285302365242
4827904 1.6851764338675688
