6415590 -0.6132817369088768
6415982 -0.6062180866354696
6416390 -0.6133828183063483
6416799 -0.6253907430239283
6417207 -0.6492263176426047
6417609 -0.6556880821920392
6418001 -0.5969614112432937
6418385 -0.6066223271703015
6418778 -0.6129357055949373
6419176 -0.6453542874890759
6419573 -0.6555915228632225
6419966 -0.6358990249325468
6420351 -0.6166748135425117
6420747 -0.5973871875522719
6421151 -0.6115868043687039
6421558 -0.6228129941738871
6421961 -0.6494528932686771
6422359 -0.6534608953959489
6422753 -0.6252188232644189
6423142 -0.6084411294052795
6423537 -0.6112358358508014
6423943 -0.6114516695919361
6424349 -0.6376065575292875
6424752 -0.6463434784415982
6425146 -0.6469016051237533
6425536 -0.612073720128268
6425922 -0.6050855736686576
6426317 -0.6239763096940532
6426712 -0.6215247225528677
6427108 -0.6212612598484615
6427502 -0.6636183435587837
6427895 -0.6506095320651313
6428284 -0.6167053968435515
6428672 -0.6095367445942953
6429071 -0.619516420758496
6429478 -0.6191538649091832
6429896 -0.6348941709993849
6430304 -0.6479763155268355
6430702 -0.6195532311493575
6431097 -0.5996263079647934
6431495 -0.6037019082346465
6431895 -0.630317448806663
6432295 -0.6424064589861337
6432692 -0.6562871883567569
6433077 -0.6642765380755777
6433458 -0.6052634960731592
6433835 -0.6049067290512853
6434226 -0.6215205016611727
6434617 -0.6600026376648516
6435006 -0.6564224241640559
6435387 -0.6371003784205114
6435766 -0.6026155515852196
6436148 -0.6146182648488897
6436537 -0.6210513749464195
6436933 -0.6354772314613775
6437330 -0.6508258010839237
6437726 -0.6533809166354181
6438121 -0.6059842000687728
6438520 -0.6117755448791151
6438925 -0.6101783253725683
6439336 -0.6188797937057036
6439743 -0.6480338657082534
6440147 -0.6556448723129389
6440548 -0.6092571668647654
6440951 -0.6145669352908893
6441355 -0.6120904938491143
6441763 -0.6370346861486422
6442168 -0.6431987475037843
6442565 -0.6418933908974677
6442958 -0.6020186746926448
6443357 -0.607979612364902
6443773 -0.6028795238266522
6444195 -0.6269533407407173
6444611 -0.6561400491736913
6445019 -0.639516758662287
