3748804 1.4700689763879211
3749210 1.40415578989524
3749614 1.5032014388840165
3750020 1.5596551830718
3750431 1.558021282307062
3750850 1.5005339082860774
3751260 1.3978495894719931
3751664 1.4606183531632828
3752075 1.5495684725236005
3752492 1.5424432494246825
3752913 1.5267395511959083
3753337 1.5254102634708444
3753754 1.3940052787073272
3754164 1.4014442093507589
3754572 1.5186801391943223
3754984 1.5442850935013943
3755398 1.5328456000166715
3755818 1.5021637144628908
3756232 1.385016579755863
3756642 1.467138614664131
3757058 1.5277749270353094
3757469 1.5240967708776858
3757881 1.5111813153124984
3758284 1.425925685223634
3758683 1.4738088354322245
3759083 1.5944853130526266
3759490 1.6248770379193638
3759904 1.6033750472901134
3760314 1.4689885431899277
3760722 1.488977336597844
3761132 1.5908538539202133
3761549 1.6190204109191049
3761976 1.6030367902950902
3762405 1.5385148464108482
3762826 1.443955709716302
3763244 1.569128539814393
3763667 1.625686479227828
3764095 1.6035318416687494
3764523 1.6022158099729298
3764950 1.5108135249255288
3765371 1.469103073218003
3765794 1.5984474180099104
3766220 1.6066561647518829
3766649 1.600085253165977
3767080 1.5180808098011709
3767501 1.4491900690224897
3767924 1.580822001710489
3768354 1.6187700721728553
3768785 1.5914636629206163
3769216 1.5419494744970588
3769633 1.4202121214721577
3770045 1.4739085906832634
3770465 1.5879004485646293
3770884 1.597967096410097
3771310 1.5865094437535454
3771741 1.5291699377911518
3772163 1.4028556611467087
3772582 1.5112037090338453
3773004 1.6089100075121185
3773427 1.5974242499773017
3773851 1.5871404771925905
3774272 1.4561562919371167
3774692 1.4969650695939811
3775119 1.5730488218883707
3775548 1.5782974864965489
3775970 1.4462101177929467
3776391 1.4979404365539168
3776817 1.592029641178971
3777242 1.592991855946413
3777668 1.556203629343961
3778092 1.4731959629913072
3778510 1.421090151448152
