4018905 0.8341359013851828
4019333 0.9544102419411027
4019757 0.9503612305926992
4020185 0.934344582054338
4020608 0.8574873417984393
4021031 0.8274447316669722
4021448 0.9101372065160453
4021863 0.9402265428378698
4022281 0.9564861101550043
4022704 0.9363100347942288
4023131 0.8516134640222688
4023565 0.8277715795218232
4023990 0.9033638301777118
4024404 0.9475863386141192
4024809 0.9373256432150208
4025205 0.8600137174800773
4025597 0.7919597485334192
4025982 0.8182915964531193
4026364 0.9095747240393982
4026748 0.9345576781501954
4027139 0.9558735232377239
4027534 0.9518796321950028
4027932 0.822935513693688
4028331 0.7850591478150817
4028720 0.8462019882196479
4029113 0.931262819698355
4029507 0.9439027009700556
4029912 0.9486365922896005
4030332 0.953574542887045
4030763 0.8638406021983105
4031200 0.8144213202711781
4031631 0.8033452886550078
4032053 0.9053107071427376
4032475 0.9385685284940668
4032902 0.9393651262749869
4033330 0.94341263784381
4033763 0.8725303351346165
4034183 0.7774142593995833
4034586 0.9979542135727029
4034971 1.3761055552720391
4035347 1.3970989173834887
4035711 1.5221466909445929
4036066 1.5804427566201318
4036417 1.5929108084337436
4036760 1.3537953250437382
4037095 1.1204132499210049
4037422 0.6638926966247582
4037749 0.9842089671487262
4038069 1.0101262022018394
4038387 1.059114090652021
4038703 1.0091824190557452
4039018 1.2054140182735775
4039328 0.7979111580017961
4039635 0.7587581205895177
4039942 0.7931983514661947
4040246 0.820638845287347
4040549 0.8415249041245361
4040849 0.8102509502563171
4041146 0.7408838840183836
4041443 0.632043685924947
4041739 0.5583666078881606
4042037 0.6378032328496017
4042334 0.6753756837667244
4042633 0.6377439783829582
4042932 0.676973458245407
4043230 0.6623745674890908
4043528 0.6893433782981488
4043827 0.7010468908744456
4044126 0.6403749688763398
4044426 0.6206901385593335
4044730 0.6095934317808928
4045038 0.6594385446389273
4045350 0.6967315564283398
4045668 0.7242698740115976
4045989 0.7272617996606013
4046316 0.7281015252724075
4046648 0.6703698694472887
4046986 0.6503906573136617
4047330 0.6464005542701348
4047680 0.6958074229241445
4048036 0.7188491398742058
4048398 0.7394603231939814
4048765 0.6775805968528922
