1711705 -0.543821245777679
1712076 -0.5863001334410936
1712450 -0.6437809503030978
1712830 -0.5790887970163903
1713210 -0.5430898593709932
1713584 -0.720603636181763
1713961 -0.5356828800830835
1714344 -0.5362371882061929
1714728 -0.48778483482845736
1715110 -0.6127381593467957
1715490 -0.5732131096041675
1715870 -0.5381999602493794
1716251 -0.5924019390521842
1716626 -0.631290421352017
1716998 -0.6012482712700654
1717377 -0.5987380411236326
1717756 -0.5965296367977959
1718136 -0.6113955242081256
1718516 -0.6506918605281558
1718903 -0.6163657815523913
1719294 -0.597832913687267
1719688 -0.5926513808373893
1720082 -0.6101973474077125
1720470 -0.6066271774961595
1720860 -0.5884120945271767
1721254 -0.60402045608141
1721646 -0.6005036806836728
1722038 -0.6020862880081093
1722424 -0.5791676067972629
1722815 -0.5741959541833468
1723205 -0.5437828494851977
1723596 -0.556615102896618
1723985 -0.5906353712863126
1724371 -0.5716541065366549
1724767 -0.5299992350070388
1725162 -0.5318852242317917
1725561 -0.547847071271363
1725958 -0.5680016718196861
1726349 -0.5667210736085913
1726747 -0.5369179568289189
1727144 -0.5343025597576796
1727543 -0.5659682119072289
1727943 -0.5721356448637743
1728335 -0.5725912653272651
1728730 -0.5341513827600186
1729130 -0.5298949760607494
1729532 -0.5338631508173373
1729935 -0.5765488472581073
1730330 -0.5843683984821443
1730728 -0.5263413076738006
1731131 -0.5207569662833975
1731538 -0.5357697084349107
1731943 -0.5498958421558009
1732346 -0.5596054167743675
1732746 -0.5746230481467713
1733151 -0.5424426127954944
1733560 -0.5455735382841334
1733967 -0.5467607707220616
1734375 -0.5656355429337867
1734776 -0.5723089462560896
1735178 -0.5354152421696929
1735580 -0.540016450399913
1735982 -0.5465848499607258
1736388 -0.5640522470176215
1736787 -0.5646426089136427
1737183 -0.5519962913247497
1737585 -0.549482057791438
1737988 -0.5506650234081062
1738390 -0.5794878114908014
1738789 -0.587171773632855
1739178 -0.6101305193549578
1739570 -0.5603944184756299
1739961 -0.5374569902536939
1740350 -0.5557516292396792
1740737 -0.5601999137785946
1741120 -0.5557275394651949
1741505 -0.5351172113439603
