6326532 1.3885495521315472
6326949 1.3708593236409659
6327353 1.4632661118825614
6327754 1.4614454957849203
6328161 1.4087494347240377
6328575 1.3869622297312758
6328994 1.3778996573699163
6329410 1.354256093389408
6329816 1.3863953188010816
6330214 1.4993731723863382
6330615 1.4960901078795874
6331019 1.4490685068117908
6331422 1.4265905002698192
6331815 1.2362140328341662
6332206 1.384135203156175
6332588 1.3126899841879665
6332957 1.3755241675234013
6333330 1.481916159978653
6333706 1.455350132307439
6334087 1.4666067135126446
6334467 1.4338828110976276
6334841 1.4732496744430168
6335226 1.5074217109005073
6335617 1.5166775922259157
6336016 1.5104528884059354
6336420 1.4369085869614877
6336819 1.517762322233982
6337229 1.6189647360009332
6337648 1.5316855181609457
6338058 1.4276858016952085
6338458 1.4988365345721641
6338857 1.513131455679692
6339257 1.461183003475606
6339645 1.6101510938713233
6340020 1.6371597072567168
6340384 1.5237764524079647
6340752 1.5608967197599632
6341130 1.5145169228168278
6341514 1.3831909756749068
6341897 1.4771890329166881
6342293 1.515752129042
6342703 1.5335408765709133
6343117 1.5083089392967457
6343536 1.484656750274686
6343946 1.4221332066652417
6344347 1.4967301070036867
6344758 1.4836202675945047
6345173 1.45318362656489
6345597 1.4633854429536046
6346015 1.4305421280786614
6346424 1.5337727094488076
6346839 1.511150182178746
6347257 1.4866034856903614
6347677 1.4783889265090648
6348085 1.4734419940980115
6348490 1.546620014284605
6348904 1.5342038213529228
6349332 1.5224169335374866
6349752 1.4646116591011704
6350167 1.6056307736554172
6350588 1.7553799735170097
6351012 1.6239501581702809
6351434 1.7134735202461082
6351852 1.6724247573673585
6352254 1.5612605696786777
6352655 1.6168913949309518
6353063 1.6781116117558463
6353477 1.6641332759618745
6353892 1.6302279755389883
6354314 1.6849970247181831
6354736 1.5914592485170465
6355158 1.6559785651080168
6355596 1.6941410684487628
6356058 1.7124254977381055
