752826 1.664638890248435
753239 1.6421037888671546
753653 1.5432223487947083
754061 1.4715562978694157
754467 1.7430188514946376
754893 1.7835405186973978
755312 1.6419733159114795
755720 1.4455110725739337
756115 1.327782214267859
756503 1.3434279240473215
756897 1.480248586390897
757323 1.6297378297785376
757767 1.7025367784176302
758220 1.6900846693878497
758663 1.4435092471086473
759098 1.5006412994891685
759528 1.5256409378513185
759960 1.5418926900601964
760383 1.4096247809610323
760803 1.490920160423233
761219 1.5795602080576856
761638 1.624561124251803
762062 1.611997992281226
762478 1.6459113411483848
762888 1.6329127926723803
763283 1.6829098909541544
763676 1.6982527560487495
764072 1.562088931534706
764472 1.675778383737518
764896 1.662303155767872
765342 1.760142939877354
765798 1.7080244622948528
766238 1.5856597800871008
766693 1.6464909036392357
767156 1.7176865564814485
767616 1.752942729870735
768073 1.6962121895807873
768522 1.5407227242821295
768978 1.6566134114425666
769432 1.7271473550017173
769876 1.471434542756374
770320 1.536823937150384
770770 1.5892586543197726
771227 1.6100769106245165
771683 1.662336781427759
772131 1.561290582669537
772584 1.6010453128509146
773037 1.5983249278158551
773487 1.62077356548637
773935 1.547899936965195
774377 1.4943434023919921
774826 1.5807939939464466
775272 1.5954730692458328
775721 1.6027007652312188
776164 1.5211583629701453
776602 1.54248762677965
777049 1.5827314002182198
777496 1.4900271492006496
777938 1.6421463218823218
778378 1.641677631597464
778808 1.5242953435314992
779236 1.5858943085768327
779675 1.615712171632406
780113 1.645050769849422
780550 1.6636396603189496
780987 1.5608245006979753
781417 1.5445820017038487
781857 1.672913169179042
782294 1.69213833241825
