3569300 1.7041981846091545
3569761 1.6678929640386997
3570224 1.6207253271850712
3570682 1.5539769226747615
3571136 1.5928685534494316
3571596 1.7102893869008118
3572064 1.6790643866430768
3572535 1.6364301075981038
3573001 1.5838529953987708
3573454 1.5866932955163422
3573909 1.7007332823544536
3574371 1.6743802347031007
3574836 1.632798817647781
3575294 1.563488156709596
3575741 1.6426736240142343
3576195 1.693054523566551
3576650 1.6559852940750968
3577104 1.6143316312912244
3577551 1.58124728224879
3577993 1.5130124288105082
3578431 1.6253121174530176
3578875 1.693021171083065
3579318 1.655459152440962
3579761 1.6016597830644594
3580204 1.5932737183815964
3580640 1.5331362826979928
3581074 1.5949448061440539
3581512 1.6857034881506023
3581957 1.6683215424063014
3582406 1.6261235273412793
3582856 1.5993151367693126
3583298 1.5592676147068407
3583741 1.6094367786810184
3584193 1.7032849705412105
3584649 1.6816648395421523
3585100 1.6307959344060232
3585544 1.6030596433719326
3585987 1.6828323470411346
3586443 1.7164414653465583
3586901 1.667722515086945
3587364 1.6161813476938147
3587816 1.5694691301379717
3588270 1.7061492728642234
3588729 1.6924357698998913
3589194 1.655112911653519
3589659 1.6225156062574446
3590108 1.5543487036209203
3590551 1.591403066373511
3590996 1.697314823303737
3591440 1.679297317871571
3591885 1.64141901618484
3592322 1.5494889654220474
3592755 1.547176090103772
3593188 1.6621910880170108
3593625 1.6995402160263728
3594067 1.6677012693423532
3594512 1.6423548932713259
3594951 1.5918733797996256
3595385 1.5611513851510188
3595818 1.6502011151519955
3596258 1.6880666848898496
3596699 1.6909319707183172
3597143 1.6492241522154474
3597576 1.5453840151789338
3598004 1.5062548141517813
3598406 1.4028329714658336
3598802 1.551166871149813
