1681596 1.3572517121634062
1681925 1.442584479621775
1682255 1.1499580431617833
1682587 1.0720031548268119
1682918 1.0085282144197496
1683253 1.3222670676911183
1683585 1.3217142909957231
1683916 1.346166676581597
1684245 1.1502096312991634
1684572 1.1281046884546786
1684901 1.413508202710722
1685233 1.3606120796091157
1685562 1.2843480704533379
1685889 1.294585837328703
1686214 1.4028599359241616
1686539 1.162656820007781
1686865 1.1380819345910305
1687192 1.0694115462308014
1687519 0.9308923564865184
1687844 0.9209828296593601
1688167 1.3995016055506282
1688489 1.4755874422614825
1688812 1.1673529025523193
1689136 1.156474927109945
1689461 1.0158716080099504
1689788 1.2955979325123732
1690114 1.381428545755869
1690440 1.1666117547401629
1690768 1.1946220807751962
1691098 1.1248235801764108
1691429 0.9725650683276355
1691761 1.3109249440226702
1692091 1.4389108442641954
1692420 1.1552739453618337
1692750 1.130625092060626
1693083 1.3812264594005905
1693414 1.2745816066482525
1693743 1.3107331184933055
1694070 1.3828342926181643
1694396 1.4450139384806109
1694721 1.1410993150018733
1695046 1.1237321933137896
1695373 0.9471237247523949
1695698 0.9594300520369907
1696020 1.3706444877101136
1696341 1.154871782896012
1696661 1.1314693126575688
1696984 1.092960432003584
1697309 1.262088679628913
1697632 1.2933050685484724
1697954 1.3642913800224443
1698274 1.1665078801440312
1698592 1.1901437464346538
1698917 1.1189613831455192
1699242 1.2499931505841966
1699568 1.273795956459928
1699890 1.3784850486033131
1700212 1.1631489907939587
1700533 1.1954527071133083
1700859 1.120560760050958
1701032 -0.06568948172288219
1701516 1.3161139596724054
1701844 1.4316090078911388
1702167 1.2285544009334775
1702493 1.1799124437241155
1702821 1.1279667452338902
1703152 0.9464290533233661
1703480 1.272401048352294
1703806 1.3647001223569704
1704131 1.1671173866511046
1704458 1.1300697982081072
1704789 1.4134076151875896
1705123 0.9729668124582901
1705453 1.2874217473632288
1705783 1.3730926883134869
1706112 1.1595290277236738
1706441 1.1719655353047245
1706773 1.0934379379585908
1707105 1.3368307230322285
1707437 1.2610934946890189
1707767 1.338753891677019
1708097 1.142748832848306
1708425 1.0957375247981287
1708756 1.0626131815009874
1709086 1.3367811595596422
1709414 0.9359774915923877
1709741 0.9518720168209551
1710066 1.399146852217585
1710390 1.1530886839379881
1710718 1.1620096590693691
1711048 1.0745645237759527
