6828121 0.7619743342568099
6828471 0.708804322247564
6828825 0.7185657993023935
6829183 0.7377114719940268
6829540 0.7029496774708366
6829895 0.5770599078354072
6830252 0.6583286641601317
6830609 0.7060548788549856
6830961 0.6649765645045373
6831316 0.6131446204615136
6831673 0.6664370351473723
6832027 0.5480492981714707
6832382 0.45616259704718204
6832738 0.6307369178715131
6833094 0.650489786912819
6833451 0.6622388438354346
6833808 0.6475658959567627
6834168 0.6829873114998147
6834529 0.6788081586972508
6834887 0.6242430516540091
6835246 0.6986696853530784
6835605 0.6956215549877702
6835960 0.7009340958295431
6836317 0.6172227071619805
6836669 0.6643439125926103
6837022 0.6650139036495504
6837374 0.6838475095665639
6837722 0.6555845942852883
6838071 0.6762490253713065
6838419 0.6206869955783103
6838766 0.6768873033385276
6839112 0.6775489844995077
6839457 0.6591423912406549
6839802 0.6815570757860825
6840146 0.7403777107073051
6840490 0.7117848851869988
6840833 0.751124305465138
6841175 0.7405645364528868
6841519 0.8793056461998319
6841863 0.8765207224597817
6842204 0.775403044501817
6842545 0.7500711883513753
6842889 0.7130128322959176
6843233 0.6386435114085658
6843577 0.7030902935980434
6843920 0.671668023214355
6844262 0.3726632276759187
6844609 0.525962339905671
6844954 0.3934467836950358
6845301 0.45422195471873794
6845646 0.4837461416166401
6845993 0.6644896892815035
6846340 0.6849551789272741
6846681 0.649006486075977
6847022 0.5197061385826379
6847362 0.4961796541334933
6847702 0.5881482465179546
6848042 0.5944103422897262
6848384 0.6300001321240318
6848727 0.609947005043701
6849074 0.6222231386774774
6849421 0.6299068882799876
6849769 0.6074326779412353
6850119 0.6171142983555258
6850470 0.65685539274141
6850822 0.6284900771667662
6851175 0.6328699145049999
6851528 0.6102634438415304
6851881 0.6420499806582008
6852237 0.6411162459605637
6852592 0.6698584051594451
6852943 0.7146057428293194
6853295 0.6124952223021055
6853648 0.6660801804212377
6853999 0.5985785320256066
6854345 0.5591468273864795
6854695 0.6515743159644132
6855044 0.6371063679293867
6855391 0.5759945388801929
6855734 0.5614396917815041
6856081 0.6228204480612736
6856429 0.6535573990453634
6856778 0.6744992146438439
6857125 0.6077639599111442
6857474 0.6041844616705604
6857827 0.6378639301026148
