3297221 0.9072218136414345
3297601 0.8390228005176243
3297975 0.7914846528550825
3298352 0.8665807446250223
3298730 0.9155792879606028
3299107 0.8511542053587751
3299477 0.8061483083082264
3299850 0.8860017923887211
3300225 0.9232175957650369
3300595 0.8249701759019125
3300961 0.8066674021396603
3301332 0.8990427634777571
3301702 0.9234082824803
3302068 0.830219487428489
3302431 0.8046765268777292
3302800 0.8985086584329001
3303169 0.9226558827073464
3303537 0.8520101506716657
3303900 0.7982385027595353
3304266 0.839208624548275
3304633 0.8892658793875667
3305002 0.8855020771342645
3305366 0.8138320391841212
3305730 0.8400709398579829
3306098 0.8986103698110706
3306465 0.8881994595756619
3306828 0.8170030966106794
3307188 0.8322649333261521
3307553 0.8991311341032757
3307916 0.9106069584523454
3308278 0.8445434663094116
3308637 0.8214481444884691
3309000 0.9033577553400569
3309365 0.920877331401809
3309729 0.843032722768009
3310092 0.8066316118061424
3310460 0.8851658432182652
3310832 0.9136217616372051
3311203 0.8689686916950993
3311570 0.8176744888311922
3311941 0.8610760164532314
3312313 0.9165918668736759
3312686 0.88087385878558
3313055 0.8117718439916558
3313425 0.8390612957296173
3313802 0.9141674787878269
3314178 0.9015078475326854
3314548 0.8170341231287765
3314920 0.8363247329501621
3315294 0.8991077207932023
3315668 0.891080165416374
3316037 0.8272596010900131
3316404 0.8009207706851944
3316778 0.9060178211176589
3317151 0.9008196409319469
3317519 0.8291356006087582
3317886 0.8256651347751766
3318256 0.8942419042860279
3318627 0.9189236196409267
3318997 0.8696181633361749
3319360 0.7961521582001148
3319725 0.8370788191958192
3320092 0.903703329954679
3320459 0.8916920864194269
3320820 0.8202863017631598
3321181 0.7902266085811924
3321545 0.8886161482198077
3321913 0.9214366199021726
3322281 0.8700709376384537
3322645 0.8032296586312586
3323010 0.8031502537616272
3323378 0.8839365602849167
3323750 0.9032125001284491
3324120 0.8469434741696016
3324484 0.7319821576375489
3324849 0.6781593130024476
3325211 0.47582565455573267
3325565 0.41063505261903466
3325917 0.3854779968561059
3326272 0.4008358400754407
3326632 0.4521784602748653
