3416134 -0.01247321928571632
3416583 -0.009041703346986452
3416950 -0.014772309329527722
3417355 -0.014066046809486477
3417766 -0.0118995958978933
3418199 -0.01060944695435695
3418583 -0.016616302556674567
3418985 -0.013549213908068125
3419402 -0.010503496453454997
3419797 -0.012016843825378987
3420200 -0.018052263310252115
3420596 -0.016515241312214157
3420990 -0.012665899177281503
3421389 -0.011556841356339553
3421786 -0.013646884616131505
3422179 -0.014457984843970262
3422572 -0.013228806478106203
3422984 -0.00982767432947923
3423370 -0.012044368843890818
3423766 -0.012953101652115329
3424164 -0.013518112927913384
3424567 -0.011978134401695928
3424984 -0.012084288591827641
3425367 -0.01412552381986848
3425767 -0.013203571919491008
3426161 -0.014969905879361922
3426542 -0.017014110859658038
3426930 -0.014142302557145214
3427309 -0.009165642272168595
3427681 -0.013783433692600933
3428080 -0.014401493769171714
3428311 -0.03132743127690679
3428831 -0.009385419805599926
3429209 -0.012002515583351803
3429575 -0.012446723948864202
3429966 -0.012680557794398528
3430368 -0.011101039993965334
3430748 -0.01371860297412103
3431149 -0.008643250872095942
3431539 -0.015518114948390394
3431931 -0.011905676694718648
3432336 -0.011535473297633436
3432705 -0.01264279722533762
3433079 -0.018610305745643707
3433459 -0.015254703473470466
3433838 -0.01236286537799991
3434215 -0.010815153682938616
3434608 -0.012847140060177342
3434996 -0.014647665010194322
3435372 -0.01463017148073159
3435763 -0.012909818502289727
3436172 -0.010020932034040586
3436560 -0.014256152169339453
3436960 -0.01838872266045838
3437373 -0.012416960607104288
3437771 -0.010741981912423038
3438170 -0.013342931671470104
3438557 -0.012940026433358676
3438952 -0.013534422426399018
3439347 -0.01266169295628089
3439762 -0.012491909588005501
3440148 -0.009797900235641477
3440545 -0.008975779693434272
3440939 -0.015445740587426482
3441353 -0.013104475629745926
3441756 -0.010087673087463833
3442162 -0.011411762576774287
3442562 -0.01280501511394716
3442955 -0.008999219227405209
3443389 -0.009010702352444389
3443798 -0.011952555398657139
3444168 -0.01218307728713619
3444586 -0.012905393681759247
3444979 -0.014448756056052725
3445353 -0.012179714320850021
3445754 -0.010937720622083202
