393289 -0.14560683141936354
393608 -0.16520434408881524
393924 -0.19962700111083376
394243 -0.17410812792569758
394561 -0.2075436430283641
394876 -0.2133724452277994
395194 -0.19359106772796714
395510 -0.1786621622447263
395825 -0.16441522133313663
396139 -0.15872327350951682
396452 -0.16527860906407332
396765 -0.15785120111370937
397075 -0.20384939336911845
397388 -0.13367877693272745
397703 -0.14460938843115284
398020 -0.12457637124619675
398336 -0.13763291857821208
398683 -0.12275908364083166
398976 -0.13510754331286384
399296 -0.16024897173623337
399617 -0.14987921690431943
399942 -0.15154706267712448
400264 -0.17127197680410805
400586 -0.18014350763383014
400911 -0.11919454663417611
401233 -0.1682316176008608
401559 -0.16693644446806255
401910 -0.1063605672186087
402237 -0.23478845223615363
402548 -0.11806499723198621
402884 -0.14187223984357383
403223 -0.13830841706632335
403562 -0.1264196186326006
403899 -0.14119322342425566
404238 -0.16262789608692496
404573 -0.15184989905404633
404909 -0.12029820480519965
405247 -0.16583373375908494
405585 -0.12177993993852965
405921 -0.1124213638388552
406261 -0.12488466148132416
406599 -0.10360015446778115
406938 -0.13570719983836282
407274 -0.13654626226450178
407609 -0.1053802628254249
407944 -0.06588315656706706
408278 -0.09595150148944337
408607 -0.1349932571670735
408939 -0.1028370032356164
409272 -0.1627416331387327
409599 -0.10181319890196011
409927 -0.12427172460152142
410250 -0.09329531441278394
410573 -0.10268309029113609
410917 -0.046718046731832885
411231 -0.12903992470894526
411560 -0.10149149766524401
411887 -0.11994947851736781
412214 -0.08356596865010757
412544 -0.12127162818507298
412871 -0.09430299753848043
413198 -0.10749332453329263
413526 -0.12181972489187282
413853 -0.10313886967784258
414180 -0.1548238548887343
414506 -0.10018555979912142
414836 -0.0800247659056863
415168 -0.06500215675542159
415495 -0.10020177982621548
415829 -0.08275998106764054
416160 -0.08264667252552277
416492 -0.09076545215451448
416825 -0.07610657347958166
417157 -0.09265011886513053
417494 -0.0931544520267093
417827 -0.08159275127160426
418165 -0.11373926430673242
418502 -0.09675743544839605
418860 -0.046492693236595994
419217 -0.048325610196112034
419501 -0.11780487589999256
419847 -0.07816710924707593
420161 -0.06091595450022674
420491 -0.09372163396979363
420817 -0.10179376984737992
421141 -0.10294707455112356
421466 -0.13286097380295497
421786 -0.1016181703517452
422111 -0.10345507975595936
422429 -0.13705886103588388
422773 -0.1882188177045344
