1111471 -0.2744249920882012
1111866 -0.14372257226747998
1112254 -0.1472528077354886
1112640 -0.18012702471724068
1113027 -0.17020321177376013
1113413 -0.1417155173155385
1113788 -0.17693255942545988
1114162 -0.21567058910745895
1114534 -0.1272105858158084
1114901 -0.09774636366077116
1115258 -0.1443067593600436
1115616 -0.124531373567482
1115970 -0.13805313434604577
1116316 -0.12908242555412242
1116663 -0.143884385537824
1117007 -0.17263182265194088
1117346 -0.18227231036515013
1117689 -0.12900122149629345
1118028 -0.14226279265335584
1118365 -0.11207425320317393
1118702 -0.10987213230484144
1119040 -0.08283231086125065
1119378 -0.1264814878173815
1119714 -0.1176676048062309
1120052 -0.13736132263841966
1120396 -0.0948758972986915
1120742 -0.10091059277017328
1121085 -0.12043184484307301
1121436 -0.09910122610038224
1121788 -0.11929847814829264
1122136 -0.12158075969692345
1122486 -0.09015334852300477
1122839 -0.09627046604032369
1123187 -0.09405845069065605
1123540 -0.0755583916766489
1123890 -0.08616638876288907
1124236 -0.08007582406119457
1124583 -0.1117036046479653
1124935 -0.10894228490353042
1125284 -0.12259383950450187
1125632 -0.09597892094529142
1125984 -0.1015660091519473
1126333 -0.11186814003238943
1126683 -0.10500960112460406
1127033 -0.12722196777286027
1127377 -0.13294370790108417
1127723 -0.1569293329271227
1128069 -0.09710895798913843
1128413 -0.12777120472845294
1128772 -0.19045871239934792
1129129 -0.10234460847945559
1129453 -0.10103544593934616
1129878 -0.0915676073270919
1130184 -0.10599418382817982
1130504 -0.12320167980139934
1130872 -0.22801246479320314
1131202 -0.11790188790244577
1131379 -0.26033327913585896
1131586 -0.13403154674569445
1131904 -0.0971548830937301
1132323 -0.2526943303833611
1132619 -0.006635430795842279
1132953 -0.09716851228410606
1133335 -0.25265982094431794
1133640 -0.12286762497353054
1133985 -0.12402306580710576
1134329 -0.12454156770475566
1134668 -0.2050935772517557
1135023 -0.12217889451611552
1135354 -0.13360798781267658
1135691 -0.11224303961545412
1136035 -0.12792994250153145
1136379 -0.16094422740649672
1136721 -0.12923379488132225
1137062 -0.13268785585576726
1137406 -0.1153870704145763
1137750 -0.1087860717139757
1138092 -0.10432103001326543
1138437 -0.0924095455969226
1138785 -0.08907436487845499
1139133 -0.10838224818156972
1139477 -0.10364202755115859
1139824 -0.09576778298921074
1140171 -0.10698872817268013
1140517 -0.10192499558554291
1140862 -0.08749341806253896
1141207 -0.06815295636060603
