5421430 -0.057777017603397596
5421860 -0.05970018422354911
5422283 -0.049044048094778914
5422711 -0.051795887652395844
5423148 -0.04781274882624842
5423588 -0.05852170561508574
5424021 -0.05783716943318157
5424460 -0.05407655441912451
5424906 -0.04753255547026014
5425354 -0.06121225959627796
5425792 -0.05587344067098848
5426229 -0.051061228857219865
5426673 -0.04459788849551555
5427113 -0.054186536742490854
5427548 -0.052954932232075924
5427979 -0.05884410425798797
5428417 -0.051753782119928315
5428857 -0.05429897898143676
5429298 -0.06056231605043649
5429735 -0.060034387438755
5430167 -0.059396985583725415
5430607 -0.050218804181189014
5431049 -0.055070659913598774
5431489 -0.06140985088594475
5431925 -0.0577823456659477
5432368 -0.04907723760380034
5432813 -0.05405801908191943
5433252 -0.052382873567544785
5433694 -0.05397052475808889
5434142 -0.048558634396392075
5434591 -0.05866947649738247
5435035 -0.0596514318460154
5435476 -0.05724167557286486
5435921 -0.04899526329000642
5436366 -0.053304007737205394
5436806 -0.06095951363663166
5437247 -0.04596007116479528
5437689 -0.0515958231927352
5438129 -0.05948206077600238
5438564 -0.05498861856346288
5438999 -0.05345040983840754
5439435 -0.05548431553142097
5439867 -0.06137320599624785
5440296 -0.05782154324643246
5440725 -0.04853111506832858
5441157 -0.05657739198210415
5441595 -0.05855704873230133
5442026 -0.051195846707540626
5442460 -0.05338180481693511
5442898 -0.049652907614914976
5443335 -0.05557681059390518
5443764 -0.05591620918165868
5444195 -0.05532788848035042
5444629 -0.04387127319369427
5445066 -0.05136408283850341
5445497 -0.058291404700595795
5445927 -0.05614063632050281
5446361 -0.052947051608561446
5446798 -0.05563792460045869
5447233 -0.060510754234470276
5447667 -0.05314713934817222
5448100 -0.04520782731108475
5448541 -0.04980506272173385
5448979 -0.05507691030828488
5449416 -0.05326070719516063
5449856 -0.05122535665989669
5450300 -0.05094538876026411
5450739 -0.06248207346907736
5451170 -0.05692250017631073
