1380861 0.7055926260606966
1381264 0.698164986332602
1381660 0.6901412394546246
1382062 0.7202818214981164
1382465 0.7143810628190927
1382868 0.6965113120544788
1383268 0.6695993821733752
1383670 0.712612561613614
1384076 0.7173974009423314
1384484 0.7102150249445733
1384892 0.6911625900271481
1385291 0.666555362221338
1385692 0.7213142745071524
1386096 0.7185533751090915
1386502 0.7083265226228175
1386908 0.7056222040377584
1387308 0.7150074603285865
1387714 0.7168772250017763
1388122 0.6993087072760654
1388523 0.6792565108244
1388925 0.7096202702584009
1389331 0.7161854920160418
1389740 0.7044272687771778
1390139 0.689404605922317
1390546 0.7153729377682291
1390951 0.7101335046668114
1391350 0.682247865724098
1391747 0.6995073267974921
1392150 0.7138248614921208
1392554 0.7079416192852334
1392951 0.6689660528750321
1393345 0.7051518783452213
1393744 0.7063379055601523
1394146 0.7236323106067903
1394542 0.6956984802735156
1394943 0.7083764680733703
1395348 0.7116635426952124
1395746 0.6846351747223909
1396151 0.7184424134721275
1396559 0.693960654659048
1396963 0.6877054676399563
1397363 0.6952666893162058
1397765 0.7117430621066783
1398169 0.6973042285519216
1398564 0.6842802505417938
1398963 0.710139131097628
1399363 0.7007713937489382
1399760 0.6928439236757767
1400153 0.6888732919084235
1400545 0.6971727663419007
1400940 0.6804661367152105
1401326 0.6465142437291604
1401706 0.6525243939893555
1402091 0.6763940165143327
1402481 0.6723156670541006
1402871 0.6765937247067301
1403257 0.6452756769048462
1403644 0.6768927960059874
1404032 0.6785738969730226
1404421 0.6743129875842038
1404802 0.6406633638400971
1405188 0.6752302433386008
1405576 0.6835454763289801
1405969 0.6824885955296434
1406352 0.6411602771147045
1406738 0.662978581657909
1407127 0.677793882730281
1407518 0.6742652010064674
1407905 0.6569614186341745
1408285 0.641255716737887
1408673 0.6829416261654009
1409064 0.6728780171933071
1409451 0.6521518244790346
1409836 0.6588736696555202
1410226 0.6847310592876287
1410619 0.6724770511049679
