4254351 0.4802824207499136
4254680 0.5362590267688154
4255012 0.5230112210461075
4255346 0.5395898205342089
4255679 0.5536388184927795
4256007 0.4731404183536223
4256342 0.5107917515026072
4256673 0.569831213469348
4257006 0.5609653236491653
4257335 0.5100524997684901
4257666 0.5793424555819834
4257999 0.48925216474734745
4258333 0.5806657818052591
4258669 0.5353511786601948
4259001 0.4817022194928755
4259338 0.5362513299819395
4259677 0.558221309387554
4260018 0.5012113693354411
4260360 0.5122625592523371
4260700 0.52105885841804
4261041 0.4908197258750926
4261384 0.5222214834188554
4261726 0.5168372281984697
4262064 0.4562825079642851
4262401 0.5227827662069026
4262740 0.5548496810216603
4263077 0.5007597803813848
4263411 0.5423291388446096
4263750 0.5276093387463274
4264088 0.5482384992234012
4264428 0.5480856911727492
4264764 0.5113664273661398
4265104 0.5679883909270355
4265444 0.5030829349892477
4265781 0.5282342593259216
4266116 0.46668797918184335
4266452 0.506951357594339
4266788 0.5114090451583738
4267121 0.4571145560907378
4267455 0.5393820765235198
4267791 0.5338171646212122
4268127 0.5062461450296822
4268461 0.5160303757677336
4268799 0.5030542942110936
4269139 0.5260216562122105
4269472 0.53244908336738
4269810 0.5556671146489247
4270144 0.5809293784481149
4270476 0.4461571395370082
4270810 0.5290223284031399
4271147 0.49130821745730757
4271483 0.4943688471792875
4271821 0.513622635927945
4272161 0.4943347942551902
4272500 0.5204760749393484
4272843 0.5670244600516493
4273185 0.5325608014269342
4273528 0.5201324645435643
4273868 0.5161181611216816
4274210 0.5647210777689008
4274551 0.541150252333379
4274889 0.5266366011598729
4275228 0.5061042454418638
4275570 0.5754326804875391
4275911 0.5074993663572325
4276248 0.5557223434158037
4276587 0.5269971288786512
4276924 0.49364211011165476
4277261 0.5051247545049473
4277601 0.5443765504535187
4277941 0.5426385387506301
4278280 0.53195438614084
4278621 0.5441378479821627
4278960 0.5442925315249836
4279300 0.5714974000195281
4279638 0.5383362471986729
4279980 0.555261999741371
4280318 0.5418535674428817
4280659 0.5748870663479583
4280995 0.5192826363698538
4281337 0.5351692394269708
4281677 0.5183838513796626
4282018 0.5470387517096388
4282354 0.5079586945255185
4282696 0.5910723113151507
4283037 0.5043206345067385
4283379 0.5854066160306349
4283717 0.4063496852377802
