1291335 0.7326001253094244
1291721 0.6986625065215462
1292109 0.7280558528313175
1292491 0.6904796714137382
1292880 0.7229584709956809
1293266 0.7238723327352451
1293646 0.6880487064134156
1294022 0.701969919191977
1294395 0.71700711446396
1294776 0.7166281782713767
1295151 0.6566204432875644
1295530 0.6918611895090052
1295919 0.7161968595281538
1296313 0.7147621681747988
1296711 0.7143494801269277
1297105 0.6972655696431261
1297508 0.7182096655421408
1297913 0.7257636231683563
1298322 0.7113958809022756
1298726 0.6984060181447663
1299134 0.7174892364770454
1299543 0.7188064884263419
1299952 0.7110528472359232
1300353 0.7090226780752591
1300760 0.7214017357114407
1301168 0.7251883592057768
1301570 0.6915160026903074
1301970 0.7155708107523608
1302376 0.7181653265015695
1302782 0.7227195902153482
1303178 0.6660015298098776
1303576 0.6837849170943946
1303975 0.6649456268368223
1304374 0.6552063803616652
1304767 0.6489759835947817
1305167 0.6639157621382078
1305571 0.6723053558014451
1305976 0.6688552006888449
1306375 0.6431906673747574
1306780 0.6814982684870197
1307182 0.6978180553371607
1307577 0.6645456665812948
1307979 0.6967241211885831
1308383 0.7073225692820502
1308789 0.6913729708155396
1309186 0.6808099330167492
1309594 0.7027522989497099
1310002 0.7052163122527793
1310406 0.6987691459887531
1310807 0.6852095566918848
1311216 0.6969679642087303
1311625 0.7077813754892043
1312031 0.6993377453876697
1312433 0.6936041736533554
1312841 0.7105699711750324
1313249 0.7102381199920929
1313652 0.6940789293111779
1314055 0.6941756875141212
1314461 0.714801130243867
1314869 0.7126292754458983
1315273 0.7023369464979774
1315673 0.7048621952669125
1316082 0.7151922164304234
1316492 0.7137177079861137
1316897 0.683311755303174
1317303 0.7120037013606253
1317716 0.7100749789680258
1318129 0.7101405354339181
1318534 0.6803331590800377
1318937 0.7111096367804328
1319346 0.7178475399448734
1319755 0.7117017263756832
1320154 0.692392116487607
1320558 0.7187060597036745
