1141505 0.4092329892565983
1141916 0.40429705382553427
1142330 0.4540202949436434
1142739 0.47072648861566074
1143149 0.46698886812762763
1143560 0.46561854790904633
1143965 0.44104501096737303
1144371 0.4367052983462771
1144786 0.45087730804104326
1145203 0.46030770188969744
1145623 0.49456991300889563
1146039 0.4844906565138115
1146449 0.6031549186384166
1146850 0.450596147416939
1147241 0.4243524572109343
1147634 0.46356701058810235
1148024 0.4720346718762165
1148411 0.40494616422878116
1148791 0.40526855246814864
1149175 0.3775950457478254
1149559 0.42699204485301623
1149943 0.4642342816900306
1150322 0.4122940268152161
1150699 0.44186591969784994
1151080 0.3680178893874534
1151458 0.49909517345305887
1151838 0.6064176613017362
1152211 0.5832208213897757
1152583 0.5556518484798919
1152947 0.41743067456936234
1153310 0.5462740735260473
1153677 0.5413604675744529
1154037 0.3674028127054514
1154394 0.3904162886598772
1154756 0.44741297953506454
1155122 0.4779425818052883
1155490 0.5103299275888289
1155860 0.4844666921753689
1156222 0.4153281190000187
1156589 0.4397872709194502
1156952 0.46542515354688085
1157323 0.4799812199957759
1157696 0.4658027826839086
1158064 0.42682869303038445
1158442 0.44703392419186083
1158827 0.4877347328933258
1159222 0.502096503171646
1159624 0.44142376679022644
1160022 0.4436562021063453
1160428 0.4649890751338883
1160839 0.4828151872556268
1161253 0.4651991670717253
1161671 0.4588749790147665
1162077 0.4427493845297574
1162490 0.44436064832716743
1162902 0.45851578781347424
1163316 0.48613885738084495
1163728 0.4374721537212729
1164131 0.42198691527939136
1164539 0.4527707112342141
1164948 0.47702684851093335
1165360 0.46443406931087083
1165762 0.4347937734549004
1166169 0.4467320464569159
1166580 0.4803689625348363
1166993 0.47056231593062536
1167399 0.4251026140755134
1167809 0.4537783480045601
1168224 0.45339422030551746
1168639 0.4737870834451529
1169053 0.45888063848646304
1169458 0.40319356596029243
1169865 0.42894632302378083
1170281 0.45956455420226816
1170695 0.4601216947016189
1171104 0.4285575013188026
