4584342 -0.12186184103645126
4584698 -0.1395547839828417
4585054 -0.13522278650186786
4585409 -0.1262763009306408
4585769 -0.10592226410023015
4586132 -0.11277547889872341
4586494 -0.10808394275269828
4586857 -0.10591300251016589
4587220 -0.12314974755579955
4587582 -0.10686970627040238
4587941 -0.15028894098321155
4588294 -0.12575891675320472
4588654 -0.10846369178202658
4589014 -0.132321411479015
4589377 -0.12215092438781328
4589744 -0.120990381634904
4590113 -0.1147817441177928
4590484 -0.12888007338704138
4590849 -0.1267849801759307
4591222 -0.10852508109823072
4591595 -0.10223464610543831
4591971 -0.11012192340249038
4592346 -0.12451030637690064
4592720 -0.12421377966592567
4593088 -0.1378783054260992
4593461 -0.10579385635959121
4593835 -0.11384609593830614
4594207 -0.1318489064310434
4594576 -0.12366371517331115
4594937 -0.15881660347035076
4595303 -0.10424099804757014
4595691 -0.1731831334419653
4596031 -0.021403856756130546
4596388 -0.1387843419941317
4596745 -0.10061944339616713
4597103 -0.10529335539002749
4597461 -0.12093605338496194
4597819 -0.10604739816795439
4598171 -0.12644056563270856
4598531 -0.09528786706656411
4598890 -0.09490384433967397
4599251 -0.09887877747746732
4599615 -0.09560101044591074
4599978 -0.11826459480816282
4600339 -0.11529925783462719
4600706 -0.11960623311462842
4601074 -0.11010324746587691
4601442 -0.10121958728433628
4601804 -0.12915908532622605
4602171 -0.1322280982433371
4602538 -0.1187802851687581
4602903 -0.11381924755509515
4603268 -0.12314490730102756
4603629 -0.14338583994787402
4603997 -0.12662946500228395
4604363 -0.11430036105964247
4604730 -0.1148416285437922
4605096 -0.11863567819878612
4605458 -0.13779249545235706
4605824 -0.13300585035656692
4606192 -0.11030019314437256
4606562 -0.1174107582084643
4606930 -0.12285493034568779
4607294 -0.12324870725753029
4607663 -0.1132991171997097
4608032 -0.11400885217085471
4608404 -0.11765096300185279
4608775 -0.1123423759063858
4609140 -0.14090346900946554
4609507 -0.11624731013193773
4609882 -0.022579378906087966
4610249 -0.08314238454599626
4610591 -0.1069414666299219
4610948 -0.07214056473113589
4611298 -0.12810870833554958
4611652 -0.1449550395741971
4612008 -0.11544006523485395
4612364 -0.08737634282201703
4612717 -0.11245851729836354
4613071 -0.1258574525592327
4613429 -0.1376765497774613
4613786 -0.16660404322382916
