692625 0.772212039024041
693061 0.727360719359329
693495 0.6625527185651511
693924 0.6835823363733656
694366 0.7148399728917443
694811 0.7598180848668826
695252 0.7061087760189102
695686 0.6587214483406072
696124 0.6879284423447676
696576 0.732057991805823
697028 0.7641012157841334
697470 0.6806197013075275
697907 0.6659437992848365
698355 0.6982437484189201
698813 0.7449354541934163
699268 0.751185699704948
699712 0.6778425537261583
700152 0.6785507128641354
700602 0.7144744881649455
701057 0.76320098561684
701509 0.7370515623135117
701955 0.6752920960278304
702389 0.689408439070572
702833 0.7310880320352958
703282 0.7687053248241105
703722 0.7085667370643429
704154 0.6626068934484444
704589 0.6986169833082572
705033 0.757717617649456
705479 0.7727297666082373
705918 0.6896871349918043
706350 0.6878727587031266
706790 0.7268206852036134
707234 0.7780316444423659
707673 0.729306261588959
708104 0.6742234797519837
708534 0.7022436623962751
708976 0.7392461265656232
709424 0.7735456407268968
709862 0.7179940039251405
710294 0.6686113142869021
710727 0.6949766992719637
711172 0.7506958332240943
711617 0.7758015484683187
712052 0.6943266240307755
712483 0.6744222679256024
712922 0.7138915388646179
713363 0.7488099001855024
713807 0.7553729831394038
714241 0.6897667209827563
714669 0.6894431970150052
715104 0.7308433476097901
715548 0.7711588815093977
715987 0.7542139133716979
716418 0.6775355764293327
716843 0.687303882873343
717283 0.7288264350270541
717725 0.7834490014141103
718164 0.7264057577125698
718597 0.6630998224008753
719031 0.6981408234911859
719479 0.7340476925741941
719929 0.7721752486311995
720371 0.7180148838644009
720810 0.6646008998920644
721249 0.6986143258521396
721700 0.7526806402448714
722151 0.7839308665962337
