87
89
85
86
85
86
86
88
90
88
87
88
89
88
88
87
84
84
77
88
88
89
90
90
91
86
86
89
86
89
88
88
89
89
90
89
88
90
87
90
90
89
88
90
90
89
88
89
90
90
89
89
89
90
91
90
90
90
90
87
88
90
87
88
88
83
84
88
88
88
86
87
91
92
89
90
92
87
89
89
87
84
86
87
86
88
89
90
89
87
84
88
87
88
86
87
87
88
88
89
85
86
88
87
92
92
90
91
90
91
92
93
88
90
89
86
86
85
85
87
90
90
91
87
89
88
89
92
87
87
90
91
88
91
89
85
88
87
91
83
82
84
83
90
92
91
89
90
92
89
90
90
86
91
90
90
89
87
88
91
87
88
87
91
90
90
86
86
85
85
84
86
82
81
82
83
80
83
82
83
82
88
84
84
83
81
84
82
85
87
87
89
90
92
91
90
89
89
88
87
84
85
85
85
86
81
84
82
88
83
86
87
85
87
86
86
86
86
85
88
88
87
85
86
84
85
85
89
88
87
87
87
88
90
89
90
89
89
90
89
