4100267 1.098640995477562
4100763 1.1999815223607366
4101257 1.221419569036234
4101750 1.2424048417094746
4102244 1.1703220380311266
4102733 1.1654865165124821
4103228 1.254173399347362
4103723 1.2911375529619367
4104216 1.1785899854990456
4104708 1.2282682864131773
4105204 1.2338236660078024
4105700 1.150242232453285
4106193 1.1263615106937763
4106689 1.1840326737408957
4107185 1.2053424542714015
4107685 1.1952101244348023
4108181 1.1368841533684402
4108680 1.1974905836078087
4109179 1.223090789721323
4109674 1.2427661805001045
4110172 1.1459166970991475
4110662 1.0803021965254542
4111154 1.2124074982985666
4111650 1.2450840804016918
4112143 1.1320506413564941
4112634 1.084149582453574
4113130 1.2233371190664994
4113628 1.234679817850773
4114122 1.0867647865336743
4114614 1.1577816996913803
4115108 1.231840094855556
4115605 1.1771406458071318
4116099 1.0577146467451681
4116590 1.163579196809121
4117089 1.246376934625732
4117587 1.1200445008590272
4118083 1.1245267315757532
4118586 1.230670349967123
4119091 1.1829409419689156
4119592 1.1101771048337734
4120099 1.1939710094261617
4120604 1.2287649145272619
4121112 1.1813761330219914
4121619 1.13872738663908
4122127 1.234258157509168
4122637 1.2314450499358505
4123148 1.1792660191366853
4123654 1.1380586285372798
4124164 1.2066820000985854
4124677 1.2230278012333404
4125192 1.1735388402267728
4125701 1.1501356542449461
4126214 1.199984939753682
4126726 1.179048659334819
4127233 1.1412772065551162
4127745 1.177133276417697
4128255 1.201146187869121
4128768 1.177328363852266
4129274 1.0392025568391838
4129780 1.1764904981917672
