1499096 0.2491847075305201
1499617 0.20767353682484954
1500133 0.2275880527400863
1500659 0.2491995922192079
1501183 0.24451651979473718
1501698 0.20373216223305812
1502209 0.2359806016454326
1502731 0.25193244551046706
1503250 0.25149557028351166
1503759 0.2071538166047251
1504269 0.24555780147738338
1504790 0.25703100738238394
1505308 0.24768674387624184
1505822 0.2093894765832064
1506331 0.22419554989150853
1506856 0.2548865328682754
1507371 0.2481043388733937
1507873 0.2090729512280725
1508381 0.24428077144925042
1508901 0.25062929772073517
1509414 0.22385763002552445
1509922 0.21269283630051378
1510444 0.2554580012949496
1510966 0.25373268504341195
1511486 0.21595162803885376
1511996 0.21826869385508627
1512525 0.25490012066853507
1513047 0.24257776818661295
1513560 0.20593156377488964
1514072 0.21910244373124393
1514594 0.2547863698189413
1515114 0.2400131216028773
1515630 0.20447968987199996
1516140 0.23221787081067488
1516660 0.2513474566160362
1517179 0.24198603354356912
1517687 0.21091468996972468
1518192 0.23716281884524928
1518716 0.2565612663730252
1519232 0.21134875577703013
1519738 0.21629955270729023
1520261 0.2523955418079835
1520779 0.24550278960991445
1521288 0.20627018179745346
1521796 0.23734493720700167
1522320 0.2512881726904456
1522839 0.2114088648614587
1523347 0.2126555846491953
1523871 0.2503882690544823
1524389 0.23855255854025517
1524899 0.20064940763371591
1525409 0.22437854385614328
1525925 0.2453810986011731
1526441 0.2113896821341163
1526944 0.20429974729805553
1527461 0.24785639195741468
1527973 0.2422078792941298
1528476 0.20171196127169827
