721506 -0.06460829672074064
721980 -0.05126641500150814
722469 -0.05877807278098335
722959 -0.06307715811789555
723442 -0.057514396113244604
723910 -0.0660000267300585
724400 -0.047578680683015406
724899 -0.05382736393701537
725390 -0.06283529089307166
725870 -0.06196648518227521
726348 -0.057427283463637346
726842 -0.051522986823963
727334 -0.06589652088899989
727805 -0.06483548723726595
728309 -0.053101319553737064
728809 -0.06883680492163238
729293 -0.05663943890479384
729765 -0.06569432416914067
730264 -0.06074091426105954
730763 -0.060807901720799584
731245 -0.06309817229503573
731713 -0.06352291852863756
732206 -0.04719162785421244
732709 -0.07071094551195545
733183 -0.0620381737813977
733652 -0.049007953897266476
734159 -0.04844222678399099
734646 -0.06598285281258473
735127 -0.06445110820019684
735595 -0.0606877570651051
736101 -0.05166537010121275
736590 -0.06379001468305373
737079 -0.0471605137723749
737570 -0.05827218190754396
738072 -0.06103248506618131
738588 -0.07921035927847314
739086 -0.07082534709682453
739577 -0.06026687770769401
740087 -0.049045297686207356
740588 -0.055770531062612094
741094 -0.05945712464636388
741567 -0.05936786376977926
742041 -0.054912866725202514
742540 -0.06334490830166617
743029 -0.0552571708014738
743500 -0.05408833307732552
744001 -0.04990345404053953
744517 -0.07188756306269184
745015 -0.06839163210670368
745506 -0.05471902018324515
746028 -0.0576196078512925
746543 -0.05855423630815218
747043 -0.06974992845193406
747535 -0.05863839926097497
748041 -0.06488106989108094
748544 -0.06417010416344487
749045 -0.08642082098353993
749522 -0.0614240267732693
750016 -0.05213529229140518
750507 -0.03746822289849239
750998 -0.06226297270420761
