5086969 0.922183413722786
5087406 1.2620012584605664
5087848 1.2279349330239382
5088290 1.0552531344426828
5088728 1.18528892500541
5089173 1.0428967079443947
5089621 1.3063587368249079
5090068 1.2723165958605245
5090515 1.2226108661526973
5090958 1.0038001129804333
5091407 1.2113365155193587
5091856 1.2494956715509256
5092303 1.1754884137878387
5092739 0.9859774357288966
5093185 1.2326431922716128
5093628 1.2989731598123337
5094069 1.1850514342865388
5094499 1.0714400227649314
5094940 1.2419262967972546
5095379 1.299386335954237
5095815 1.3280984735127888
5096244 1.0109704991066955
5096674 1.22132211051197
5097109 1.283357174917609
5097542 1.3019324018640057
5097973 1.285787734751457
5098400 1.29548902265235
5098832 1.3285167922960368
5099253 1.0181411627626997
5099683 1.2448487987812586
5100114 1.2558974919278012
5100546 1.2798754037475928
5100976 1.1141065603362152
5101398 1.1644475123681213
5101832 1.259077589133788
5102263 1.2889799500385728
5102687 0.9928029169060746
5103116 1.209362262398093
5103548 1.2758217398522869
5103983 1.3393860470507437
5104414 1.0259240002138275
5104843 1.1854184294851489
5105278 1.2512038819611109
5105709 1.164893223224634
5106143 1.2760872468999913
5106578 1.0609207852852807
5107011 1.2969861027505665
5107440 1.2372548654713569
5107862 1.1878076774323776
5108292 1.0217551867319776
5108715 0.7859197750905221
5109127 0.697895541657187
5109549 0.8636115026647149
5109969 0.9044192571413829
5110389 0.7331830934439186
5110803 0.750582423161547
5111229 0.9079010572935104
5111658 0.8936821122008145
5112086 0.7414662591638909
5112511 0.8396161952688225
5112944 0.8845112175577037
5113377 0.8623124641467116
5113802 0.7053415123358744
5114239 0.8886943075087004
5114674 0.8983678346991735
5115108 0.8212580356352259
5115533 0.7395531891867567
5115968 0.8992010438772389
5116402 0.9119715143062306
