1200065 -0.04799953875578361
1200549 -0.03484312526082317
1201046 -0.03920746803647407
1201542 -0.03869220819735386
1202046 -0.03873467409008158
1202537 -0.0391717432556114
1203031 -0.04157586025200932
1203519 -0.046923961533031855
1204025 -0.03698355335941628
1204519 -0.04748068695130914
1205010 -0.03483655175728145
1205509 -0.04303422174413474
1206005 -0.049984701873894866
1206515 -0.033863510582939294
1207015 -0.03588803825642095
1207506 -0.04666945887210722
1208015 -0.04314912194153708
1208514 -0.04056027859167599
1209013 -0.04129617336185343
1209503 -0.04541338805987427
1210003 -0.04487497764748022
1210516 -0.041341308125279363
1211007 -0.034988439249297676
1211510 -0.038538687121953574
1212008 -0.03872719594297391
1212512 -0.040139269875568484
1213025 -0.033471259675576015
1213518 -0.04465363892800994
1214015 -0.026295988536077425
1214530 -0.0446224894233076
1215022 -0.048327883477818356
1215520 -0.04619749872236592
1216023 -0.039513409009226175
1216513 -0.04366860272119713
1217011 -0.0400960325536584
1217500 -0.04094665967113259
1218003 -0.046885166737981265
1218498 -0.045885109694900506
1218984 -0.03819547919943894
1219478 -0.04144593434897631
1219977 -0.041334176723213434
1220477 -0.040838941764228004
1220985 -0.0428820841568463
1221484 -0.037946372431330366
1221978 -0.04267012120094288
1222477 -0.037193671289853514
1222984 -0.04395174017189646
1223470 -0.044969699007493535
1223979 -0.0426582261301805
1224466 -0.041128170016876076
1224963 -0.04451613744544586
1225458 -0.03338100841782643
1225965 -0.03749341426929875
1226460 -0.051520195355047926
1226957 -0.03953144876034248
1227465 -0.04138769727335495
1227970 -0.03508048428079086
1228475 -0.04913695752753505
1228963 -0.04212768193276978
1229472 -0.03676893968309963
