1648460 0.8267962724788716
1648917 0.9855992667128353
1649371 1.0180613852813596
1649824 0.8908613288566879
1650268 0.7841084051438848
1650716 0.9613050652573893
1651168 0.9961946122075113
1651622 0.9200129403360481
1652065 0.7960893793536938
1652509 0.9108582085633388
1652960 0.9971206663124632
1653416 0.998671173261278
1653862 0.8232244211920057
1654311 0.8333559915780493
1654768 0.9788615581316338
1655225 1.006427709655381
1655679 0.8817322424371936
1656128 0.7839010794157539
1656585 0.9592248960783681
1657042 1.0059631740279735
1657500 0.8960893246058205
1657950 0.8012409387503235
1658407 0.9760636531004775
1658865 0.994439721663765
1659323 0.8974959086674993
1659770 0.781827915432202
1660227 0.9577216395743711
1660685 1.001101188541195
1661143 0.8897291178040692
1661591 0.782729612960394
1662041 0.9241568057717875
1662494 0.989146653149708
1662948 0.9559399964402395
1663393 0.8107743078566034
1663836 0.876204000760443
1664290 0.9982807443137429
1664741 0.9595763888540182
1665182 0.8171226236678739
1665627 0.9220880983041833
1666078 0.9957315865477514
1666532 0.9035005283735742
1666980 0.8003294361774324
1667436 0.9925856962054868
1667889 1.0148748714708344
1668338 0.8678685932669432
1668779 0.808229507059162
1669228 0.9883257626126658
1669675 1.0104166712925329
1670118 0.8499723192990767
1670558 0.8429964559222538
1671005 0.9860205766582414
1671455 1.0053024831100545
1671906 0.8380174785306391
1672346 0.8060346845857489
1672794 0.9572082172018491
1673245 1.00436623718973
1673695 0.9331821755778515
1674138 0.804280610389674
1674580 0.9094338737505451
1675031 1.008860317209079
1675486 1.021069942561329
1675938 0.8391025733477969
1676383 0.8210942893340217
1676844 0.9883697575780546
1677305 0.9952607550770683
1677759 0.8442240640594898
