990691 -0.06134627231245471
991192 -0.03484926238294972
991682 -0.03451536509372766
992150 -0.05684100656421509
992627 -0.04550918042189017
993130 -0.040326125484177244
993602 -0.04654963393405104
994076 -0.05885821942299574
994580 -0.04476638475677186
995055 -0.06223770184114802
995509 -0.06387851074194378
995979 -0.038922736281034986
996466 -0.03540221257561177
996930 -0.04698340114440902
997396 -0.05663542871278887
997885 -0.037593884389259535
998367 -0.03803522512519447
998828 -0.05398034445007993
999298 -0.05381832518443447
999801 -0.03368406693970605
1000271 -0.05117969015398216
1000728 -0.060186326311943594
1001214 -0.03660581023679904
1001691 -0.043517120504371065
1002157 -0.060778518607705556
1002628 -0.05865060159884994
1003121 -0.03878232508089702
1003604 -0.03749301081480355
1004064 -0.07041802522323182
1004535 -0.04077042170310674
1005027 -0.04197663945135044
1005492 -0.04585012278820466
1005961 -0.06197449111056197
1006463 -0.04468777364984322
1006912 -0.048977304403982125
1007373 -0.07737322507834882
1007846 -0.04441228362489441
1008333 -0.042268725030321586
1008783 -0.07271669471316905
1009267 -0.042875734725005
1009740 -0.029498525709138745
1010199 -0.054433499125676243
1010665 -0.035658799475199565
1011158 -0.0366720801157534
1011641 -0.0396000705919306
1012103 -0.06477310897079708
1012604 -0.0317970527766655
1013085 -0.03580337633946057
1013560 -0.05325954921770898
1014036 -0.06041879059244121
1014541 -0.036618281892674465
1015023 -0.037795798419214544
1015491 -0.059983928041518586
1015967 -0.04657244335195848
1016467 -0.03557663219267754
1016959 -0.04342076524894389
1017412 -0.062201854865403916
1017901 -0.0334807288776795
1018390 -0.03940809977991716
1018858 -0.060024221736530436
1019332 -0.0496576765899433
1019835 -0.04039280433331516
1020319 -0.035943413847599304
