2933673 0.3034521711771895
2934146 0.26467348751250963
2934615 0.26227101765683986
2935092 0.3087025938600617
2935570 0.3125955356222986
2936045 0.2609694676632965
2936514 0.2682329625403701
2936993 0.3080428943801426
2937471 0.3007936841364549
2937940 0.25834732614530503
2938405 0.2642663978859719
2938883 0.30707151067946603
2939360 0.3018075993642728
2939829 0.25640497696633435
2940291 0.2594798199249699
2940765 0.3099037654920317
2941240 0.30107446922794634
2941710 0.2607994270765882
2942177 0.2916491776207381
2942651 0.30172743214676634
2943128 0.2844558949823853
2943595 0.25772364720492935
2944069 0.29861674536458643
2944547 0.30733086882902716
2945024 0.2625066761766409
2945494 0.2632578565406694
2945972 0.2995352954787609
2946452 0.30091038573560597
2946926 0.2568345731945832
2947395 0.25553428789356997
2947870 0.28961058204674495
2948343 0.3003336494010703
2948815 0.2594765873498871
2949280 0.26548530803716636
2949753 0.2947303354209043
2950229 0.29265123180227043
2950700 0.26722588199011477
2951166 0.22161420071286947
2951642 0.2969481721952366
2952115 0.27420337530600103
2952585 0.26904828540036796
2953055 0.2590542288388729
2953528 0.29918671943245123
2954004 0.30439426458029223
2954478 0.2630217576991804
2954944 0.2602894175773042
2955420 0.2999445745674634
2955897 0.29820981108963457
2956370 0.2608421440083164
2956836 0.2532330921234875
2957310 0.2950514547691831
2957783 0.29692365277970356
2958258 0.2659239133980513
2958729 0.2474956123717161
2959202 0.2922941208280905
2959676 0.29438103970858115
2960151 0.26176131707450495
2960616 0.2538945056499543
2961089 0.2930226280781637
2961562 0.29935834591285115
2962037 0.25429663321138923
2962503 0.25754234381906105
2962974 0.2980461108686014
2963448 0.3038643280697566
