1947464 0.402195968600006
1947937 0.42952022138404855
1948416 0.3918486852146956
1948889 0.3725559621806348
1949369 0.42573583756993905
1949852 0.42727120648494793
1950335 0.37691969673369097
1950812 0.3761855945312268
1951295 0.4240666155802857
1951775 0.4102109468816726
1952246 0.3734318564736113
1952722 0.4123070689421259
1953198 0.42152083635450666
1953674 0.3757314144375097
1954145 0.3705890830344335
1954621 0.4252079632705188
1955095 0.4232671689684333
1955565 0.38691025177117
1956034 0.4022043602616465
1956504 0.42350644827057116
1956974 0.39744917936742485
1957438 0.38162956874011805
1957905 0.4239357845963895
1958375 0.4197259299714573
1958845 0.3822658645208192
1959313 0.3834983083899477
1959785 0.42991261519049684
1960261 0.42869229233846023
1960736 0.3790570027968464
1961209 0.39013485413277404
1961689 0.41788904418143547
1962166 0.4164928269385965
1962636 0.379747106457439
1963106 0.4033241819096185
1963578 0.42284745747840813
1964049 0.38518547268659364
1964514 0.3805227433216065
1964982 0.41671641248117786
1965450 0.42323994192876546
1965915 0.3805547175494264
1966375 0.3800792082066984
1966841 0.4202824729422505
1967302 0.41344114575368773
1967759 0.38385326375972484
1968216 0.4163913009618285
1968676 0.4237669910528936
1969136 0.38154183662243746
1969595 0.37240202232427255
1970057 0.42330898214640267
1970519 0.42719522347558325
1970981 0.3784476136144179
1971441 0.3912097842230191
1971906 0.4167506114893781
1972369 0.39068903965139135
1972829 0.37961896855021626
1973295 0.42311389215181006
1973763 0.42626201860461366
1974229 0.3795740975556803
1974694 0.4024076602142981
1975164 0.4253149408179677
1975635 0.4085718976888697
1976100 0.3863716504567728
1976570 0.42019119852162456
1977041 0.4218366117765325
