6013161 0.21317585637120995
6013630 0.20917230187209443
6014112 0.24910829460439637
6014588 0.2389437488015632
6015051 0.20625558204339073
6015529 0.25669167083599465
6016003 0.24815286105230172
6016480 0.22189752346246042
6016948 0.20456222762469303
6017425 0.25280129870188073
6017900 0.24403847346659852
6018372 0.20661876105565483
6018834 0.20371636863337747
6019306 0.2614395267705461
6019776 0.25100292009061875
6020243 0.214400957344096
6020708 0.21284119932217876
6021184 0.26041137582370155
6021658 0.2554763948116178
6022124 0.21612719997382063
6022596 0.23186230732852792
6023073 0.25461812123707117
6023546 0.21848789395830817
6024009 0.20491566113828003
6024488 0.2500184338468746
6024959 0.24888811795300528
6025422 0.21264047230733843
6025884 0.23462282471877408
6026354 0.25172649983282175
6026822 0.2388498145193354
6027280 0.2015354191105243
6027745 0.24424089248099892
6028216 0.2513760321971247
6028689 0.2167184198040522
6029152 0.2057486837055548
6029631 0.25243837199799085
6030103 0.2480327917012055
6030568 0.20448215464520086
6031034 0.2370868654348471
6031505 0.24650855798648297
6031974 0.2123196040626842
6032432 0.1992378339703429
6032903 0.24860469925635867
6033370 0.24700002432859164
6033833 0.2134217403714881
6034291 0.21049604594115723
6034756 0.2506036834669472
6035217 0.2432909394257336
6035673 0.20644666994959823
6036134 0.25366415248991564
6036599 0.25831736679100775
6037052 0.21235643983594552
6037507 0.20464155307479198
6037973 0.25478886969713865
6038433 0.244024388387105
6038887 0.20108976269847517
6039354 0.24991721242509776
6039809 0.24556596145188417
6040268 0.21086484079263518
6040721 0.20399218419368031
6041184 0.25283524259119505
6041643 0.2500955565551548
6042101 0.2101838084284725
6042554 0.20221557870438622
