4638215 1.2494007153912685
4638733 1.1998766230366753
4639237 1.1173298881546234
4639744 1.1841249875292066
4640275 1.2879246772027975
4640792 1.1729307696471045
4641296 1.0728999746824155
4641817 1.2466188034855714
4642327 1.2231470146770294
4642814 1.0202351576095345
4643289 0.7797039256231872
4643775 0.9590465485800717
4644261 1.1444012954428475
4644751 1.14938574964743
4645236 0.9749888838873602
4645738 1.132223133215974
4646248 1.1885300372041057
4646750 1.0403503819912965
4647243 1.0448742473566586
4647756 1.1945917576201337
4648267 1.0878407458432682
4648773 1.0673990328823695
4649295 1.1899819068777429
4649818 1.1808273177836244
4650344 1.0610177934230314
4650873 1.1462390616333713
4651410 1.1843017904447748
4651945 1.1248527942921567
4652475 1.04117986018316
4653004 1.1131204623786588
4653539 1.1642896115865444
4654072 1.1250863200528989
4654598 1.0502822664389055
4655131 1.1547875005114379
4655664 1.1777028239349703
4656198 1.1103320136737806
4656726 1.0619530657184058
4657260 1.1737265509848491
4657792 1.1673614701298403
4658325 1.1165797398415207
4658855 1.0904777647928314
4659386 1.1659533528326134
4659915 1.1861023275790725
4660438 1.0758567753576618
4660962 1.1276602945968568
4661493 1.2096686718350786
4662023 1.1275660579166458
4662550 1.08986307200355
4663083 1.17436134892668
4663614 1.1816648436195178
4664146 1.1176076440548757
4664674 1.104434273883809
4665211 1.1784874905485945
4665743 1.1792849580408582
4666269 1.0969300618838784
4666795 1.1166652129194639
4667325 1.1596907730029047
4667853 1.1687099749015697
