66
67
66
67
67
67
67
66
66
66
67
68
71
77
62
60
62
62
71
60
55
63
68
66
64
67
69
68
68
72
68
68
68
69
69
75
69
69
66
70
68
70
71
74
73
70
70
70
68
73
72
69
71
71
69
74
71
71
70
70
70
71
69
70
71
73
71
72
71
71
73
83
93
87
83
83
77
77
71
70
71
72
71
74
71
69
70
72
70
71
74
75
68
66
65
65
57
62
60
58
63
60
61
64
60
60
61
55
61
61
57
62
58
62
58
60
61
67
64
68
63
63
63
58
58
62
66
66
62
68
69
63
64
68
68
68
64
63
65
70
58
60
60
69
67
70
70
62
66
66
70
69
70
70
68
71
68
68
76
68
70
69
73
72
69
70
72
70
72
71
69
70
72
79
91
87
80
79
75
68
69
69
70
70
69
69
70
69
71
69
67
71
78
89
86
84
81
81
83
83
83
83
84
82
76
76
76
74
76
75
75
75
77
73
73
81
86
79
82
85
82
79
80
79
72
71
70
70
69
71
