6235582 -0.6182053483093639
6235954 -0.6229202070442393
6236331 -0.6588911081759541
6236710 -0.651321316017216
6237091 -0.6198109371800016
6237473 -0.6236860568581633
6237871 -0.6173770543519086
6238288 -0.6067357999035732
6238710 -0.6176941294336432
6239132 -0.6333395300410147
6239546 -0.612166783101881
6239957 -0.5899227911850081
6240373 -0.6001883263351266
6240808 -0.6132211785644979
6241242 -0.5730454798330104
6241658 -0.6276354705618
6242012 -0.6030939013425073
6242486 -0.5860530191104194
6242916 -0.6093966068834532
6243335 -0.6428920317151021
6243741 -0.6463292018214628
6244137 -0.6379681650449407
6244528 -0.6225163383855699
6244929 -0.6155233557317682
6245336 -0.6290254684119334
6245746 -0.6370069564651011
6246147 -0.6473916487333524
6246537 -0.6283462288168299
6246919 -0.6101145867266448
6247310 -0.6117869693389173
6247702 -0.6310576263673633
6248090 -0.6601157328647075
6248336 -0.6151036567119259
6248849 -0.537143483615217
6249220 -0.623016204145892
6249584 -0.6176997140243143
6249957 -0.6388133086427819
6250335 -0.6779248930658166
6250711 -0.6522442431100144
6251088 -0.6366599002874074
6251465 -0.6238727638193273
6251848 -0.6128080346567799
6252252 -0.6016448819297575
6252661 -0.6167022102097011
6253063 -0.6568747273235511
6253458 -0.6606054850364902
6253844 -0.63564189082786
6254228 -0.611886614546243
6254628 -0.6032383760209954
6255045 -0.6034321875842682
6255459 -0.6366350254917257
6255861 -0.6484554005683558
6256253 -0.6206821142693457
6256636 -0.6030263010612312
6257028 -0.613500498763287
6257425 -0.624885501711617
6257824 -0.6354977667716379
6258219 -0.6699611704433984
6258609 -0.6267458179504324
6258984 -0.6174566748104819
6259370 -0.6219482422804814
6259764 -0.6176829419686675
6260158 -0.6383483631325266
6260549 -0.6746706836458294
6260932 -0.6543888854048046
6261301 -0.6010688498436632
6261669 -0.5912204437512246
6262052 -0.5997470576904156
6262446 -0.6208138291805865
6262847 -0.6533421235803902
6263244 -0.663593996421845
6263630 -0.6257401640640177
6264012 -0.59246559984636
6264402 -0.5964841168293673
6264792 -0.6341402640147584
6265186 -0.6500623597759951
