1621683 1.4991757326053605
1622081 1.5987390808440587
1622482 1.5977777892923037
1622881 1.6062422595762946
1623284 1.607424288944339
1623679 1.5100836824861017
1624081 1.5999672836442969
1624480 1.624373538064335
1624880 1.6312825214614621
1625279 1.6360674451181951
1625669 1.525233433504112
1626058 1.5537041860348222
1626450 1.5885097455568693
1626844 1.6570993160231144
1627240 1.6846606573502696
1627637 1.6763420036223013
1628032 1.6470477582599021
1628422 1.5619199845798653
1628817 1.6254002118570785
1629216 1.6696979189700394
1629613 1.6736858447642153
1630011 1.675739876931609
1630406 1.5839608406534174
1630798 1.6141789486908786
1631196 1.669695158406212
1631591 1.6878281248785751
1631988 1.6668996043710764
1632378 1.563262095245462
1632773 1.6615140857505517
1633170 1.6941973179379504
1633566 1.716892311873799
1633964 1.6946765080674013
1634359 1.6268485067313225
1634752 1.6122879903838403
1635153 1.6895395604237946
1635554 1.7239101782723627
1635951 1.6638381681177454
1636342 1.6209982152504998
1636745 1.694118694680392
1637146 1.7195949765496428
1637550 1.7186720502227049
1637945 1.636703192842331
1638335 1.6272549576084723
1638736 1.6770510471419418
1639134 1.7084259520289133
1639533 1.692192889444162
1639926 1.6364761254213924
1640315 1.61641439372127
1640711 1.6844835836733414
1641109 1.71441697131495
1641505 1.7200154298669448
1641897 1.6262589247261514
1642288 1.64228632867107
1642683 1.6788065155430203
1643081 1.708517906441914
1643480 1.7143404480602484
1643875 1.6696350783696856
1644266 1.6284753934120126
1644667 1.683349897689756
1645067 1.713484180899693
1645470 1.7081804449901572
1645866 1.6547160207682485
1646258 1.6395481020801055
1646657 1.686429728955831
1647057 1.710594565274437
1647456 1.6654192632416498
1647853 1.6811868412480662
1648245 1.6285000861503698
1648641 1.7253824937052125
1649034 1.736556023460328
1649427 1.7437857304154867
1649813 1.6311618318453258
1650203 1.7139866059103903
1650593 1.75688804484777
1650983 1.7553039248180937
1651371 1.6213346986708892
