3749416 1.5237258097746251
3749854 1.3164869519629403
3750266 1.1300208808416423
3750641 1.3836023349928812
3751118 1.4806044320060425
3751533 1.6291882463020655
3751945 1.6335406075101582
3752351 1.6611247084120793
3752750 1.707716543020983
3753138 1.638098802354195
3753519 1.6139710934930906
3753898 1.523069157092947
3754286 1.581721513353172
3754685 1.5956563871212097
3755091 1.6910855997883074
3755508 1.7605565079238779
3755934 1.7727651077325217
3756359 1.6685717810787022
3756783 1.6073691845108866
3757206 1.6182530976206284
3757626 1.5854722382844129
3758047 1.6084665188241458
3758465 1.623397000674778
3758882 1.6019921904463987
3759297 1.5984734545949322
3759718 1.7927780534895668
3760117 1.7533842806104403
3760507 1.7016923768976338
3760893 1.5440966991121563
3761284 1.6256615697845143
3761682 1.6493645956344767
3762095 1.5331316419539913
3762496 1.4659186824440282
3762897 1.6492226318773597
3763305 1.6703904457230607
3763720 1.4913962368027425
3764115 1.4203455701676835
3764514 1.5741091427911482
3764914 1.4459784520274566
3765312 1.5737255607476577
3765715 1.6725616444318385
3766128 1.5308932471577497
3766530 1.6765953843766017
3766943 1.6512616534598878
3767351 1.5470357794322616
3767744 1.3903308890437736
3768139 1.5705341327640059
3768541 1.649183098911482
3768950 1.6522035797818746
3769356 1.671424346251367
3769759 1.6427471057871146
3770156 1.6354063926317113
3770554 1.5950425390480731
3770943 1.6120707239822578
3771320 1.617238814576663
3771688 1.6116108928790012
3772054 1.590452536428896
3772427 1.70129439761919
3772808 1.667906208312225
3773198 1.713408046428073
3773589 1.6500093518428438
3773985 1.7281185814192435
3774393 1.766694987259387
3774810 1.7854275637377783
3775227 1.643420541663505
3775637 1.5741680167543075
3776052 1.6696625556034288
3776479 1.7242590627704661
3776913 1.7467832047749954
3777344 1.6431907787625264
3777768 1.6982928451118067
3778200 1.7808267534444204
3778643 1.7531113717251499
3779081 1.6436106810438293
