2461066 -0.42696238944496717
2461478 -0.4079775884705482
2461899 -0.4108767541157853
2462327 -0.47887974774060277
2462752 -0.4943871417424611
2463165 -0.4521504188413801
2463564 -0.4318540481993251
2463959 -0.4238702692128078
2464357 -0.4240583288434207
2464756 -0.4794248742841385
2465148 -0.4385872693090923
2465531 -0.44714399820278944
2465921 -0.511705522275945
2466309 -0.469085330980833
2466691 -0.4526753258072606
2467079 -0.4080272911708787
2467489 -0.42570177946116566
2467920 -0.4429516878797763
2468365 -0.5037573193679803
2468808 -0.5081523380595135
2469239 -0.4650375673282613
2469663 -0.42591700606335964
2470119 -0.4247961985984002
2470596 -0.4403640135462972
2471056 -0.527753140383894
2471493 -0.5120865562350512
2471916 -0.4560158462461704
2472340 -0.43279045913668124
2472775 -0.4414735173458355
2473220 -0.4466978293836344
2473661 -0.5271901090829519
2474087 -0.5251932763732318
2474506 -0.4560737733518817
2474924 -0.4335960860542355
2475349 -0.44341410980897983
2475774 -0.4852623970468541
2476201 -0.5335577500468729
2476615 -0.5225314907242895
2477023 -0.46796437921497896
2477430 -0.4271635372082653
2477846 -0.4323512417620414
2478270 -0.474335835175596
2478694 -0.5122353231107006
2479107 -0.4750702579981966
2479512 -0.45811700503688996
2479915 -0.43816599526959094
2480324 -0.4103100067906702
2480750 -0.39998362598034637
2481185 -0.4967917648502128
2481614 -0.4702789218514907
2482029 -0.4486752498918975
2482441 -0.40989485778790624
2482862 -0.39667860072045974
2483298 -0.41704884646257656
2483740 -0.495032918461674
2484171 -0.47967817328615475
2484593 -0.4516785680338391
2485009 -0.4139917638490992
2485440 -0.39704513674688274
2485892 -0.4244982973086973
2486349 -0.510847227893465
2486791 -0.48491741327043814
2487218 -0.43922650550222414
2487644 -0.40894461750398275
2488080 -0.43085900520078424
2488525 -0.43817114982128386
2488966 -0.5258015785239201
2489390 -0.5114297516497346
2489807 -0.43771130572680583
2490227 -0.414477171438962
