4138911 1.3824566506193963
4139260 1.385255082703675
4139613 1.3980278656034653
4139969 1.3929940873643614
4140323 1.3509008052969587
4140676 1.2510937627821386
4141027 1.3965036465111862
4141382 1.4717879226576602
4141740 1.4720352796991476
4142104 1.460375058687264
4142471 1.4373129310720065
4142827 1.384998948766946
4143181 1.2723271842878605
4143531 1.3591782891228592
4143881 1.5089244440638812
4144236 1.5144130367128206
4144593 1.4827884255775796
4144950 1.4971430266444519
4145298 1.4364448096139322
4145645 1.3231973959569654
4145988 1.2562046668540012
4146332 1.464469452261761
4146682 1.4726192480214146
4147037 1.4945628160398647
4147395 1.452557494827875
4147754 1.4264723561537536
4148116 1.4213499433528072
4148477 1.4232821352201783
4148839 1.4197600638451096
4149203 1.390538958641078
4149568 1.3921185485648024
4149933 1.4012506122331139
4150298 1.4127262181029998
4150659 1.3235071777405505
4151017 1.402714734929789
4151366 1.4131122874492688
4151719 1.40564748518144
4152071 1.4321822270659537
4152419 1.3859102516229715
4152771 1.2965281670937752
4153121 1.2304164175084011
4153469 1.3751203843102344
4153820 1.4879696016667348
4154179 1.4982469170605768
4154541 1.4846725106097285
4154901 1.488480338293539
4155259 1.4049401648323157
4155609 1.415344572288253
4155957 1.3094531780443588
4156302 1.3631402773237076
4156651 1.4637249767698521
4157004 1.4610693168895321
4157356 1.2408311534474328
4157707 1.3705478520982042
4158055 1.5024186221190101
4158409 1.4979037060481173
4158766 1.4927437830539998
4159125 1.4490181288916064
4159486 1.4377073282008388
4159842 1.3424016751327936
4160200 1.4940161360139943
4160557 1.5579518667285728
4160921 1.514330061877333
4161288 1.5098215841374862
4161656 1.5284715430475204
4162015 1.4659998440637163
4162372 1.4293340927152647
4162732 1.3955767445194343
4163088 1.3893616671253681
4163451 1.3872235618272746
4163816 1.3406877043286416
4164183 1.395354469813543
4164549 1.3919478958350544
4164910 1.3474177369397176
4165269 1.5090967038209606
4165628 1.4950451809978418
4165990 1.50153444819495
4166350 1.4885271129976503
4166711 1.4676822809724657
4167070 1.4183798343008287
4167429 1.3279321678384286
4167783 1.3137828098096163
4168132 1.6046325088787314
4168490 1.558252476523473
