3359415 -0.5321739796326086
3359832 -0.5247439282107427
3360258 -0.4299162090575193
3360683 -0.4203187578604173
3361116 -0.38991562825600007
3361552 -0.4756869334380875
3361982 -0.5342940224562729
3362415 -0.48060657565301457
3362853 -0.43959803992553964
3363294 -0.44222685078154583
3363739 -0.45428582326986566
3364177 -0.5315658538124599
3364619 -0.5138128029284765
3365072 -0.4597907202937797
3365529 -0.44933278812815164
3365994 -0.4523842023886381
3366457 -0.5068838621077518
3366917 -0.5391831571927033
3367383 -0.4725052512630692
3367857 -0.4566647247803035
3368334 -0.4558777277432563
3368810 -0.4677148624736238
3369287 -0.48951965566551686
3369752 -0.533553366994304
3370218 -0.479377792312429
3370690 -0.46179999698093926
3371160 -0.4666312291975773
3371634 -0.4817121594437429
3372099 -0.5243997775515099
3372567 -0.47613184943093895
3373040 -0.4702149094704731
3373513 -0.47691995617204463
3373985 -0.47362472988301996
3374454 -0.4806145231023755
3374917 -0.5096405468772875
3375376 -0.4783225648299165
3375837 -0.4793097327278199
3376294 -0.4784539419216873
3376745 -0.5069797536174709
3377188 -0.529847653714038
3377636 -0.4575281436395653
3378083 -0.4390818742045668
3378531 -0.452154370548076
3378975 -0.5174343441178848
3379413 -0.5335219096873139
3379851 -0.4785991956258293
3380295 -0.41952583891980827
3380740 -0.4095553786284034
3381183 -0.5043445650471101
3381620 -0.5327703173522547
3382055 -0.49395886271781725
3382500 -0.4092661804070436
3382950 -0.3969171096473233
3383396 -0.4999994340073366
3383830 -0.5370841834359188
3384267 -0.47986550132271394
3384709 -0.4469044070657957
3385154 -0.3841081370101235
3385600 -0.48264281635914325
3386037 -0.5382080793734385
3386471 -0.5023137590646853
3386918 -0.42270649522287884
3387368 -0.3989293602374876
3387820 -0.46790373570949867
3388265 -0.5464458373650072
3388712 -0.5007431560729626
3389164 -0.43168587257687907
