3868907 -0.5337383467980805
3869302 -0.49613757051128193
3869695 -0.48999485589474945
3870084 -0.5172929412643275
3870478 -0.5270836337826095
3870875 -0.5321193502064303
3871277 -0.5173098943485823
3871678 -0.49092901371158076
3872079 -0.5209046198207756
3872483 -0.5070678628503411
3872891 -0.5134886752080018
3873307 -0.539614352948782
3873731 -0.4999779617700126
3874149 -0.493503603905444
3874571 -0.49394448514007533
3874990 -0.5021068541386811
3875404 -0.5108004985796639
3875816 -0.5108458137538532
3876223 -0.5025059602739519
3876635 -0.510395938666113
3877045 -0.5194293293998986
3877449 -0.518737038128569
3877849 -0.5598799956017322
3878248 -0.5658787984886385
3878647 -0.5679046595036307
3879041 -0.5685394925347799
3879432 -0.5689087366321595
3879823 -0.5709036639670177
3880215 -0.6007186669148921
3880609 -0.5805176410397862
3881002 -0.5367633838412873
3881393 -0.5279623215693247
3881788 -0.5196583907913661
3882190 -0.5037172067113517
3882589 -0.5120038044945955
3882986 -0.5570952074794768
3883379 -0.5689989879809374
3883763 -0.5189579584724964
3884143 -0.4645005647563155
3884522 -0.5214549562804975
3884904 -0.5149472301895232
3885279 -0.4991955021695242
3885664 -0.5404741538693398
3886042 -0.479981864203849
3886418 -0.5153627373209216
3886797 -0.5098794992006702
3887176 -0.5158662348543297
3887559 -0.556156152225903
3887942 -0.52033661630841
3888324 -0.5268115963602744
3888714 -0.5121470640544438
3889109 -0.4976642598651768
3889511 -0.5191922080529991
3889914 -0.5308071632259306
3890315 -0.4934159633764064
3890716 -0.5125361302674027
3891118 -0.5050466243529645
3891525 -0.5008460724124366
3891938 -0.5573826700827396
3892352 -0.546970033075898
3892757 -0.5181734975333012
3893158 -0.5224485333658654
3893571 -0.5260476060534902
3893983 -0.5385462649040562
3894395 -0.5070942573950288
3894803 -0.5477515913604247
3895205 -0.5310989693776222
3895603 -0.5530143180749574
3896004 -0.5610759124209891
3896405 -0.5535838153413788
3896801 -0.5766572757811088
3897196 -0.5747211725843809
3897585 -0.547532957821582
3897973 -0.522818058095505
3898364 -0.5227999721596319
