782695 -0.6864576943002859
783040 -0.6913499342516254
783381 -0.6205818046192353
783724 -0.675817317845593
784076 -0.630341733281441
784432 -0.6733147101467329
784789 -0.666850616137439
785143 -0.6700254467375502
785488 -0.6720203474013953
785830 -0.6534232507771467
786169 -0.6504412906004474
786511 -0.629971911685063
786855 -0.6327334795255676
787200 -0.6315337664314502
787543 -0.6122452906760343
787886 -0.6006951428937845
788229 -0.5761943087825713
788578 -0.5910727530656881
788926 -0.6161629685489458
789274 -0.583367375248909
789616 -0.6282301373791453
789963 -0.6290646390184451
790315 -0.6441344305751775
790666 -0.6168089261239615
791015 -0.6218174283353093
791367 -0.6201880431135056
791727 -0.6163671404255155
792088 -0.6229928823762809
792446 -0.6208782573600555
792800 -0.6152932748138737
793153 -0.6054244517008904
793506 -0.6149908868720897
793863 -0.6049783516049897
794218 -0.6168757461402719
794577 -0.6424389131344383
794935 -0.5875018637550051
795291 -0.6559041168349666
795642 -0.6255740669456356
795990 -0.6149296803019493
796336 -0.6356495575295859
796688 -0.6117796364880483
797040 -0.6439578425794212
797386 -0.609834456859431
797729 -0.6253398219244806
798073 -0.6320910899071226
798416 -0.6461824119758486
798757 -0.6416399607736412
799098 -0.6055470081870509
799443 -0.6328878640924405
799793 -0.63001759162457
800147 -0.6437717088793844
800501 -0.6558485270394522
800850 -0.6391788516895218
801197 -0.6077362671289004
801541 -0.6039786236924278
801888 -0.6276911522982916
802239 -0.622838293883877
802589 -0.6116436479955347
802938 -0.6185238001304545
803280 -0.6327335556383278
803618 -0.6208733197841403
803953 -0.6771201809941647
804289 -0.6049524605035117
804626 -0.6007414622215346
804970 -0.6353098101180766
805317 -0.6224278514533994
805660 -0.6374354223438784
806001 -0.6016533088202856
806346 -0.6324174431573959
806693 -0.641935916971458
807035 -0.6112807888675627
807373 -0.649727154185175
807719 -0.6096876253096355
808068 -0.651693571692356
808421 -0.6728700007837616
808774 -0.7130309074135375
809125 -0.6722853854350863
809476 -0.6432136448964505
809822 -0.6346007621964045
810177 -0.6311308001521223
810539 -0.6700782078771779
810900 -0.6759727131531672
811264 -0.6526464961371878
811624 -0.6013708613867924
811980 -0.6494600279850409
812337 -0.6332365894058137
