78
83
80
75
75
79
81
83
85
75
79
80
79
76
80
87
87
86
83
90
91
91
84
80
77
70
74
81
76
75
71
70
70
68
70
69
68
67
67
67
66
67
67
68
67
67
67
66
66
65
66
66
66
66
66
67
66
66
66
66
65
65
64
65
66
69
82
77
75
77
75
73
73
78
81
83
79
74
74
75
74
75
79
85
92
90
95
90
90
92
92
92
91
87
90
87
84
89
83
87
81
75
75
74
74
78
84
83
82
86
80
80
80
83
85
84
78
78
86
90
84
82
83
77
74
78
81
78
83
78
75
77
76
78
84
85
79
79
79
82
80
81
79
78
84
74
73
73
75
77
75
82
87
87
88
88
88
87
86
99
114
114
85
89
97
95
90
94
100
100
92
90
94
98
88
85
92
88
85
84
87
86
85
86
88
85
84
85
85
78
80
79
75
74
74
83
82
75
74
74
77
84
85
86
84
86
88
88
86
85
91
92
86
85
86
85
83
77
89
94
94
80
78
78
80
83
83
83
83
86
