3871313 0.6300417219999079
3871915 0.7061641581472993
3872518 0.6955836617832174
3873116 0.5106959984470419
3873722 0.6939545237870317
3874328 0.6644344411716527
3874907 0.5223422300257206
3875484 0.6733769268858192
3876062 0.6674035050925385
3876645 0.6603939749499872
3877214 0.649950312628615
3877766 0.43253522078275364
3878300 0.5873752281125718
3878859 0.6734746262255779
3879403 0.4886610095081925
3879927 0.5729513571572029
3880482 0.6982085139846049
3881036 0.6899951351640249
3881597 0.4928282539081987
3882123 0.5929346808154511
3882675 0.6809901187338351
3883225 0.48554810713893204
3883761 0.6146546029241075
3884324 0.6837058661579104
3884880 0.6762616200544214
3885441 0.5033143542987719
3885988 0.6300361091833274
3886578 0.6770828211766713
3887162 0.666815527988369
3887739 0.6570050263933194
3888315 0.471528294224944
3888879 0.6476604351076871
3889466 0.6577389337344172
3890040 0.6478309136805749
3890611 0.4787317738420495
3891188 0.667252774150042
3891771 0.6529503195942169
3892339 0.6341563978183513
3892911 0.4948869695785868
3893499 0.659347649689796
3894088 0.6461675832000449
3894669 0.6395301792646995
3895241 0.5539572761433664
3895779 0.42067379266826566
3896341 0.6656146288187518
3896904 0.6672673094923409
3897438 0.4365612691838158
3897988 0.6694734349181023
3898550 0.6937483775445014
3899094 0.4523857905174907
3899656 0.6865705749867175
3900229 0.6946820878145308
3900811 0.6797028413720317
