6209853 -0.19693835843781182
6210279 -0.20277915472182584
6210729 -0.24818910381358084
6211144 -0.15586697850139308
6211564 -0.17614170783966948
6212006 -0.16332177063048547
6212452 -0.15502277250044427
6212875 -0.14596703926554294
6213297 -0.16314748022729797
6213749 -0.16198858833032537
6214215 -0.18087009461214132
6214671 -0.17922275238347798
6215121 -0.20066394556342126
6215551 -0.2587747946113226
6215997 -0.271513773172125
6216464 -0.2188233317162343
6216915 -0.23564276451748345
6217384 -0.24855306966063873
6217859 -0.2068822093356178
6218311 -0.2500920470101406
6218791 -0.24154914043097508
6219282 -0.2270521466471978
6219742 -0.22785722296156674
6220227 -0.25390099607703875
6220719 -0.2562099673545608
6221206 -0.23632158056080566
6221669 -0.17841911403988037
6222122 -0.2195009756566036
6222585 -0.239039457909151
6223064 -0.21951116057629583
6223530 -0.229344086137856
6224007 -0.22989964403770774
6224494 -0.21366029629091798
6224963 -0.19264521602941187
6225437 -0.2196011894497319
6225927 -0.18809457462861268
6226391 -0.2004793982472482
6226873 -0.22567292677789796
6227362 -0.196841962474328
6227816 -0.1746662514081171
6228252 -0.18224472346262133
6228670 -0.16864588166334338
6229068 -0.19267468572152252
6229467 -0.2264666309531701
6229891 -0.18048706825424576
6230333 -0.1945984990462888
6230753 -0.18215159137961584
6231150 -0.22528718687970056
6231561 -0.2378124692984624
6231994 -0.21358826490220384
6232449 -0.23802146183991735
6232912 -0.1808475209094776
6233357 -0.1644270700732552
6233757 -0.22185860148317416
6234186 -0.2518920638664079
6234651 -0.28997597182745716
6235118 -0.21599269566003826
6235568 -0.21013226512573624
6236007 -0.24736464536866887
6236466 -0.2248618432894121
6236896 -0.25687791891383227
6237353 -0.2189781233047991
6237792 -0.24247066504794867
6238262 -0.20733425326741695
6238741 -0.19911330038868014
6239197 -0.2700655661568905
