4830805 -0.4128104351458918
4831109 -0.3665421423122281
4831409 -0.32707809758714085
4831707 -0.3629779201717653
4832006 -0.2666401364608746
4832305 -0.35983518686921345
4832541 -0.14747500275646713
4832602 -0.3426785861185359
4832905 -0.28246730003474874
4833206 -0.40244835734071494
4833505 -0.5959089852761295
4833812 -0.26582823962335256
4834114 -0.3533931233308002
4834294 -0.30170969055422114
4834425 -0.34252166801117323
4834743 -0.3376213662110068
4835060 -0.43167829359023147
4835385 -0.3598856768422479
4835708 -0.37324754950536004
4836020 -0.41790710505926393
4836339 -0.57643920847118
4836661 -0.21441072748576495
4836976 -0.2128030332091938
4837291 -0.21905380350290204
4837618 -0.21985252422943702
4837942 -0.3664944248213915
4838294 -0.2973041756457941
4838640 -0.2140887820191389
4838996 -0.17882903390893767
4839372 -0.22871682901999013
4839723 -0.24011044183839753
4840084 -0.3050645839972086
4840433 -0.22704477428937753
4840770 -0.4423217379213466
4841114 -0.4305851603282452
4841455 -0.2872294541359099
4841783 -0.4537511975701521
4842109 -0.3408398647990485
4842445 -0.38296423313734484
4842774 -0.40004793913618253
4843113 -0.4492615961727058
4843465 -0.2403186236741045
4843793 -0.36703529229997156
4844140 -0.3418826445418358
4844498 -0.30294162078156245
4844831 -0.2608290773853566
4845194 -0.35572124900937807
4845569 -0.38548152748356057
4845915 -0.3009963640200644
4846301 -0.49965541877819863
4846671 -0.23287222952959502
4847061 -0.2970510494906151
4847448 -0.19913363276050844
4847799 -0.4137402302311724
4848169 -0.5381313812013881
4848545 -0.32894084317165706
4848884 -0.3601041379479172
4849253 -0.47645689859178714
4849623 -0.3578830888234434
4849991 -0.2863646887254923
4850384 -0.4117698203976752
4850767 -0.27034004168708387
4851128 -0.32254377419553876
4851501 -0.3524281501795573
4851865 -0.27672229064422105
4852233 -0.30649759286075845
4852623 -0.29872310112846057
4853034 -0.26831354120870116
4853427 -0.1982841573415271
4853810 -0.4518686057220399
4854196 -0.2276051730827685
4854574 -0.3611511067864307
4854937 -0.3613848070012039
4855301 -0.39314539390256564
4856016 -0.2571786984884541
4856680 -0.2610565842504244
4857006 -0.3248091726178585
4857331 -0.5069410127907159
4857680 -0.3747885320773468
4858047 -0.2976942381663817
4858415 -0.2859408520744577
4858801 -0.2885270234060845
4859162 -0.39724483773788183
4859521 -0.49795171451407966
4859882 -0.4940707676831226
4860231 -0.4742398823722266
4860568 -0.46000671575868934
