6179957 -0.24195284027666192
6180304 -0.2569333952412206
6180643 -0.24887890994536235
6180989 -0.33807628275392737
6181340 -0.4820832185480639
6181711 -0.30788077518381307
6182048 -0.2886478894523744
6182411 -0.34697690391623137
6182758 -0.217235264932654
6183126 -0.45381305351480605
6183469 -0.0980247814702504
6183802 -0.3197692783658861
6184134 -0.3208611177359376
6184470 -0.2997526091523385
6184807 -0.26301558480261406
6185172 -0.34166647485900004
6185540 -0.22585753973478728
6185881 -0.35294829923671966
6186220 -0.256960513329913
6186563 -0.28128129074814756
6186907 -0.2334653285254587
6187243 -0.2066763951226685
6187582 -0.193468868042778
6187945 -0.23278724091126368
6188303 -0.26365590359369157
6188678 -0.24379369603814438
6189025 -0.2270674396872706
6189381 -0.26502097161528043
6189734 -0.2298185468162659
6190082 -0.2152871449548347
6190428 -0.25421675533259885
6190779 -0.2671039037160606
6191136 -0.21866669336433664
6191488 -0.27267065741305013
6191856 -0.284523594658859
6192257 -0.26162050415779037
6192651 -0.20365081095702026
6193019 -0.26751778331123405
6193429 -0.28347140630434897
6193803 -0.24713906682461734
6194174 -0.24119411360904897
6194560 -0.271615093057548
6194945 -0.25254587410056456
6195316 -0.24432572378245138
6195722 -0.23835678798612425
6196118 -0.2497097519542147
6196493 -0.2618821896679068
6196900 -0.23933072239213748
6197283 -0.1812507390309882
6197668 -0.2719640419701309
6198083 -0.2502822235821034
6198471 -0.2245746071218136
6198856 -0.22425653599929424
6199273 -0.2293041033556421
6199678 -0.2223113156251485
6200055 -0.2562280401779203
6200442 -0.15616537794528468
6200861 -0.19547719689462684
6201271 -0.19429779652435547
6201663 -0.18516099634761163
6202034 -0.23915801347127202
6202413 -0.27084147425335525
6202784 -0.2165007239378514
6203153 -0.22903951673364814
6203535 -0.2718597811657419
6203946 -0.2220090803686675
6204364 -0.17602656070611677
6204762 -0.20808215179483824
6205202 -0.21348372190837872
6205615 -0.18189699327296838
6206051 -0.24969806097379288
6206485 -0.18732448348381214
6206897 -0.20988570514212734
6207328 -0.1866358060135569
6207744 -0.1822008985818423
6208152 -0.17380542922646514
6208577 -0.16803163952620392
6208998 -0.172432395932003
6209415 -0.22284858961019655
