4980508 0.4592060816284639
4981101 0.43982176833412434
4981720 0.42522359674558524
4982339 0.3097905658732154
4982947 0.44934654551346204
4983555 0.4219047891989093
4984135 0.3410563781349934
4984722 0.42804710255488043
4985305 0.417643956829137
4985855 0.29380404089405665
4986391 0.4612707935002515
4986929 0.4438655493905456
4987482 0.4101617746997138
4988014 0.35624680581341567
4988574 0.47368477870081604
4989144 0.4467851553862941
4989693 0.3112380310328128
4990204 0.3788507384787862
4990744 0.4799499236340365
4991307 0.40262822166131074
4991834 0.31074731750200635
4992385 0.49183282545859286
4992956 0.42119625678135514
4993497 0.338010267579653
4994064 0.47407206473572755
4994667 0.4626266591478843
4995268 0.32215448863163554
4995822 0.4255163257243692
4996423 0.45294855077738777
4997052 0.4283790252478775
4997675 0.40411556400820364
4998263 0.34054172971904173
4998873 0.42156231873207206
4999493 0.40730398657328803
5000110 0.37448605877396746
5000696 0.3422278343630287
5001299 0.4039440591005607
5001911 0.4020992097321465
5002504 0.3005522145913384
5003098 0.4232216776263342
5003697 0.4009767000199865
5004300 0.32231854769250223
5004869 0.3809341213756843
5005452 0.41233271035292157
5006036 0.4081074303999484
5006621 0.4050540270424722
5007192 0.29407029297893295
5007761 0.455302519735444
5008321 0.36939052268134975
5008861 0.24975325156141906
5009335 0.25998113467880585
5009826 0.42905755316120353
5010339 0.4589197605727127
