1563216 0.6587582378217643
1563591 0.8615267145323785
1563964 0.7099929943129515
1564339 0.5316242910239277
1564696 0.6702805953291939
1565058 0.726232366475947
1565428 0.6714337494439426
1565808 0.6466275865719636
1566197 0.7434641462405225
1566593 0.6918654019686663
1566970 0.46533832717603696
1567353 0.5953213285138412
1567738 0.6631295316948892
1568126 0.540066234688743
1568524 0.3510562189600578
1568900 0.40524750889124406
1569276 0.6591272194155819
1569665 0.4826261700432206
1570049 0.43388329813505827
1570435 0.45873983520025563
1570799 0.41233243698445393
1571169 0.4583059647368326
1571519 0.5352094614113959
1571873 0.6733808165020768
1572232 0.6462876529926077
1572593 0.5494874894915094
1572939 0.5515242924645403
1573292 0.6533933445829203
1573647 0.6298588252061974
1574008 0.5461973771739437
1574350 0.31594520423560446
1574688 0.18633748925856464
1575052 0.6125480054670605
1575431 0.5677821350429564
1575819 0.5327962224458229
1576180 0.4869016058194474
1576558 0.55846612919552
1576937 0.6311574517265166
1577302 0.4349905847961121
1577663 0.6228673303553134
1578023 0.5141330785909977
1578384 0.528836182712343
1579087 0.5824956513137883
1579437 0.5569126538980019
1579797 0.470745725389548
1580184 0.5081836991694562
1580582 0.48160536860982117
1580981 0.42327631067395954
1581360 0.5230313927475242
1581736 0.6647067157869232
1582099 0.5057050056308623
1582439 0.365958890679545
1582773 0.6935427577752786
1583108 0.6524894830302084
1583453 0.7512112591988527
1583819 0.7222657264677884
1584209 0.6855890714321037
1584589 0.5623115434677053
1584979 0.7114286769196358
1585384 0.6747484447940801
1585792 0.6445559375536514
1586178 0.3471140128219259
1586547 0.5314889895489994
1586926 0.5226059676569282
1587177 0.8459312140846469
1587320 1.0642784732876316
1587411 0.5684078953265944
1587683 0.267779034355748
1588036 0.31857104249204093
1588401 0.6039583784019376
1588535 0.11656534667489832
1588761 0.505272635470233
1589104 0.4054708231608769
1589452 0.7264922071330452
1589771 0.05145949532767419
1590153 0.5952680867270861
1590521 0.5626755648931556
1591250 0.4794688643867468
1591603 0.42446059792746016
1591953 0.631702526780014
1592309 0.7468810748178991
