6269954 -0.2918483817873132
6270420 -0.12149796121738043
6270879 -0.20494103290327748
6271338 -0.27639478472412765
6271804 -0.27278484675002296
6272286 -0.2547740559565643
6272780 -0.2866753408225319
6273270 -0.2688864061302305
6273776 -0.262292174095196
6274313 -0.24815549975328033
6274869 -0.23131573341623446
6275443 -0.22977457409826352
6276030 -0.22312818020334507
6276643 -0.22412878176355222
6277250 -0.2257798357721777
6277836 -0.22558478757979805
6278474 -0.21913753099563538
6279083 -0.22088494254046487
6279689 -0.22453933024117517
6280299 -0.21837721125638054
6280897 -0.22017785916312588
6281481 -0.23316483077658867
6282092 -0.22863726157830344
6282695 -0.24898079250690525
6283267 -0.23030721808496846
6283876 -0.22044027966922042
6284481 -0.23582708737265934
6285050 -0.2439784168732796
6285647 -0.2294267220298014
6286248 -0.24481997115069742
6286803 -0.23801189365600905
6287398 -0.23977957614774909
6287969 -0.295822724566509
6288477 -0.25584126341313373
6288999 -0.2253513133319599
6289546 -0.23966842236987823
6290089 -0.25223357327280754
6290622 -0.23929708546608391
6291181 -0.2681837398790853
6291749 -0.26938740539082573
6292305 -0.2867447470378472
6292896 -0.2829765060136573
6293527 -0.2763692986139866
6294132 -0.2887263618854843
6294759 -0.24936059306928987
6295403 -0.25046230934809954
6296048 -0.2608110059164945
6296674 -0.28772437334804135
6297312 -0.2578435792715072
6297936 -0.2598925730326629
6298533 -0.2864369288359095
6299150 -0.26188665405084516
