6839194 0.8979536263855699
6839606 0.8588287140654245
6840011 0.60022637297426
6840419 0.8700730267423481
6840837 0.9512156807834172
6841266 0.9089889626015761
6841698 0.7021637764947866
6842114 0.8179803397494038
6842535 0.9241224028711891
6842957 0.8906324927157306
6843372 0.6282283815225645
6843782 0.8431011867652058
6844195 0.9163718607695801
6844611 0.8700621213660755
6845028 0.693035974211929
6845429 0.7419022014331242
6845841 0.9472745298970124
6846256 0.9201639376299011
6846674 0.7028563482775066
6847074 0.7213108308827522
6847489 0.9513043990776541
6847910 0.9088019302492212
6848336 0.7816880900207751
6848745 0.6257802739877678
6849157 0.9075169989975977
6849573 0.9370621415369849
6849997 0.7909998749252007
6850408 0.6599518371161028
6850827 0.9110225606181506
6851250 0.9107270397493256
6851674 0.8698848636728302
6852090 0.6035845668198004
6852509 0.8573567880459427
6852929 0.9097830604633382
6853353 0.8827415476574457
6853769 0.6241974790797067
6854179 0.7944783127611295
6854596 0.9122593199482438
6855013 0.8883623583739454
6855427 0.736698659292609
6855827 0.6879253783923995
6856232 0.8987010253214578
6856638 0.8822910419185792
6857035 0.6446324048206359
6857431 0.8385606719254548
6857834 0.9356146877835048
6858245 0.9083809008589154
6858652 0.686497644560377
6859045 0.6930068022610678
6859448 0.9223151403163169
6859858 0.960461561334031
6860279 0.9074632588681741
6860696 0.6648328460805489
6861101 0.7463991154009788
6861512 0.9495682202309752
6861924 0.9053976955736023
6862332 0.6991713440483702
6862727 0.6746627705341997
6863130 0.946014919037988
6863538 0.9425932575300927
6863954 0.7964555785357327
6864357 0.6918899218450406
6864766 0.917219984193663
6865179 0.8854087319965642
6865590 0.6678468401988943
6865989 0.774726456188429
6866393 0.9524608948517079
6866804 0.9113430875953776
6867214 0.7047363896694614
6867615 0.7356999855866664
6868024 0.9401667552503864
6868438 0.9298689723859939
6868859 0.813122867957959
