4980978 0.693869095235249
4981474 0.5391867602427332
4981975 0.6453662278442274
4982480 0.6828806126190233
4982996 0.681872375345264
4983489 0.5385736286585802
4983992 0.6968121087921497
4984511 0.7103449850148267
4985041 0.6051190958714352
4985544 0.6452517982628816
4986062 0.7297895314425062
4986590 0.7341138125035995
4987095 0.5731251901279519
4987621 0.7224990723576532
4988164 0.7166113634507225
4988710 0.6980986545773646
4989220 0.5482239820124339
4989734 0.7131539335010542
4990262 0.7230618050060582
4990804 0.626938591062053
4991310 0.6425251428833447
4991840 0.7310372685892131
4992378 0.7313775989094204
4992921 0.5070187303650423
4993406 0.5259381456259512
4993888 0.6545279128462568
4994376 0.6748583688118222
4994860 0.516111535305545
4995335 0.6479036355536649
4995831 0.704202598644975
4996357 0.6893234936489564
4996869 0.5725445649941063
4997395 0.699486231459924
4997930 0.7158880370720524
4998465 0.5561156053246528
4998980 0.6564657737847583
4999512 0.6953279898035336
5000061 0.6850143417573107
5000577 0.5180810624239292
5001092 0.6674546056448415
5001620 0.7017179869624948
5002160 0.7132057845117912
5002707 0.590074639273066
5003225 0.6174980256846256
5003764 0.716239114403884
5004318 0.7302102873445586
5004875 0.5722780570161577
5005400 0.6934881596606353
5005928 0.7222939203390891
5006455 0.6678324030974834
5006959 0.5664294196147134
5007473 0.7043228755296149
5007996 0.7258649077034371
5008520 0.5817165536678427
5009032 0.6676772844775539
5009566 0.7199501825660268
5010115 0.6925168779507673
