154032 0.45946262049019326
154408 0.5879545969278268
154802 0.9983132730250679
155204 0.7310437961749332
155589 0.5244971570589261
155985 0.8957516820148401
156404 0.834280993152379
156792 0.6302743407535524
157201 1.0437774847173538
157624 0.6992894875051567
158011 0.6548240762348068
158413 0.8029462198208956
158830 0.6749070523423217
159219 0.5692818155981264
159601 0.5589218566493007
160013 0.8764296231547579
160428 0.6877268162460645
160817 0.6348092561887805
161230 0.8405736344719308
161665 0.720177054497179
162075 0.6894080336423496
162509 0.7380628046384679
162939 0.9304372548349789
163382 0.7087802711383744
163792 0.7857429392508202
164244 0.9109448489612741
164732 1.3129789196557735
165203 0.8356842221975898
165624 1.0003119228949202
166022 0.6736323578038466
166450 0.8362920122385968
166914 0.7034185124876332
167382 0.5886248820033185
167832 0.7891295872609912
168305 0.7998532840668928
168769 0.5805035143052623
169219 0.7642618626854677
169684 0.795686154322813
170158 0.5918102605053953
170599 0.6854839686329502
171070 0.8130189421944958
171542 0.8526022300540486
171985 0.5771711954572468
172439 0.7311405295560188
172884 0.6980416438684651
173344 0.637603817478735
173798 0.8450185508428492
174273 0.7462490170093175
174713 0.5716280166344473
175167 0.9265188666182969
175648 0.9384208270686578
176088 0.6634763478955822
176536 0.8322908850433283
177021 0.8672828386100304
177497 0.7179819230017286
177996 0.9023508471083457
178497 0.7278808838561877
178958 0.5553782345084421
179448 1.1529143065470286
179913 0.80624499893082
180353 0.6319743932530482
180792 0.8065435545418074
181228 0.7635890217408985
181654 0.632258485630233
182104 0.5790085815818826
182583 0.673495119801913
183029 0.7350872556510668
183488 0.8560954550190567
