993604 -0.22480483718565564
994014 -0.20679235508891686
994413 -0.2427600876096418
994789 -0.32420100319083967
995160 -0.34009925528700397
995536 -0.4603998841387673
995902 -0.37697063745300274
996258 -0.20482347368013376
996628 -0.25403972574418265
996999 -0.35818330814371513
997374 -0.26772129289680924
997755 -0.3711901831314389
998131 -0.3902463546993187
998492 -0.265135829998659
998860 -0.3010316312720678
999236 -0.31715782933462777
999619 -0.6039435735265515
1000001 -0.4392912719669244
1000391 -0.34682960732484935
1000779 -0.3777381345943335
1001164 -0.5833342124368653
1001531 -0.36996016340696003
1001904 -0.40620324209609604
1002283 -0.34365099656251585
1002666 -0.325513987358347
1003034 -0.3184489750134052
1003418 -0.2626981102695437
1003789 -0.24614357814109533
1004168 -0.21107193696229398
1004561 -0.23338745287669538
1004966 -0.2482621896478422
1005394 -0.24731187211917816
1005832 -0.25594327340906875
1006276 -0.25241926270590764
1006716 -0.23925590282986364
1007153 -0.2170297432962579
1007590 -0.22136086248649833
1008020 -0.2198157949992482
1008452 -0.2214985249949275
1008884 -0.22043506544188562
1009319 -0.2212787830282526
1009754 -0.268814210944271
1010155 -0.23419687148904328
1010557 -0.22937315995445462
1010958 -0.2334107691203427
1011386 -0.2527541324851682
1011827 -0.24575493849663216
1012234 -0.24052995539381827
1012658 -0.2678605972213163
1013088 -0.28452826061556885
1013499 -0.22740015841492206
1013892 -0.2560113820210617
1014297 -0.25466143011824216
1014723 -0.2358329135884844
1015133 -0.22031700913456115
1015559 -0.24241445772982728
1016001 -0.2584219290728884
1016432 -0.23365141591856092
1016841 -0.2593032368148453
1017256 -0.2717777283951143
1017668 -0.27954457392790294
1018068 -0.25575156724400483
1018457 -0.274661971409437
1018881 -0.25693147674464284
1019283 -0.24802923339721472
1019707 -0.2690869145599256
1020160 -0.2580766634526535
1020588 -0.24814574728674216
1021035 -0.2548502894280899
1021480 -0.27894932670724
1021905 -0.2638427409668241
1022326 -0.2779370354941418
1022748 -0.2468954833824985
1023177 -0.24007385740088316
