2972010 -0.28468140410986004
2972458 -0.28694230798306014
2972912 -0.28783645423741044
2973353 -0.2895158716774741
2973803 -0.2821229903185922
2974254 -0.28771959981982664
2974699 -0.288769652295173
2975126 -0.2820624780135262
2975563 -0.27828225350719943
2976009 -0.27895961778555334
2976448 -0.27396762464218216
2976880 -0.2857943976123095
2977307 -0.32386214638449107
2977732 -0.34214248520237484
2978151 -0.34957570237727414
2978557 -0.3505318339218405
2978976 -0.33565766748829867
2979410 -0.34479218330489725
2979848 -0.3512603515077806
2980277 -0.33450611237293393
2980717 -0.3360488769560307
2981164 -0.33808065554502564
2981593 -0.3362890489969966
2982036 -0.3192373824096584
2982484 -0.31327882365876
2982937 -0.3288503868148264
2983378 -0.33986872910119087
2983817 -0.32651935489723205
2984251 -0.33156079565333185
2984681 -0.3321201082915771
2985107 -0.33497058571391203
2985547 -0.31980234576981903
2986003 -0.3110480123330704
2986458 -0.33575476856292175
2986900 -0.3354294570576319
2987350 -0.33309907768566493
2987804 -0.3279752614814259
2988242 -0.3279926357671947
2988687 -0.33463848971130195
2989131 -0.3341405481449091
2989572 -0.34036789523278943
2990003 -0.3496343237801375
2990445 -0.32448460872299334
2990895 -0.33012193560581476
2991337 -0.32848349616079664
2991784 -0.34038708502342013
2992237 -0.3261983024861933
2992698 -0.320497699939421
2993136 -0.3338554903281985
2993586 -0.3216433475569964
2994034 -0.30706420409229274
2994472 -0.3136830680656343
2994911 -0.31240642638187055
2995350 -0.31289188749416674
2995780 -0.303718532963453
2996196 -0.27537142523665376
2996625 -0.31053409355243927
2997069 -0.29431268048083503
2997515 -0.3347362654486101
2997947 -0.3686585459348162
2998379 -0.32876309256622643
2998821 -0.308895248384936
2999275 -0.308433171668668
2999720 -0.30957401633357184
3000173 -0.30393971174891377
3000625 -0.2982646446916437
3001060 -0.3064975807850515
3001507 -0.3005212796891227
