933589 0.559000325011614
934171 0.7747108634041826
934745 0.635441578491729
935285 0.6467411811391038
935852 0.7778410867175725
936388 0.519834361352955
936871 0.757051975229423
937339 0.76302510307026
937853 0.5730357711982026
938365 0.6654381202603858
938919 0.8104813149410228
939496 0.6742675221758652
940051 0.6869141476497578
940639 0.8057610434353994
941243 0.663038661884355
941815 0.7408642626521457
942403 0.7779915330635865
942984 0.5503362132143778
943559 0.7602519056353758
944144 0.6952790097535746
944721 0.6567481034237143
945276 0.573907595747302
945856 0.782883497720481
946445 0.7481243350081431
947008 0.49018370353714913
947574 0.757884659298453
948156 0.78339329816529
948731 0.514866352206968
949304 0.7704450826551881
949891 0.7831437151710758
950457 0.5136803980673292
951040 0.815948934939613
951632 0.757928375230401
952204 0.5348948983945634
952794 0.7982991162434883
953379 0.5998847272395422
953939 0.6613698006710951
954515 0.7843537060875615
955077 0.5232858887345815
955644 0.7619381413098226
956231 0.7084357248142796
956793 0.5625730777771273
957370 0.782958559928231
957936 0.5340402312922885
958499 0.7744764574326635
959070 0.7888665333299623
959627 0.49280344665490167
960193 0.7737849057085974
960773 0.6477698802402729
961330 0.6083170410110132
961909 0.8163962499516062
962495 0.5844501997948257
963056 0.5843515097853613
