5070470 0.43812707355292096
5071019 0.43348006381734877
5071555 0.2839518677393392
5072076 0.39165667604579024
5072628 0.49129231713179145
5073188 0.3050016685919955
5073752 0.48898685952497506
5074352 0.49907371169466297
5074982 0.3390810842360434
5075603 0.48553633805184304
5076252 0.4663492580645174
5076898 0.4399018808562056
5077495 0.34332066126723376
5078114 0.4502053241180931
5078750 0.4313705023740202
5079366 0.41534255750262195
5079966 0.3694437630393013
5080609 0.4478524441334155
5081233 0.4255027975884252
5081846 0.394927093292699
5082455 0.4242414120827064
5083057 0.42883781240071783
5083663 0.31448101867776956
5084280 0.45149980470808543
5084893 0.4231721497278884
5085483 0.33797133190699447
5086066 0.4324025840429014
5086656 0.43274518097480674
5087246 0.36842054364674726
5087808 0.39888269549614297
5088400 0.451012620027317
5088985 0.3321455662806506
5089551 0.42585892688044164
5090148 0.4397628231699294
5090735 0.2928553120970914
5091310 0.44112088623680856
5091924 0.4385435308562349
5092525 0.3464749488776844
5093116 0.44258212292310894
5093714 0.44067770277268253
5094286 0.2762363790179788
5094872 0.4539160831909512
5095483 0.44808780916144175
5096090 0.3410315612448381
5096653 0.3733559964560285
5097258 0.4512083593857754
5097867 0.3543620092372455
5098435 0.34549344956903005
5099077 0.43425976455345805
5099686 0.4174795544028081
5100248 0.250934733186174
