6029814 -0.3267498854707802
6030248 -0.3555745353308951
6030683 -0.309686330899555
6031109 -0.2904597337319724
6031529 -0.31027354949297925
6031977 -0.2926983121462421
6032432 -0.3098152094500486
6032862 -0.2936869846132024
6033311 -0.29035604229851675
6033768 -0.29436175668536657
6034197 -0.24886389766480488
6034641 -0.23873108376539365
6035090 -0.23445502488255
6035542 -0.2425358866989346
6035980 -0.22061416524108507
6036400 -0.1817571538261364
6036853 -0.20579389999538794
6037285 -0.21062653192290565
6037728 -0.2858695248725531
6038177 -0.261091242764698
6038624 -0.26184201260442463
6039060 -0.18806991893575511
6039502 -0.23251673403344464
6039943 -0.2189131192489734
6040380 -0.24801143256975788
6040793 -0.25204476580495566
6041225 -0.26577817809489923
6041662 -0.2503061885191674
6042101 -0.31844593102268526
6042539 -0.255260754882377
6042968 -0.22533297350048398
6043393 -0.2254912474779882
6043841 -0.25624018401263327
6044294 -0.24306735184804162
6044745 -0.21722161573194954
6045181 -0.21432115170067284
6045614 -0.19757045832960812
6046052 -0.23160572127077078
6046496 -0.2162374838570133
6046938 -0.24133307885544913
6047383 -0.25325803520714796
6047815 -0.2528383521718287
6048233 -0.24610000442342533
6048678 -0.24789666992095133
6049116 -0.22146587397484835
6049574 -0.22826724429982198
6050037 -0.247905657690082
6050491 -0.24910455846967156
6050922 -0.2231340428073722
6051366 -0.2587127226518632
6051823 -0.261317300118185
6052286 -0.255436195515037
6052741 -0.2542341926301926
6053185 -0.23160096218357473
6053626 -0.25876862178877813
6054060 -0.2344305275088488
6054492 -0.2665458213665457
6054914 -0.26512581461334184
6055319 -0.2529799973871224
6055747 -0.25808201118378316
6056187 -0.2511546913544638
6056634 -0.23687896700495942
6057073 -0.2463685182804456
6057526 -0.2408274307018542
6057988 -0.24369162594297494
6058412 -0.25244031940682443
6058864 -0.24572150648805496
6059323 -0.2439902754513691
