3841687 -0.30580203815393425
3842106 -0.28130885298425545
3842505 -0.4000253965467012
3842926 -0.33148952322360736
3843343 -0.29109152368736946
3843737 -0.19418717726414692
3844119 -0.2120279963337871
3844511 -0.20237322554478443
3844929 -0.2316609005245045
3845348 -0.23606000117278672
3845750 -0.21968797616651115
3846200 -0.1997653982693059
3846662 -0.2178782448962393
3847135 -0.2529737786739927
3847613 -0.25067742963534223
3848093 -0.32866030224329296
3848531 -0.23841508333905764
3848970 -0.2802425283900345
3849406 -0.24548022063841657
3849845 -0.26601049014425543
3850298 -0.2639544389365649
3850767 -0.2649437573299126
3851217 -0.23887949811628906
3851673 -0.23353165600726433
3852145 -0.2495794801420272
3852623 -0.26512104927348445
3853104 -0.257379266016023
3853559 -0.2241825692327023
3854002 -0.2205916271617956
3854441 -0.26550304596778335
3854873 -0.2553602819403139
3855296 -0.2427424928141767
3855739 -0.26283167945465935
3856186 -0.2700481208643118
3856629 -0.24441117046206756
3857078 -0.25740255628905534
3857536 -0.2653811323645752
3857994 -0.25130918589512
3858428 -0.2310193926620911
3858859 -0.2684351019438664
3859289 -0.23766409018094486
3859737 -0.23947347264066515
3860189 -0.2372606222540325
3860632 -0.22180761555216327
3861088 -0.22816259193114058
3861548 -0.22751416078096642
3861993 -0.22668412963801676
3862454 -0.25544331187701885
3862906 -0.22878448883724206
3863334 -0.2400147182959383
3863784 -0.2531039754600757
3864238 -0.25147815403719576
3864672 -0.22220581557258035
3865117 -0.2396294027527464
3865550 -0.23597533230203327
3865960 -0.21856656585618034
3866384 -0.26336980850746083
3866819 -0.31285730500163694
3867245 -0.24132544847466797
3867657 -0.2702257433628685
3868079 -0.3701424400254239
3868504 -0.2910602016374118
3868906 -0.33193148074127876
3869301 -0.266329117620643
3869693 -0.2890177980197045
3870095 -0.3070320160995016
3870500 -0.33851599220591067
3870885 -0.28158398648315197
3871249 -0.229412318441933
