843646 -0.31066952523283964
843986 -0.36629966997306507
844340 -0.37348669755065933
844693 -0.37077330211101633
845041 -0.3222714773210462
845383 -0.36761888529356535
845732 -0.371559241572302
846087 -0.388624651803382
846448 -0.347796453709883
846807 -0.35822780379908403
847178 -0.31506621608851915
847549 -0.32324338111894346
847719 -0.21855683872177412
847912 -0.41594945534606764
848245 -0.5029136765998502
848590 -0.34443326576585165
848920 -0.28315114086562176
849240 -0.3570572678401642
849562 -0.45461395932092985
849882 -0.32431072283689966
850199 -0.32263794095344406
850517 -0.3207649910259193
850837 -0.25387215548041836
851157 -0.22911880407716756
851485 -0.1984865395760791
851819 -0.22900465074207504
852164 -0.29881497647631744
852507 -0.3270646811961863
852838 -0.257782627737848
853170 -0.3776246748174432
853508 -0.36726178553530386
853840 -0.3799321999076585
854184 -0.3487971195677466
854546 -0.3471328730479772
854893 -0.3308555140547964
855251 -0.29933200653461706
855623 -0.30222670126398027
855994 -0.25974870574646497
856376 -0.2907033789182876
856772 -0.33881059571242544
857157 -0.45357103479848293
857508 -0.4803884588112544
857884 -0.5625794083520159
858280 -0.267037582779561
858667 -0.3209395795897806
859053 -0.30555476904578194
859444 -0.37142159814628817
859832 -0.3107588618830186
860218 -0.2874550678821477
860620 -0.3674366388925068
861024 -0.21218649469237472
861419 -0.2838905997126592
861813 -0.25982682627896403
862216 -0.24323095706758413
862621 -0.214081553599335
863027 -0.2866544538280047
863438 -0.3349420990568094
863846 -0.3856962864038791
864238 -0.2641344793492421
864646 -0.6092075662846613
865046 -0.312745297909452
865425 -0.3556159337993506
865814 -0.32877205832346607
866200 -0.3464055509899944
866590 -0.3417772605585419
866972 -0.3249798071715139
867346 -0.2617217093514936
867717 -0.40731040786746453
868072 -0.3327693841147832
868421 -0.30593666653360396
868769 -0.33199427624229844
869133 -0.3404820578951969
869513 -0.33157758638953266
869889 -0.3025274225485713
870304 -0.2897939042425307
870727 -0.25958408945584766
871125 -0.2377650736237108
871526 -0.24620682252144532
871942 -0.21745842699513274
872355 -0.17640235618969857
872771 -0.16394776959512902
873191 -0.1625975163390958
