184177 0.6520179351694162
184538 0.607163132358755
184915 0.7593466464043745
185299 0.7816229758704298
185692 0.550408718310039
186076 0.7182923993772552
186465 0.7477572627124607
186859 0.7847028084946013
187236 0.44702729127023627
187618 0.732416032478056
188004 0.7670203777994441
188389 0.7329435240072494
188763 0.531778157348989
189118 0.5545673559403439
189480 0.6920378919335612
189834 0.6520846732841171
190177 0.6413105048898391
190513 0.4334178896995562
190862 0.6139916982778124
191217 0.7809475298427269
191578 0.4906306028823376
191956 0.8046345691629365
192336 0.7743307041359866
192714 0.659901904010995
193080 0.5699077174587509
193447 0.8353358771185475
193807 0.6742729475304979
194166 0.8598452460301751
194539 0.8152510624100487
194926 0.9051005580470378
195337 0.7653838026254186
195735 0.48110036385002103
196133 0.8131090253356108
196513 0.775663408056855
196928 0.9588261041626086
197337 0.6908301721143112
197723 0.7504123675399891
198127 0.9073882606464225
198535 0.7800138066651385
198920 0.8473920131530956
199319 0.9452677298895511
199727 0.8772704192847596
200116 0.6526618664594477
200507 0.787369403860892
200892 0.6519629800359373
201295 0.7488433521656788
201712 0.732053514007533
202132 0.7288699957698066
202535 0.5111972249598591
202910 0.4686821321850717
203272 0.5309559028387568
203637 0.8793164285309938
203990 0.5260546049772169
204343 0.557409723321824
204689 0.5418655439874055
205035 0.8388056927207497
205389 0.7475995976605949
205755 0.9724843707926158
206112 0.7528567769017356
206461 0.6623100929522885
206814 0.8160683266286871
207176 0.9035326964779566
207546 0.9089093700517308
207919 0.7684924688368062
208287 0.6845114515738991
208643 0.5620740274963908
208990 0.5771310007369767
209328 0.5559533350963919
209673 0.6153404643007672
210013 0.7491739213276261
210359 0.6070345962738646
210716 0.7462651241858371
211077 0.667458199919178
211428 0.7113385729974944
211785 0.9235738366728361
212157 0.8485366041093874
212527 0.7891268052912963
212877 0.7073443187303188
213236 0.9068272572608136
213597 0.9133230833593822
