124220 -0.3214978077943175
124581 -0.24572836831620049
124935 -0.26874964545255686
125299 -0.2675196478238595
125667 -0.8951636916279234
126007 -0.16588044395326418
126352 -0.25822232338455775
126692 -0.3030866368267365
127044 -0.30313788645615164
127402 -0.3173983164481187
127771 -0.43318235968462643
128157 -0.21707008425457475
128535 -0.21530841939082268
128886 -0.1835142015772624
129268 -0.18941095649777026
129652 -0.24120155153756875
130040 -0.21829406416823374
130429 -0.2216443674116359
130783 -0.2561159124332816
131144 -0.27126225985817426
131519 -0.20742741098538858
131887 -0.23102683685402353
132261 -0.2047332721700711
132646 -0.299570518537811
133019 -0.5238798410179739
133720 -0.3324238297428556
134058 -0.3041305444148403
134397 -0.389173676612402
134743 -0.35354478677277845
135087 -0.3901274668535957
135447 -0.474396389326495
135815 -0.6081737769799501
136180 -0.29623341228543354
136557 -0.3437086648799351
136954 -0.41359318094327346
137345 -0.28052798306089544
137707 -0.348873207479356
138068 -0.43674163666650156
138442 -0.3250403307516926
138784 -0.33958687600826304
139133 -0.3522727159943021
139491 -0.3583289276601796
139938 -0.2682412373231041
140183 -0.4260154716151707
140551 -0.3059868931459077
140911 -0.3656926198732039
141283 -0.46995534592447
141642 -0.39965076619741247
142011 -0.48943646833287735
142375 -0.5561707587658662
142725 -0.528690014726747
143077 -0.36536264250676376
143429 -0.3478901219691238
143771 -0.44922054806014466
144095 -0.365947703775533
144413 -0.49025779843452605
144732 -0.3970311616727664
145053 -0.40341850312087907
145375 -0.3233069592798479
145697 -0.3658196490890736
146028 -0.39577229279363396
146365 -0.36403360713155175
146690 -0.406998607408747
147018 -0.39009867256737824
147359 -0.4163068309513949
147714 -0.29630928612753804
148065 -0.2717704861380774
148426 -0.5506141689709096
148794 -0.31564748288796396
149147 -0.310396941159234
149497 -0.39977109059087834
149848 -0.32811178299513266
150184 -0.23571781828205335
150530 -0.4504520386426155
150881 -0.46069511098609656
151229 -0.353416215009178
151590 -0.443508257766567
151957 -0.31438982091982504
152308 -0.4885223072697258
152681 -0.3963580275677009
153036 -0.3853270576253987
153409 -0.48233716482620503
153774 -0.32234178439124306
