1143423 0.7235194509181878
1143747 0.7351098420877746
1144070 0.9983660430046717
1144179 0.6830673143505286
1144400 1.2112384928141005
1144733 0.8075377576419329
1145059 0.798655651043224
1145408 0.9644286595389402
1145523 0.8684355294371608
1145751 0.7397602819502063
1146104 0.9608120280458657
1146450 0.6474394499126535
1146795 0.9173909181182152
1147143 0.8776153873805016
1147486 0.5604884346743981
1147818 0.5634567367937467
1148153 1.0515507428854869
1148486 0.7879816260410906
1148833 1.0158223352786402
1149164 0.5096935844846465
1149501 0.5519462888891103
1149830 0.555110565615448
1150184 0.5297705693530651
1150548 0.6951178838532591
1150912 0.5235268666600101
1151267 0.653984273170567
1151617 0.6381106701342976
1152622 0.52405552011984
1153263 0.4650947690972788
1153578 0.7505017559007919
1153896 0.8796305752378643
1154013 0.4539162238579794
1154220 0.7124333421881324
1154542 0.5237146171115798
1154868 0.7165255503120179
1155195 0.784022626935257
1155520 0.5170778728023311
1155840 0.46356039982161396
1156487 0.6362498260741596
1156816 0.732064846795982
1157142 0.46501322164235315
1157470 0.6541400337100483
1157815 0.7762138503575559
1158152 0.5921955195434949
1158502 0.7643272368679022
1158850 0.6921797369747615
1159187 0.5931113522193774
1159520 0.7334327585999294
1159848 0.5837855666239119
1160174 0.7177505660694619
1160497 0.5282764034374444
1160825 0.6811689187221412
1161163 0.7580908358072818
1161514 0.5242258283013216
1161867 0.48686332666123505
1162213 0.6412389767557684
1162566 0.5974251048114528
1162919 0.39267513207227817
1163279 0.38507290589441023
1163622 0.396814993003238
1163950 0.44466091621243875
1164272 0.5432942340131077
1164637 0.6407769578566571
1165030 0.6696479922467978
1165426 0.6392811982003965
1165849 0.7686865427369222
1166271 0.7168392442897881
1166661 0.6192864452766379
1167049 0.6891274386436275
1167433 0.5111383692113036
1167795 0.5681774917000556
1168166 0.7121620927490254
1168546 0.6675203298393896
1168922 0.7144253935131449
1169277 0.5939151420826743
1169628 0.6077695784475872
1169974 0.47400906242381863
1170317 0.6210418529461124
1170668 0.6372602962780319
1171022 0.6001497979550696
1171408 0.6736115890372972
1171801 0.5185172172797637
1172200 0.6359607787670267
1172576 0.5526452153471171
1173007 0.7360735948300148
