7049107 -0.19456756323273622
7049691 -0.18018250555816978
7050269 -0.1703987311915457
7050844 -0.18111427823653736
7051424 -0.16962897860507586
7052018 -0.17363362728526271
7052597 -0.17249946492012308
7053115 -0.250284288541332
7053341 -0.26991001765361444
7053588 -0.28109320720730185
7054047 -0.15502044621867406
7054484 -0.17857634531544048
7054911 -0.19015777684592228
7055335 -0.1884382672208839
7055748 -0.17005470682950802
7056184 -0.12914709496956528
7056626 -0.1256168803853197
7057058 -0.1497646935602096
7057501 -0.11692829601471932
7057956 -0.10582227543432532
7058415 -0.1453396036830465
7058879 -0.12676836935292163
7059361 -0.10634052941239708
7059854 -0.12254131574139293
7060339 -0.12717101296596256
7060840 -0.109504588628269
7061349 -0.10945344219778208
7061871 -0.10443077821621893
7062391 -0.13168773085161245
7062928 -0.1077258160962204
7063487 -0.0995736018330432
7064058 -0.09543680845395519
7064638 -0.08996046633801869
7065213 -0.0911729281123464
7065793 -0.09090638368833392
7066370 -0.08918806577249155
7066952 -0.08931161735109822
7067527 -0.1153544482996125
7068093 -0.0945121406955346
7068655 -0.09441725612743124
7069218 -0.073828986148892
7069758 -0.12346616670704302
7070308 -0.11993707466251807
7070873 -0.11164954315219827
7071432 -0.1022707064265258
7071947 -0.15582235821386559
7072479 -0.13146937309640877
7073029 -0.10562863132572536
7073590 -0.11448464018101279
7074114 -0.15127889034756475
7074663 -0.11313767774539518
7075210 -0.1052460018531719
7075728 -0.1532603273705878
7076278 -0.10723764056518426
7076859 -0.09276178655964967
7077430 -0.13403478542379627
7077976 -0.13019583719375866
7078536 -0.10210423274821545
