1622949 -0.3578413717545734
1623338 -0.3177706945406133
1623714 -0.33603536826176805
1624076 -0.4415936818369196
1624436 -0.4534939395940535
1624797 -0.3367592105804619
1625163 -0.4870024066927907
1625538 -0.4326687103995707
1625942 -0.3845463748974861
1626330 -0.36611177143911333
1626703 -0.3488093028896809
1627081 -0.37753490333708
1627453 -0.4498487152826943
1627841 -0.2580835293573073
1628220 -0.43837945621467916
1628607 -0.363501036892704
1628986 -0.310246659584668
1629355 -0.3280563633106232
1629718 -0.39778609806041904
1630073 -0.3418855486711361
1630419 -0.28150576968129915
1630763 -0.2464368440078249
1631110 -0.28491915766949955
1631464 -0.38083639177346346
1631807 -0.4077851210820948
1632153 -0.27755900563001135
1632516 -0.36029002922232073
1632890 -0.37733205367767414
1633249 -0.3226037176974495
1633623 -0.3189842726985795
1633981 -0.23855232622086153
1634343 -0.2702612938258613
1634702 -0.37297246685379803
1635065 -0.3932486075721598
1635410 -0.4560519403491854
1635758 -0.4628379186036435
1636099 -0.4825222868094452
1636438 -0.4556320800766503
1636773 -0.452789609970063
1637112 -0.5006805790844464
1637461 -0.3809369139484973
1637811 -0.2977055286341158
1638154 -0.2871849943095981
1638492 -0.2932201129790031
1638825 -0.4232597977313739
1639159 -0.4100785804603005
1639497 -0.2992682193007514
1639838 -0.2955317143289059
1640173 -0.3296878526979749
1640509 -0.35472637021815134
1640846 -0.40536322234325756
1641173 -0.385225244713446
1641500 -0.4156996822667803
1641832 -0.4446866890496998
1642167 -0.46010908616385093
1642493 -0.4191861258417628
1642824 -0.31505675691196133
1643148 -0.42343083180575647
1643471 -0.3701751442989654
1643789 -0.4692496859525632
1644108 -0.3956212415507625
1644429 -0.32920902279877895
1644757 -0.42258353502205404
1645086 -0.36759321300339376
1645410 -0.03991605038793489
1645738 -0.06313151769782621
1646068 -0.07580724483787493
1646399 -0.08392887064884091
1646751 -0.0657798605330131
1647058 -0.13025882563899527
1647379 -0.16124828172853145
1647704 -0.15482735462701858
1648034 -0.1689148765860432
1648202 -0.23055374967157394
1648374 -0.20435615265362994
1648725 -0.09917131397571144
1649067 -0.1535261809516687
1649438 -0.13324346669621567
1649820 -0.21140975698152165
1650196 -0.10282900697527442
1650555 -0.11123270897616849
1650921 -0.10453248849614832
1651313 -0.08179439807037509
1651656 -0.12983726644763027
1652008 -0.11486761148657837
1652372 -0.1484904230629922
1652711 -0.2733085031600146
