7019179 0.7383589859021445
7019735 0.7383767033378583
7020297 0.7430173082151509
7020847 0.5661218057312298
7021398 0.756814384423643
7021950 0.701751676717748
7022495 0.6889619961484921
7023046 0.6837483644872129
7023587 0.6632409079410626
7024138 0.7477603249082394
7024686 0.5941353722353175
7025226 0.7516275754602608
7025776 0.7563734036689294
7026317 0.5621126829909225
7026836 0.5814672667524451
7027352 0.6533424324159305
7027878 0.7753021471420861
7028402 0.576760546665607
7028912 0.6443095838414522
7029464 0.7859359183549801
7030021 0.6531638931098385
7030557 0.5914359630706197
7031113 0.7756003069386341
7031687 0.6993320507115534
7032250 0.5743347143213602
7032824 0.7435006322365664
7033397 0.6729130494270741
7033941 0.5347922037803864
7034498 0.730953250512777
7035063 0.7614814472394265
7035612 0.5455815158230976
7036182 0.7182479848480202
7036747 0.7596747013223433
7037299 0.5435225746618274
7037861 0.7249363606919318
7038435 0.7553738848693294
7038996 0.5280644083240333
7039554 0.7006377195545199
7040117 0.7386045670198733
7040666 0.5309920785778512
7041211 0.6885613677838258
7041764 0.746877414974972
7042313 0.5675217075127352
7042868 0.7153945915494297
7043425 0.7483567454469445
7043979 0.5509387647256894
7044532 0.7105894131570243
7045088 0.7499586494810083
7045633 0.551984555586636
7046175 0.6804750251914073
7046725 0.7419889355491367
7047267 0.5468165898431749
7047814 0.7240162882810689
7048374 0.7554726328542825
7048923 0.5826375907034661
