783568 0.8098836111611245
783986 0.715479547903785
784419 0.9983599419132183
784860 1.053098221670755
785291 0.7305572126071904
785709 0.8576308501731519
786148 1.0390573111008818
786599 1.0681977983693807
787034 0.726181995607026
787464 0.878403105260177
787907 1.0096261600483363
788356 0.9242916459164208
788783 0.757582075602895
789227 1.0428995476714686
789673 1.0811513452904042
790099 0.6787297974733864
790530 0.9401302935581841
790979 1.0368263747965485
791431 1.062872063851568
791860 0.6682829937236664
792288 0.9467955602246456
792734 1.0754717849397606
793167 0.740841264008452
793586 0.8826857586426096
794031 1.070465463278167
794470 0.8071948497346921
794889 0.8443080592859995
795324 1.0824550182338815
795763 1.0222074224695068
796181 0.7081179325510398
796615 1.0531755717803146
797047 1.0800271617071318
797474 1.0486451306951063
797892 1.029299684522691
798329 0.991094063296289
798742 0.7283310217437861
799169 1.063449293973846
799604 1.0629699708688718
800022 0.7024694078498055
800445 0.9603179335417802
800887 0.9625430380082709
801283 0.544014852397725
801681 0.6271599440027228
802091 0.8865250280961927
802520 0.7739129434464895
802924 0.5901442974749118
803298 0.5300919304306875
803677 0.6977915873213844
804040 0.7305504893413668
804414 0.8248116898867712
804783 0.7093747084375187
805138 0.6437935198870097
805505 0.704979624236593
805868 0.5531126337459267
806229 0.5730052385849411
806591 0.542181541206539
806945 0.4894910357481712
807305 0.48849056863722307
807662 0.6597852378962965
808013 0.6393414991266135
808347 0.6334333926418205
808684 0.6037300837658945
809015 0.5816415834465131
809347 0.8422065073723692
809698 1.0621527079533122
810056 1.0424653060645426
810424 0.9198866954185694
810781 0.8183103125852904
811141 1.0700589862024765
811511 1.0482508608910197
811891 1.0062811953706587
812278 0.834832880304009
812651 0.9730268171799528
813033 1.1972527721453599
813412 1.164602032792587
