873601 0.4685860165274163
874024 0.6901139810596209
874453 0.6528658137775158
874875 0.6125368699636949
875291 0.6780767688611685
875718 0.6781148581799544
876154 0.6991163329498342
876591 0.6166062191962199
877010 0.618499015985938
877438 0.7107115488765418
877862 0.424030496514027
878266 0.49323674749747193
878669 0.6261205286015417
879082 0.6709683275372116
879502 0.7053825378750894
879917 0.4596433090753177
880294 0.6131005355220874
880650 0.4311917843210117
881017 0.5524347066004042
881364 0.36205232485722866
881708 0.5040926424633699
882057 0.508179447779736
882385 0.5445701260036413
882725 0.5617694092232298
883060 0.5681795191358725
883388 0.49353464636636196
883713 0.46489939452456414
884030 0.46235618371055215
884342 0.45431852121778415
884652 0.6110569180233829
884960 0.4962990562216275
885291 0.5403921658206305
885614 0.633953766923684
885945 0.7712477584149382
886292 0.7950704589836279
886637 0.59274743337434
886988 0.7261282941140588
887351 0.744311586966652
887731 0.6917330299493427
888094 0.6206679772082816
888463 0.6399927625736996
888842 0.6798562636667326
889229 0.5715655202495025
889603 0.5305222831709598
889987 0.6906124442384401
890374 0.6301025449891713
890760 0.5330446806624631
891128 0.5395314738086813
891507 0.4990232534465158
891885 0.5189181949146242
892245 0.4033806637108981
892592 0.4070722217626968
892952 0.5862071315597384
893317 0.7835891684798117
893689 0.7413243335820627
894065 0.6905415639268488
894443 0.5740518077951532
894805 0.6464296562183323
895174 0.6703399770870746
895547 0.6243384093570242
895914 0.5072082308675918
896278 0.6037595676088601
896650 0.6595312471963086
897027 0.6472395931578853
897395 0.5547664303545888
897774 0.6763046184159116
898158 0.6710468714026635
898536 0.5339565868620822
898923 0.6099888022186617
899319 0.6543739325116689
899706 0.5454088125593431
900101 0.6723245321711939
900492 0.6547918391675327
900872 0.5399970848046055
901262 0.6322029265446529
901654 0.6244145650830113
902053 0.607176885272578
902438 0.5431259083732262
902834 0.68295298162072
903225 0.5879732626208118
