5160543 -0.16378754468786644
5160903 -0.14909956059914475
5161266 -0.1913810342406866
5161622 -0.2168070504041511
5161985 -0.23499105300216566
5162357 -0.2167410132232937
5162722 -0.29141685621181046
5163083 -0.2970274457763969
5163435 -0.34948742064660177
5163783 -0.4163638441194706
5164134 -0.4418130689326172
5164490 -0.41588895566945394
5164864 -0.48111883411091666
5165240 -0.4498813773809758
5165605 -0.4462911062990179
5165975 -0.4044965249056822
5166350 -0.3395399544892348
5166719 -0.3238931351445303
5167068 -0.284711558353153
5167424 -0.35657963781094737
5167786 -0.3351840383856548
5168129 -0.300742663910034
5168476 -0.351807433405704
5168830 -0.4139109891184427
5169189 -0.32437341640075695
5169537 -0.3197441665899334
5169876 -0.34631016522248703
5170220 -0.23782930925850737
5170586 -0.22824220512970406
5170964 -0.23880069799844267
5171340 -0.20589633497158644
5171744 -0.26418917634213956
5172179 -0.30627079855351824
5172619 -0.2553873433953062
5173056 -0.24475496466777935
5173468 -0.24489425864104497
5173865 -0.2283527334684381
5174279 -0.2392374507181137
5174698 -0.2800449402710465
5175118 -0.2901393401355231
5175515 -0.2647145774370787
5175905 -0.45081132657543294
5176298 -0.5032441660492457
5176686 -0.4120931949979444
5177087 -0.3993402606514618
5177464 -0.352864505626529
5177838 -0.35021728147165654
5178194 -0.402309094935116
5178560 -0.3385303662421082
5178949 -0.29616836981869965
5179319 -0.26881342108539974
5179703 -0.4643624018770386
5180087 -0.3356299573175609
5180478 -0.3195228016506852
5180854 -0.2947716529207159
5181234 -0.3701688309362069
5181615 -0.37940070417256366
5182005 -0.32836861469874423
5182371 -0.34413228928839795
5182746 -0.2693430173392158
5183130 -0.3936581930520586
5183521 -0.3531810306111172
5183915 -0.40819508631744
5184306 -0.4371967283145223
5184673 -0.35769032201216877
5185031 -0.4868658154416981
5185393 -0.5209472483814028
5185752 -0.38806049785138275
5186105 -0.33850377951928445
5186468 -0.4569196269843782
5186838 -0.4780321260647054
5187218 -0.3651568940547032
5187588 -0.3795853908042894
5187957 -0.46756992870116415
5188328 -0.4200858798102697
5188706 -0.4241531475711476
5189076 -0.37866810670738776
5189434 -0.4004202784720492
5189791 -0.35740808598761314
5190149 -0.45575911937057334
