1503173 -0.24544332389866025
1503596 -0.2619160710100208
1504024 -0.2377716299943886
1504455 -0.2341436709992719
1504891 -0.23534169416101397
1505337 -0.24324429551956023
1505768 -0.25028746684964837
1506196 -0.25552652456326863
1506608 -0.2608593024115816
1507003 -0.2828803884358712
1507406 -0.2707330558904563
1507792 -0.2713472872413924
1508191 -0.27219682391019406
1508597 -0.28050324761987827
1509018 -0.29381273037182887
1509441 -0.2956245476861417
1509847 -0.29461835645226037
1510271 -0.2931981563403169
1510700 -0.2959295840522502
1511116 -0.2792882928881566
1511527 -0.269352498995404
1511950 -0.2731211904806067
1512374 -0.2761001258437557
1512778 -0.27576083876756696
1513170 -0.2676002359883006
1513546 -0.2525631294479377
1513927 -0.19014699689107362
1514313 -0.21295869949241286
1514699 -0.23375749193442835
1515083 -0.21966173860477634
1515482 -0.24405996014073178
1515892 -0.237157871645775
1516298 -0.2292317221675335
1516688 -0.1916177522377877
1517091 -0.2061554671744229
1517503 -0.20997120461513652
1517925 -0.2129742568429293
1518327 -0.2023800653206198
1518746 -0.20464209444623555
1519171 -0.20926617089501232
1519604 -0.20880236671972863
1520014 -0.17514802031223625
1520427 -0.1941902691672988
1520850 -0.18591322788874248
1521281 -0.19402174307394826
1521708 -0.19567195358260803
1522114 -0.18726076319322577
1522539 -0.1823337235820498
1522968 -0.18466435993622554
1523402 -0.1896895752278595
1523831 -0.1845875633721495
1524235 -0.18385510203126026
1524652 -0.190899494062577
1525071 -0.17765170748975578
1525493 -0.18897211463483304
1525919 -0.19338880105898032
1526341 -0.21608999033274917
1526739 -0.1804140686625681
1527148 -0.18882244604510157
1527555 -0.18864977461492294
1527968 -0.19850764987049546
1528377 -0.21952706147425105
1528777 -0.18951867995818505
1529164 -0.20516407510295542
1529559 -0.2110861895363747
1529961 -0.18323946307249867
1530340 -0.19870464300552382
1530734 -0.24616252967497132
1531137 -0.23623534867140783
1531553 -0.23918497213912066
1531958 -0.22810572479327462
1532363 -0.21546127213703298
1532780 -0.22695144030221265
