4231217 -0.16418336586822763
4231723 -0.19090487829201552
4232209 -0.23257109010006788
4232711 -0.17757562485890005
4233215 -0.17773646688326733
4233719 -0.21716189787932805
4234205 -0.19747712564388442
4234717 -0.1708300656955467
4235231 -0.1687263625334851
4235734 -0.23011521485218184
4236247 -0.1808379168396655
4236764 -0.1736436430656606
4237287 -0.19742040342806183
4237803 -0.19464382379237893
4238354 -0.17376100716514714
4238909 -0.1888200485458973
4239455 -0.18536833760396176
4240015 -0.1653846019351195
4240569 -0.20154462708022125
4241117 -0.18097465753577424
4241695 -0.1736971460080512
4242249 -0.19814945286813895
4242809 -0.1712628922415831
4243372 -0.18834988508824835
4243917 -0.17557854744908713
4244480 -0.1733573664084116
4245054 -0.16887787502467455
4245614 -0.20242048554672304
4246192 -0.16212463846524677
4246762 -0.17103364223554846
4247308 -0.20099732599335957
4247869 -0.16891681139103598
4248417 -0.18591880951941747
4248947 -0.18464336875414916
4249497 -0.17261608550323337
4250052 -0.1781669926128655
4250602 -0.17936878557165553
4251161 -0.17379893099923965
4251710 -0.19731006028899245
4252266 -0.1724326896358585
4252833 -0.1865105816987711
4253395 -0.17181029848534274
4253965 -0.18658858367938264
4254520 -0.16773430633835934
4255082 -0.1826119383892547
4255624 -0.17255216723839656
4256179 -0.17755097314990198
4256730 -0.1719240464176251
4257270 -0.19760844637329877
4257817 -0.16701358975357478
4258360 -0.19769071295953516
4258898 -0.1701575538076988
4259456 -0.18478390426557778
4259990 -0.19625562687262377
4260544 -0.16557288932259423
