6959404 -0.3713860362493604
6959935 -0.3508653675821051
6960481 -0.3429065724557405
6961023 -0.37569352982448995
6961566 -0.3432716699399202
6962126 -0.33974365526894196
6962674 -0.37158889285094815
6963222 -0.35278567974549635
6963782 -0.34961015491360103
6964318 -0.3643140751568426
6964866 -0.3499775694822532
6965429 -0.3490256275357839
6965974 -0.37495972282220447
6966524 -0.3515823013701289
6967082 -0.34234261383240505
6967625 -0.3720486722135732
6968171 -0.35499580604842385
6968719 -0.3451289489423084
6969259 -0.3815533418138441
6969813 -0.34674191690609657
6970375 -0.36271581887584003
6970924 -0.35466753713235055
6971488 -0.34550353369051806
6972056 -0.3678495111743878
6972617 -0.3436427083271459
6973186 -0.3442274223712373
6973739 -0.3658606935709696
6974308 -0.3458973566661564
6974866 -0.3715073936189049
6975415 -0.36270366457856446
6975975 -0.34662300189687256
6976528 -0.3763581726850976
6977088 -0.3462270293636538
6977652 -0.3462244560248583
6978205 -0.3759739768970853
6978758 -0.3407772861806219
6979320 -0.3359082081047967
6979864 -0.37643641049498344
6980419 -0.33224321224554965
6980987 -0.33241723384724725
6981539 -0.37925175574380493
6982084 -0.34117139185355316
6982639 -0.34330665412588696
6983175 -0.36874580278693725
6983729 -0.34064785947400883
6984291 -0.35164606985910535
6984833 -0.3745164027844508
6985385 -0.3435249020134009
6985945 -0.33948475666241174
6986504 -0.3665390763121633
6987054 -0.34955810426796236
6987612 -0.3379223585613672
6988163 -0.3653747061228875
6988712 -0.3494307512426002
