5520256 -0.4145183825996236
5520614 -0.4655376359624156
5520963 -0.38001779423094595
5521313 -0.432827158493749
5521659 -0.4559289878010765
5521994 -0.5020239215408479
5522328 -0.5317486757783523
5522661 -0.39084699768158404
5522995 -0.37154459645965954
5523324 -0.3719121815944725
5523662 -0.4161943618459564
5524004 -0.32844201154945984
5524332 -0.2891170024261659
5524672 -0.2195917603104424
5525003 -0.27638932560943574
5525345 -0.41160348388734136
5525572 -0.1565039441684974
5525686 -0.3031006855727872
5526030 -0.4445181635504343
5526365 -0.37258998453940934
5526696 -0.42570398686850613
5527017 -0.38206996791016123
5527338 -0.38482011838889363
5527654 -0.3545290462500804
5527975 -0.41952291924715324
5528289 -0.5376490027362871
5528599 -0.4694767335310862
5528920 -0.44611177492763104
5529235 -0.3143336857547668
5529554 -0.41400547961082185
5529877 -0.3690762760154464
5530197 -0.4651166439390422
5530465 -0.0908239750768709
5530525 -0.5124735586322721
5530851 -0.5879757234603924
5531177 -0.5167995840166745
5531494 -0.44376647545750403
5531812 -0.7008349372714228
5532123 -0.4496883152492088
5532427 -0.39205633002970264
5532731 -0.5540912493276872
5533031 -0.46303615556691025
5533335 -0.41591934239469286
5533639 -0.433529336033714
5533944 -0.4441818070669951
5534251 -0.45179102032368196
5534560 -0.44157712530469984
5534866 -0.4948658480149713
5535173 -0.4374620184688237
5535478 -0.5042244558875505
5535783 -0.4857542478313547
5536091 -0.45415594647757085
5536403 -0.4422387943564371
5536716 -0.3870815647931328
5537025 -0.4185459095988425
5537338 -0.45842146907374604
5537656 -0.4399726326545935
5537979 -0.41829330782730734
5538301 -0.40434135135225546
5538621 -0.41811245639874484
5538950 -0.44162621610080965
5539278 -0.3899716695352725
5539582 -0.44014560621001037
5539895 -0.8860370414472913
5540194 -0.4429970271244829
5540489 -0.6169892246995301
5540781 -0.31269496494592997
5541073 -0.41651643014732126
5541361 -0.38659894078283585
5541648 -0.37548909043392276
5541938 -0.39183883156351984
5542226 -0.3982786745568713
5542516 -0.4121583309043367
5542811 -0.4006899118026923
5543110 -0.326717896224834
5543408 -0.3642125793361961
5543709 -0.40867245834134364
5544014 -0.39479806405256784
5544315 -0.29280328375900394
5544617 -0.2579227075729899
5544918 -0.29097376038843514
5545223 -0.35220504271165354
5545536 -0.29651202029324514
5545847 -0.3019755399231268
5546160 -0.34744080143990996
5546480 -0.3718737006466593
5546808 -0.34192131668877895
5547142 -0.30412148055793214
5547472 -0.324153485893836
5547804 -0.35189669114599903
5548139 -0.336224696241622
5548473 -0.35730881627914346
5548801 -0.2852722467593746
5549139 -0.2769530851320369
5549487 -0.3557900612281401
5549829 -0.35133933527758293
