6989548 -0.20486997278956015
6990043 -0.21008952675209763
6990519 -0.2009147091522987
6990998 -0.19689257669306137
6991492 -0.19545050111914875
6991995 -0.21229044602928104
6992495 -0.22094360897762189
6992956 -0.2215647052816868
6993412 -0.2295672810613102
6993888 -0.404961387542249
6994324 -0.23359551559743913
6994754 -0.2612244757170701
6995203 -0.3493561566870712
6995665 -0.17847715055916247
6996110 -0.1896409909282667
6996580 -0.15942197670327396
6997024 -0.20654648300360873
6997502 -0.18173376241506628
6998003 -0.2181116304890628
6998517 -0.2371899743687671
6999002 -0.23001091675844498
6999498 -0.2595973977209784
6999996 -0.2748251039695987
7000475 -0.23143277223708003
7000941 -0.2276223964923475
7001421 -0.24123678899740977
7001916 -0.263317800803578
7002421 -0.286427929014652
7002900 -0.24181063693720078
7003372 -0.26872390450714956
7003866 -0.26069076232598487
7004358 -0.2770659638552695
7004841 -0.3676972113200213
7005290 -0.2767765803634441
7005735 -0.28978856374025685
7006187 -0.2190073685925899
7006637 -0.23896383779714403
7007073 -0.21141790139068134
7007524 -0.19849280513780615
7008000 -0.21763793584466945
7008489 -0.2557073472143892
7008960 -0.2505949393849501
7009427 -0.24755684541956546
7009913 -0.24907540555158703
7010408 -0.21528752090994813
7010909 -0.21575826728140063
7011404 -0.21575184515271933
7011888 -0.21153370002598804
7012349 -0.1878409884943309
7012813 -0.19220896393553827
7013276 -0.20763364107023086
7013734 -0.20597328047703872
7014211 -0.18424512279689942
7014695 -0.20439841131729936
7015177 -0.214026942436994
7015641 -0.20857676753763094
7016102 -0.2082087461149924
7016576 -0.19138735459139955
7017062 -0.19152817668683458
7017549 -0.21126186712351053
7018013 -0.21211699824892372
7018493 -0.1997294481745001
7018978 -0.20390159901500643
