2192747 0.7238754260305866
2193210 0.9277149733680421
2193676 1.0315053813618977
2194116 0.899854749768522
2194565 0.8811606017766687
2195003 0.601127696677188
2195421 0.7494474707521364
2195863 0.7616726963668279
2196308 0.7854415831050637
2196751 0.8785355732039073
2197187 0.7908261395704383
2197632 0.7865538312076459
2198077 0.6790911787248907
2198541 0.9453612777849526
2199003 1.0111028549919059
2199457 0.8409354274355203
2199905 0.8738006352767139
2200350 0.7802595056420016
2200788 0.6026816443503709
2201204 0.6489334229973446
2201649 0.8071223498945204
2202095 0.7989812006421122
2202556 0.8529853092001067
2203026 0.8133221333082872
2203486 0.8153238227611568
2203956 0.7838856785680124
2204421 0.6497396971041103
2204875 0.6770897485803778
2205293 0.6950453563021166
2205740 0.9072782567531833
2206180 0.6894263658942883
2206604 0.8296899761214662
2207024 0.6686347936149828
2207438 0.7347526692873331
2207866 0.8507940344149862
2208312 0.6033275058839681
2208762 0.9133976093117457
2209235 0.9317741427424755
2209705 0.8595622543204509
2210135 0.7466033884551434
2210588 0.8955692982066537
2211037 0.7411472218185047
2211487 0.7276672856481128
2211933 0.7223340507117237
2212357 0.8165955387852496
2212750 0.7420226820300337
2213159 0.7712011193164343
2213591 0.7772011713901253
2214038 0.7376160454693117
2214494 0.7988968128040246
2214954 0.7667691413291198
2215427 0.7546774394076464
2215857 0.7969969520914552
2216315 0.8135585118100855
2216779 0.7823326053083997
2217239 0.6259038520073721
2217685 0.6504281046211244
2218117 0.7446286370798952
2218542 0.7302778826783043
2218964 0.8228083395768151
2219407 0.7794554029626106
2219863 0.7898507955334986
2220309 0.6889306382648592
2220766 0.7446403714286962
2221225 0.9280384796995765
2221688 0.788475592864437
2222116 0.7158801676762437
