1892685 -0.29476222743604136
1893277 -0.30173906897265657
1893874 -0.3111678645504033
1894442 -0.3071493964264176
1895005 -0.30971169708383917
1895537 -0.3514636130272185
1896072 -0.3104581753827661
1896637 -0.31267635960264434
1897204 -0.31906009837845234
1897771 -0.33741822624220924
1898361 -0.31188117025792844
1898972 -0.3181376578459797
1899580 -0.3209563096798742
1900187 -0.3034137891792855
1900822 -0.29559158487702897
1901434 -0.30938176371948917
1902047 -0.3050544834275028
1902668 -0.30264679342434236
1903302 -0.30738366799984795
1903903 -0.3006741588409406
1904526 -0.29447269878854865
1905126 -0.3054676976100751
1905708 -0.30557871528555336
1906316 -0.30483352717560214
1906928 -0.29992491140977395
1907521 -0.2974300259227575
1908125 -0.30292916907315104
1908708 -0.30696945850588125
1909293 -0.3097119490593363
1909864 -0.303981473399527
1910458 -0.3058076318079033
1911062 -0.3068421565925483
1911633 -0.31188025257741187
1912235 -0.3011715608860422
1912833 -0.30414977930538944
1913417 -0.32203170243206436
1914018 -0.29928500115089035
1914619 -0.2983484635737812
1915189 -0.30866528220988687
1915742 -0.30468006345838305
1916317 -0.3065184468568755
1916902 -0.3080332504564206
1917470 -0.3097159235398827
1918066 -0.2983119831185724
1918667 -0.2984466916551393
1919259 -0.31732275867391185
1919874 -0.29990753929784864
1920496 -0.30387723883797807
1921086 -0.33218725879902267
1921669 -0.311061950752109
1922257 -0.30382269458393163
