34074 -0.2903536039075817
34411 -0.20476959179639953
34746 -0.2030779278486149
35085 -0.33428900550952323
35425 -0.3524119532903036
35767 -0.41188669462702443
36105 -0.27934267316124806
36434 -0.21829698814589393
36765 -0.361395901052898
37095 -0.3542623227847298
37428 -0.35749524132726873
37763 -0.3017265396596799
38087 -0.33342843966362296
38410 -0.3547834499526549
38740 -0.22282438048371322
39064 -0.2401020171853825
39393 -0.30808802831792337
39726 -0.3214060488486479
40071 -0.28261048653145293
40411 -0.23989130409116977
40746 -0.23350881022682823
41096 -0.21106411894840732
41470 -0.21071351087747792
41858 -0.25657591920219125
42256 -0.23071836638310717
42652 -0.20835173151061814
43047 -0.19328583503336794
43450 -0.29837790595603153
43858 -0.19123170389390953
44274 -0.21798192436652863
44692 -0.18287385919241456
45087 -0.1865274240332745
45500 -0.1963057243361399
45915 -0.2244617204454512
46307 -0.20125023531784136
46710 -0.20657296763582844
47117 -0.21277195923794823
47517 -0.236219500984291
47911 -0.26548851272484364
48314 -0.25606536128302615
48715 -0.34060338828385606
49109 -0.2872963527665984
49483 -0.3024643439797554
49859 -0.28931068880601496
50237 -0.26672578496220856
50614 -0.2264012807373038
50977 -0.25099677312186297
51310 -0.34587571843752585
51675 -0.24116515610375622
52040 -0.3725937788042738
52406 -0.31635658120883225
52770 -0.3754549318619317
53120 -0.2897690686275072
53468 -0.3115943386538127
53815 -0.4875884506091369
54156 -0.35848597333028015
54485 -0.3983499697964005
54817 -0.45537010960891106
55146 -0.29517006643113697
55478 -0.15330829941467677
55814 -0.2508653002231322
56149 -0.3600030317098474
56480 -0.37268311365097556
56804 -0.31534366123556945
57129 -0.4243743575442559
57446 -0.3906254998108853
57769 -0.41695980301760344
58096 -0.4349889046772911
58430 -0.4457103944083708
58777 -0.4721890057090078
59117 -0.4370380076005427
59471 -0.4726209242898822
59827 -0.44501798736534737
60180 -0.33144928391908246
60528 -0.47712225649769713
60865 -0.39011060903104133
61209 -0.29881463629057015
61547 -0.4774780875907203
61897 -0.35126083573483113
62249 -0.442565930833006
62597 -0.3513107730726448
62950 -0.36770874992689795
63289 -0.35686559778827914
63636 -0.49172519484863797
