1922902 -0.3750181401502978
1923189 -0.24446978557119087
1923476 -0.24984921350184403
1923761 -0.17793983287318615
1924043 -0.1635504486567303
1924325 -0.35370527261728896
1924607 -0.3190007221650096
1924891 -0.3168366215559979
1925177 -0.29628140275605824
1925466 -0.4073873885908902
1925753 -0.2827325833092488
1926041 -0.17786543542470923
1926325 -0.2557003690004094
1926609 -0.2958995919353422
1926896 -0.23432694504885276
1927181 -0.26275595059217605
1927466 -0.25623320446767583
1927753 -0.3747534318261225
1928040 -0.2450362389636685
1928329 -0.27395076838761645
1928616 -0.23019479363689782
1928902 -0.21491835116968871
1929189 -0.2864120510493654
1929475 -0.27154896205432383
1929761 -0.23803003437119302
1930048 -0.227838552940421
1930334 -0.21601309631164625
1930622 -0.3458517597677868
1930916 -0.36107367902014254
1931209 -0.28599436524883215
1931498 -0.2709927509710108
1931785 -0.17060998569811026
1932075 -0.4957142542937196
1932362 -0.23586236741317967
1932647 -0.21330595268433372
1932929 -0.22263967375148752
1933211 -0.37976021826472506
1933489 -0.4538668784808193
1933765 -0.4300176031429351
1934042 -0.31874921786976823
1934314 -0.24083745082466862
1934588 -0.2990030277136275
1934861 -0.30381858944581785
1935132 -0.22588932719399302
1935402 -0.5467885875567448
1935674 -0.2911777880464004
1936178 -0.15786991674203854
1936237 -0.16676168239246308
1936519 -0.1787398713396034
1936802 -0.534563977183312
1937088 -0.24119426985863335
1937398 -0.1681960686798072
1937661 -0.21834888779145334
1937948 -0.3503154911086379
1938239 -0.3023171724269011
1938530 -0.3226653748004192
1938823 -0.3493155043994355
1939116 -0.34847623686468343
1939409 -0.3847444613920378
1939701 -0.3843578658476811
1939988 -0.2991942538956036
1940272 -0.3185833103613611
1940553 -0.23606372881241167
1940676 -0.4041126420316674
1940834 -0.22896201520885073
1941238 -0.19635812570504269
1941341 0.1870060646772962
1941401 -0.09731494252424513
1941753 -0.24088366724853616
1941989 -0.08532595797414344
1942291 -0.40052510456717116
1942593 -0.4024342206499678
1942893 -0.3312114237756575
1943194 -0.2844290683512224
1943495 -0.2772408396204268
1943795 -0.2862378935453689
1944094 -0.305889020996743
1944390 -0.2903042617305891
1944686 -0.3040681980633402
1944981 -0.24471495643796937
1945271 -0.21788601528169604
1945561 -0.2775649060906925
1945853 -0.3531527381302232
1946146 -0.20183295221190878
1946438 -0.21109985419104027
1946730 -0.2008059029153233
1947022 -0.23921205891602648
1947315 -0.2557750093556756
1947609 -0.39399149304578707
1947905 -0.2363816360984167
1948205 -0.3568934118300107
1948507 -0.3644288087349043
1948806 -0.41246005606473607
1949104 -0.3101862181423825
1949400 -0.274843973732495
1949693 -0.3153641397143305
1949984 -0.3464555001162246
1950275 -0.282536253931239
1950566 -0.3523734711550073
1950859 -0.2924587147275007
1951157 -0.3018551081483133
1951463 -0.24932316775833502
1951773 -0.2710568041865149
1952089 -0.2113403246044465
1952413 -0.34805868730949296
