6299633 -0.4522047878325093
6300033 -0.30541769112344713
6300420 -0.32728529192598627
6300809 -0.33919740970901346
6301205 -0.2996213323929945
6301595 -0.3066711114652634
6301993 -0.39596168700255197
6302398 -0.3152266736342668
6302801 -0.3088298175170032
6303199 -0.3795802227330801
6303609 -0.37018874829329496
6304018 -0.26034519866700456
6304412 -0.33770195481611653
6304831 -0.33139310848673664
6305273 -0.28541427125700436
6305690 -0.286129705526859
6306137 -0.3398298647218757
6306599 -0.22919432343991386
6307009 -0.2627701696903183
6307413 -0.23566968686045497
6307794 -0.37255504459036226
6308185 -0.3019737737934173
6308568 -0.29547113962748217
6308963 -0.3109857713141457
6309387 -0.3032130225626344
6309820 -0.3115865444783549
6310258 -0.3587308648251954
6310652 -0.22619279274767523
6311026 -0.3713461340913271
6312726 -0.17352729101074815
6313095 -0.26471278244610497
6313349 -0.35723094357251295
6313824 -0.4556201871181649
6314364 -0.1765396765545887
6314546 -0.2818861601593516
6314892 -0.4536119529268773
6315242 -0.18776983085460297
6315591 -0.15256129701072063
6315958 -0.3594162885580877
6316326 -0.20060433886658968
6316700 -0.18323622043705873
6317078 -0.18330260911971424
6317465 -0.19656880201695454
6317851 -0.20566721839647623
6318224 -0.19807477908402304
6318588 -0.23812284772448788
6318935 -0.3283873228629173
6319350 -0.18244964790178902
6319697 -0.21608286909721408
6320658 -0.23984766085177978
6321060 -0.16845961641138202
6322451 -0.13854267852845895
6322793 -0.22112920648725054
6323270 -0.2085989314976605
6323695 -0.3884934061512004
6324161 -0.42797330801448485
6324502 -0.19029564358938122
6325544 -0.4482263460561583
6326161 -0.2504961168334666
6326623 -0.12179170200231126
6326821 -0.2387904621662021
6327208 -0.31162015289037925
6327790 -0.3923353298493166
6328078 -0.20312669018924795
6328469 -0.18509489229386317
