3152063 -0.18109591276804116
3152451 -0.18495084534416056
3152827 -0.17614604607773177
3153205 -0.16505044897485488
3153573 -0.1518790041873489
3153935 -0.22534172231609406
3154318 -0.2868467202298205
3154703 -0.17282396583634663
3155078 -0.21566764365074315
3155441 -0.23824650353856291
3155817 -0.1771679821068859
3156192 -0.21285486958926514
3156573 -0.1807235742019927
3156961 -0.1935920531311886
3157337 -0.19042133995907434
3157725 -0.1712986590362715
3158122 -0.20597704579241827
3158527 -0.19119874402014814
3158917 -0.15616669198530064
3159324 -0.1791108909901854
3159731 -0.18579386400681042
3160122 -0.19398502488184077
3160514 -0.1701132972490782
3160906 -0.16992158062477608
3161304 -0.16950351276330816
3161708 -0.17484041045006093
3162100 -0.2084915321231015
3162487 -0.1838066307513252
3162882 -0.17030503988625084
3163292 -0.15879178042002984
3163713 -0.1713279847106962
3164115 -0.17426091862813287
3164523 -0.16258414743429694
3164927 -0.16959398330480768
3165332 -0.16478847813615605
3165728 -0.18233903147578545
3166124 -0.1646474770763629
3166528 -0.19397581727791108
3166924 -0.18615722701861354
3167333 -0.19293150711678037
3167742 -0.1762860339811333
3168135 -0.18508027296540336
3168515 -0.17173440896973352
3168898 -0.18488139758179262
3169290 -0.20839431718125578
3169679 -0.18697744020546375
3170055 -0.18445778158690485
3170442 -0.1818603287430942
3170835 -0.17528718834727297
3171233 -0.17643681696557134
3171619 -0.1779710485617127
3172015 -0.15672779060603287
3172418 -0.20498969331318218
3172822 -0.19327459244569667
3173201 -0.1785185773510547
3173582 -0.17096202009433498
3173968 -0.17552115623763348
3174365 -0.17726035434886245
3174743 -0.2152304079282676
3175119 -0.16919617824062266
3175494 -0.18456478576405033
3175884 -0.17725129456941102
3176263 -0.21318302082421353
3176629 -0.19426352191113505
3177001 -0.19242937073610566
3177379 -0.16352694778971566
3177759 -0.17977751919350793
3178128 -0.1829245408626563
3178494 -0.20481071813350243
3178871 -0.2165146954869222
3179253 -0.17463420796037255
3179620 -0.18534754013350124
3179983 -0.18488586809492108
3180355 -0.16523946597483957
3180743 -0.1755024548206
3181123 -0.19215763673563124
3181491 -0.1825505041120165
