5190502 -0.1636264175072908
5191082 -0.15904897854790712
5191646 -0.20958920412674398
5192222 -0.16856654535102777
5192838 -0.15898887111079224
5193468 -0.17949860270758894
5194034 -0.1705818318547626
5194632 -0.15680477424228595
5195229 -0.16074636070059206
5195783 -0.17141410871815205
5196388 -0.15386635125608356
5196972 -0.15505619449468533
5197556 -0.19533645015497159
5198148 -0.15973087788390183
5198747 -0.15720230695225829
5199326 -0.15530663733521965
5199886 -0.1871343015718342
5200457 -0.15827912396525107
5201037 -0.15862682534058575
5201625 -0.1603512165958848
5202192 -0.17595152832637695
5202779 -0.1586582296340589
5203372 -0.1553830475111908
5203965 -0.1580324499745559
5204524 -0.19418852454757524
5205112 -0.15107418382531945
5205647 -0.15458071400883816
5206197 -0.16869043237262127
5206745 -0.18906525618354786
5207326 -0.15687681046009888
5207895 -0.18712218261161023
5208427 -0.17840820644616606
5208998 -0.15742241051936018
5209577 -0.15602121964493976
5210171 -0.15188566467118725
5210762 -0.18593656590405933
5211389 -0.15140408891461027
5212001 -0.15241605531387115
5212605 -0.149946505722592
5213188 -0.17679915550249803
5213791 -0.15282271077439497
5214404 -0.15054346019062037
5215025 -0.17169908385937255
5215629 -0.15776306416115055
5216235 -0.15257604006779785
5216822 -0.2004260552121025
5217429 -0.15331724180943757
5218028 -0.1569758147959574
5218635 -0.16468091721430694
5219226 -0.17046620971547038
5219820 -0.15914345563370086
