6779247 0.6822029643912836
6779646 0.5949910758701695
6780046 0.7612572521744829
6780452 0.8180437050428153
6780839 0.4628782652067305
6781204 0.31010632070835936
6781573 0.41550715519419146
6781941 0.6149482856764847
6782298 0.5285494523119162
6782661 0.8223898249355087
6783007 0.6069326737990866
6783359 0.7758136136117852
6783711 0.81816100682831
6784070 0.6659355203040821
6784427 0.6779996792035339
6784770 0.48285020955704605
6785119 0.5628546731367239
6785467 0.7408557923138556
6785810 0.6051321507358819
6786147 0.7726830435870244
6786490 0.6588369684660355
6786821 0.4098791983909745
6787167 0.7972051874574116
6787522 0.8940775650210039
6787880 0.6972565690300884
6788243 0.6021812623898211
6788594 0.7829008408490286
6788953 0.825475710861086
6789311 0.7336998929888499
6789668 0.6755763715088476
6790018 0.6838791493008045
6790365 0.9197758427021263
6790712 0.9493467273834424
6791061 0.8888913064938557
6791402 0.5495883946490117
6791744 0.821029139344749
6792083 0.9323392467877286
6792425 0.7562598499059533
6792553 0.29747400410415614
6792765 0.6294951786306879
6793114 0.9984267487002394
6793462 1.0556835726312714
6793818 0.6916610942067749
6794165 0.5535169260907179
6794509 0.8050576062617869
6794859 0.6986059920811354
6795210 0.6377342216757036
6795555 0.8157449492406175
6795904 0.7055304759607283
6796244 0.8407365669365335
6796590 1.0225070769503397
6796933 0.7161867012923058
6797266 0.810604743747601
6797457 0.25552505569277345
6797592 0.6830876829193492
6797917 1.0458822381328785
6798246 0.8666437204367993
6798587 0.706807464112622
6798930 0.9795337178489361
6799261 0.5912396640877084
6799594 0.8155236145052851
6799933 0.8570110526589018
6800278 0.6082188607635628
6800607 0.4610872433449322
6800929 0.5582238610946226
6801270 0.8392311946891261
6801607 0.726427352888684
6801946 0.7266100393683155
6802281 0.7368988625738428
6802625 0.7462663726495564
6802974 0.7584832932962443
6803312 0.5562532328802559
6803661 0.6791929359801477
6804015 0.7092203189303842
6804375 0.5848563591516522
6804731 0.5704376127792368
6805092 0.6976081751147523
6805459 0.7656806569036504
6805815 0.5371610318866582
6806172 0.752691759065816
6806534 0.7842115750579299
6806899 0.5582823168758813
6807253 0.7175114505271558
6807625 0.7962022533507602
6808006 0.7555313081048747
6808380 0.6008435561150306
6808766 0.8965248559346288
6809159 0.7593653216618912
