6449670 -0.3970657236720256
6449985 -0.3975887344354657
6450312 -0.46649498272932577
6450654 -0.3683661385165977
6450980 -0.4050490920341881
6451310 -0.45766083539204966
6451653 -0.4570961395878488
6452004 -0.3461609768392195
6452337 -0.3903336469311419
6452678 -0.41610872103942365
6453035 -0.44439296126073397
6453411 -0.33894871187323466
6453763 -0.39454349968828656
6454142 -0.4285912525437828
6454528 -0.29015172303618164
6454873 -0.40685551443196644
6455224 -0.3853045947406818
6455593 -0.32330662404072236
6455938 -0.40160448892442263
6456287 -0.3758133473880053
6456644 -0.38524894308449054
6457018 -0.33434756959280454
6457369 -0.3776180248916116
6457721 -0.3181349448573049
6458091 -0.3081482880041111
6458456 -0.35723355097536924
6458842 -0.38812844665902824
6459229 -0.37477566790719524
6459607 -0.2970364307206762
6459974 -0.3702785018666386
6460356 -0.363384474345548
6460750 -0.32440835322016526
6461130 -0.3099526436742283
6461524 -0.3406081523795681
6461934 -0.3312920992865277
6462311 -0.2329300902500362
6462691 -0.29410595587609417
6463100 -0.4211831397068999
6463489 -0.2850053505855775
6463878 -0.28107109018283605
6464269 -0.2762722447315409
6464630 -0.27829983318329743
6464988 -0.34383029424788786
6465336 -0.4450389069357017
6465681 -0.26337361879289034
6466032 -0.31363289174654085
6466381 -0.2111757104576516
6466730 -0.2549479721499778
6467088 -0.4409868371789819
6467441 -0.3362866607604198
6467814 -0.262727527282248
6468162 -0.4803600206332089
6468532 -0.4206999799399301
6468944 -0.29659729427149434
6469338 -0.4272630323272094
6469755 -0.41285364158818155
6470172 -0.32043201678068467
6470579 -0.21988168687689824
6470991 -0.4025598946521661
6471395 -0.6439800951486412
6471775 -0.3482122734333653
6472136 -0.3474737415728113
6472480 -0.533655327842713
6472815 -0.47272992242694273
6473155 -0.42685338057819094
6473483 -0.39644345966618544
6473826 -0.4691663730746161
6474158 -0.2834714724755116
6474489 -0.29010234058350215
6474813 -0.37179703846356793
6475136 -0.3011923995519583
6475469 -0.3054458302268882
6475800 -0.4642355371923867
6476117 -0.41013314619225216
6476441 -0.39921296738635637
6476768 -0.5503785730353828
6477092 -0.50012892895506
6477415 -0.3279585669837525
6477733 -0.414404663363527
6478049 -0.5991257261769152
6478369 -0.2278692474512654
6478682 -0.25416396793125867
6478996 -0.265991645726023
6479316 -0.2690444882850146
