1832724 0.5065110034904864
1833144 0.4652161021032767
1833576 0.4170919984248279
1834014 0.4176258270934372
1834456 0.41072070463976657
1834893 0.40594631673710513
1835319 0.4387216232402727
1835742 0.46557104150490014
1836169 0.5099479835155514
1836619 0.5589622592991286
1837068 0.5014395705046508
1837502 0.47033298344867797
1837935 0.47754958095739625
1838363 0.4463957504303496
1838767 0.44292643253457153
1839174 0.485143870844041
1839585 0.48841424071077383
1840001 0.44767151313455184
1840419 0.42878848679660087
1840843 0.4437080581176146
1841277 0.4269195612576496
1841701 0.4718984588918782
1842133 0.4882271919370862
1842567 0.43423934673989706
1842999 0.45152340125498
1843431 0.4381093617611675
1843844 0.41408903325649626
1844262 0.43346214040534475
1844684 0.445954278467305
1845109 0.43689969436334625
1845540 0.4339928667525318
1845967 0.4366103072651009
1846401 0.437471881850866
1846840 0.4303612591624285
1847284 0.4250055028820523
1847717 0.3989460568235465
1848154 0.44864572066904085
1848590 0.4317096136021357
1849021 0.41079617214634784
1849442 0.4278515627512341
1849865 0.4347708902611515
1850291 0.42362669704385264
1850708 0.40543631072227726
1851122 0.45154786344168535
1851538 0.44676508204763343
1851955 0.4310280748453394
1852363 0.41068723668048834
1852781 0.46689183035313153
1853202 0.453366274207038
1853627 0.42241992667405825
1854044 0.4460153974572545
1854465 0.422313391342458
1854888 0.4162910476678582
1855293 0.3964582393093369
1855706 0.44841525731289567
1856115 0.4752215906165351
1856505 0.5051035195978626
1856882 0.48482635938695684
1857249 0.56342930635996
1857614 0.4891937847720854
1857982 0.6978654751909196
1858352 0.6273981106071053
1858728 0.5559435210633901
1859095 0.5760955582596899
1859471 0.7110631540278407
1859851 0.6415844771022673
1860231 0.7239282640605718
1860597 0.6845543174365538
1860968 0.7969811046177805
1861347 0.7567428629009341
1861736 0.5923996312301529
1862119 0.5352757170049138
1862499 0.6473367943709876
