122
122
104
124
125
122
124
123
125
102
109
108
105
105
114
101
110
113
99
106
103
94
102
91
104
107
114
114
111
98
116
112
114
113
109
116
96
109
109
107
109
106
103
104
106
104
107
107
107
106
102
102
107
104
105
106
106
105
107
103
102
107
109
108
110
108
110
110
115
114
115
111
113
109
110
112
106
110
98
110
103
113
113
113
109
106
116
102
114
117
116
119
108
99
97
100
99
96
93
93
94
94
93
94
93
92
95
110
117
115
93
101
105
101
100
103
101
103
102
99
99
103
99
99
101
99
101
99
96
93
100
102
101
104
104
102
104
101
104
96
102
97
96
99
97
90
96
101
96
93
89
96
98
102
93
100
99
98
101
103
99
101
103
103
101
101
101
106
106
111
113
110
105
109
99
92
98
94
94
93
91
92
87
91
89
90
90
93
89
86
89
88
89
94
94
92
90
88
91
94
91
89
90
86
86
91
89
91
90
89
88
92
92
89
89
90
91
90
88
82
85
88
89
88
81
80
84
86
87
91
89
99
116
104
113
115
116
115
102
105
96
116
115
114
114
112
114
117
107
112
114
115
113
116
118
114
117
115
118
114
113
116
114
115
113
115
118
113
117
117
116
116
116
118
118
104
115
115
112
118
118
119
116
116
119
115
117
116
116
116
114
114
113
116
118
114
119
119
115
112
111
109
111
102
109
111
113
111
109
113
114
110
114
114
109
113
113
109
106
112
111
114
115
118
108
110
112
111
105
110
111
113
108
111
116
114
112
107
111
110
111
111
110
109
114
112
114
111
117
115
107
114
112
108
104
122
125
121
111
125
124
121
