79.06
82.55
84.27
84.57
84.26
83.01
80.74
78.24
77.08
79.03
75.34
61.69
55.11
55.89
56.79
55.23
55.37
58.70
60.27
56.38
52.65
52.54
53.89
54.01
53.21
53.04
53.63
54.00
54.04
55.04
57.82
60.80
61.78
61.26
60.68
60.60
61.18
61.73
61.54
60.93
60.34
59.84
59.61
60.38
62.31
63.10
61.20
59.28
58.97
59.02
58.63
58.67
59.67
60.67
60.94
61.48
62.85
63.17
61.39
59.66
59.17
59.18
59.33
60.19
61.89
63.24
63.11
61.36
58.88
57.44
57.52
58.32
59.37
60.77
62.27
62.70
61.55
59.91
58.69
58.38
59.07
60.30
61.56
62.21
61.76
60.06
57.91
57.00
57.66
58.83
59.74
60.39
60.52
59.24
56.90
55.64
56.38
58.11
59.80
61.01
61.51
61.46
61.08
60.54
60.11
60.49
62.01
63.61
64.26
64.17
63.62
62.56
62.03
64.42
69.54
72.95
71.87
67.99
67.46
73.12
78.19
79.03
80.95
83.28
84.02
83.88
83.87
84.28
84.31
82.27
80.28
80.89
81.93
81.11
78.69
78.51
79.47
79.38
79.66
79.99
79.83
80.92
81.03
80.11
88.80
101.41
99.31
88.91
83.08
83.67
84.26
84.00
84.19
85.45
85.97
85.85
86.33
87.01
87.21
87.52
89.21
90.96
92.07
92.92
94.20
95.93
94.49
91.21
90.84
92.40
94.18
95.11
95.24
95.47
95.75
94.81
92.98
92.03
92.56
93.53
93.62
93.16
93.83
94.72
90.81
88.59
87.18
70.40
62.01
63.49
65.79
66.93
69.22
69.72
65.25
61.07
60.00
61.06
63.46
66.58
68.78
67.22
63.14
60.25
59.93
62.55
65.04
63.34
60.75
60.74
60.72
58.44
56.53
56.97
58.38
59.02
58.52
57.22
56.55
57.81
59.87
60.50
59.54
58.07
56.84
56.28
56.17
56.00
55.91
56.54
57.86
58.99
59.58
60.43
61.35
60.00
56.56
54.93
56.53
59.69
62.68
64.99
66.48
67.25
68.00
70.34
74.21
76.92
78.02
78.82
80.49
82.53
83.28
82.34
80.88
79.94
78.49
77.15
74.58
65.31
56.38
53.64
54.25
55.18
55.25
54.05
52.23
50.90
50.46
50.73
51.47
52.22
52.55
52.79
53.74
55.29
56.10
55.33
53.89
52.74
52.39
53.21
55.01
57.40
60.07
62.80
64.88
64.89
62.85
60.31
58.02
56.22
55.56
56.98
59.84
61.77
61.32
59.27
57.39
57.88
59.94
59.30
55.68
53.69
54.76
57.43
60.01
60.54
58.21
55.96
55.93
57.67
60.24
61.54
59.61
56.60
55.07
55.51
57.92
60.78
61.27
59.35
57.14
56.18
57.60
60.19
60.58
58.36
56.31
55.62
56.38
57.95
58.56
57.29
55.10
53.28
53.31
55.82
58.34
57.55
54.87
53.13
53.05
54.78
57.50
59.06
58.27
56.33
54.81
55.39
58.62
61.48
60.66
58.25
56.79
56.29
56.49
57.57
59.61
61.00
59.71
57.19
55.85
56.31
58.68
61.39
61.42
59.38
58.44
59.02
59.98
60.23
58.84
56.87
56.32
57.38
59.03
60.70
62.44
63.80
63.66
62.33
61.54
61.88
63.13
64.29
63.84
61.36
57.68
55.40
56.58
59.82
62.29
63.03
62.77
62.29
62.29
63.26
65.44
67.43
67.56
66.55
65.71
66.25
67.95
68.89
69.18
70.39
71.49
70.43
65.89
60.97
60.43
62.54
62.33
59.57
56.84
55.28
55.37
56.46
57.36
57.70
57.91
58.19
58.48
58.78
59.23
59.59
59.14
57.95
57.31
57.83
58.94
59.88
59.76
58.36
57.14
57.19
58.46
60.45
60.98
58.52
55.92
55.50
56.55
57.90
58.54
57.68
56.00
54.70
54.19
54.58
55.82
57.77
59.78
60.24
58.72
57.37
57.26
57.34
57.06
57.57
59.49
60.73
59.27
57.12
56.41
57.04
58.51
59.69
59.37
58.22
57.55
57.51
57.89
58.54
59.40
60.36
61.25
61.41
60.02
57.97
56.96
57.37
59.00
61.40
63.78
64.97
63.75
61.03
58.84
58.13
59.39
61.88
63.92
63.67
60.22
56.57
55.59
56.90
59.41
61.37
60.62
58.26
56.96
57.19
58.51
60.38
62.06
62.66
61.40
59.27
58.15
58.59
60.51
62.72
62.93
61.00
58.64
56.97
56.63
57.62
59.61
61.21
60.07
57.19
55.89
56.76
58.68
60.40
60.49
58.87
57.35
56.99
57.87
59.50
60.22
59.08
57.33
56.09
55.79
56.59
58.12
59.79
60.61
59.78
58.43
57.79
57.60
57.41
57.80
59.54
61.64
62.11
60.68
58.34
56.63
56.77
57.95
58.52
58.51
59.00
59.82
59.91
59.35
59.17
59.97
62.03
65.05
67.95
70.26
72.35
74.61
77.19
79.51
81.20
82.45
83.04
82.87
82.31
82.35
83.49
85.27
86.03
85.95
86.33
87.53
87.95
87.43
87.43
87.46
87.51
87.72
87.65
86.95
86.42
86.67
86.80
87.28
87.71
87.09
86.97
87.33
87.71
88.40
89.37
90.30
90.88
90.89
89.90
88.32
87.03
86.35
86.09
85.23
83.79
84.60
80.34
71.66
70.12
70.91
68.43
65.56
64.11
64.06
64.10
62.73
61.83
63.67
66.53
67.68
67.26
66.44
66.32
67.02
67.46
68.08
70.17
71.99
71.52
71.52
73.00
73.73
74.58
77.25
79.06
79.15
79.75
80.99
82.14
82.60
83.33
84.53
85.29
85.71
86.41
87.72
88.70
87.77
86.15
86.17
84.58
83.23
82.45
76.75
71.27
68.95
68.14
68.81
71.40
74.08
74.19
70.28
66.11
65.80
68.04
70.67
71.67
70.00
66.47
63.59
63.07
62.95
61.78
62.02
64.77
65.93
63.27
60.77
59.93
59.60
59.54
60.48
61.60
60.33
57.27
55.69
56.03
56.69
57.12
58.39
60.67
61.70
60.19
58.56
58.32
58.83
59.55
60.54
61.75
62.40
61.76
59.76
57.34
56.73
58.49
59.93
59.10
58.23
59.06
60.58
61.49
61.28
59.93
58.13
56.63
56.20
57.31
59.49
61.85
62.34
59.63
57.03
57.35
59.61
61.93
62.07
58.75
55.26
54.29
54.88
55.49
56.14
57.60
59.56
60.76
61.23
62.61
64.84
65.63
65.03
65.28
66.95
69.55
72.11
73.67
74.61
75.16
75.03
74.80
75.19
76.33
77.73
78.16
75.80
71.46
68.09
67.91
70.98
72.32
70.16
67.91
66.78
66.93
68.40
70.68
72.07
71.90
70.95
69.30
67.37
66.88
68.10
69.42
70.19
70.57
70.32
69.60
69.61
70.41
70.87
71.48
73.19
75.05
76.06
76.06
75.72
75.55
74.92
74.26
74.51
74.90
74.26
71.96
69.45
68.06
67.25
66.88
67.44
68.04
67.21
65.63
64.54
64.74
66.28
67.82
68.63
69.02
68.75
67.32
65.37
63.96
64.36
66.48
67.59
66.60
65.11
64.06
63.80
64.22
65.08
66.20
67.34
68.24
68.66
68.51
68.49
69.77
71.82
73.34
74.05
74.53
76.05
77.90
78.19
75.83
73.12
73.08
74.49
75.89
76.67
76.67
76.33
76.65
77.12
76.76
77.05
78.08
78.43
78.72
79.47
80.21
80.91
81.65
82.45
83.69
85.41
87.08
88.43
89.46
90.45
91.73
91.88
92.40
92.91
85.99
81.98
84.02
88.32
89.13
87.79
87.75
88.84
88.72
88.21
88.97
90.16
90.18
90.35
91.71
91.68
92.52
93.67
93.76
94.76
97.28
97.75
97.28
99.09
99.91
100.43
99.41
96.77
94.65
94.60
94.31
87.37
84.76
89.73
89.30
89.19
90.54
90.11
89.81
88.70
87.51
87.66
88.09
84.77
81.65
83.79
84.95
84.39
84.29
84.05
84.86
86.47
86.74
86.80
86.96
86.93
87.48
88.50
89.70
90.78
91.13
92.85
92.15
85.03
82.56
83.84
85.70
86.93
87.42
87.45
87.62
88.60
89.04
88.75
88.53
86.35
84.50
84.99
86.99
88.26
88.14
87.17
85.26
83.58
83.12
83.91
84.59
84.05
83.98
90.11
95.69
89.09
86.58
86.07
80.65
79.48
80.05
79.43
79.23
79.96
81.00
81.17
81.64
82.99
83.93
84.56
84.73
83.89
83.29
83.75
84.99
85.63
86.83
88.48
87.71
88.00
90.47
92.99
93.75
93.80
94.23
94.30
92.71
91.35
91.41
92.07
90.27
83.82
80.99
81.97
80.39
78.28
78.22
80.67
81.88
81.66
83.11
85.41
87.52
89.20
90.89
92.31
93.70
95.63
96.59
97.13
98.18
99.02
98.95
100.47
99.95
100.43
101.01
99.51
99.71
92.63
81.76
78.18
82.84
84.19
76.06
66.54
64.71
66.18
65.64
62.65
59.10
58.04
58.86
56.76
52.78
54.89
68.41
87.89
91.67
91.47
93.62
93.75
94.33
95.79
95.84
95.86
97.71
96.33
95.04
95.03
95.80
97.07
98.09
99.31
100.79
102.06
103.34
105.24
106.32
106.55
107.84
108.28
108.93
110.10
110.59
110.88
108.96
109.52
110.44
106.59
105.16
105.47
106.04
107.47
107.45
105.44
105.23
104.17
104.93
103.48
104.16
106.24
106.41
106.93
107.51
106.12
104.06
103.43
103.44
103.50
103.27
102.11
100.66
100.11
99.25
99.07
99.45
99.77
100.00
99.05
99.84
100.45
100.41
99.59
96.20
93.70
93.80
95.43
96.55
96.47
96.96
98.91
100.56
101.19
102.13
103.06
102.83
102.84
103.54
103.69
102.88
102.38
102.40
102.05
102.45
102.87
102.55
101.86
101.34
101.64
102.00
101.96
101.22
100.57
100.22
99.35
99.88
99.71
98.98
97.86
96.75
97.58
98.19
97.34
97.58
99.69
100.67
100.76
102.92
104.19
105.42
106.73
106.07
107.58
108.26
108.96
109.47
109.28
108.80
108.75
108.43
108.65
108.67
105.41
103.90
100.79
102.97
104.18
102.15
100.63
99.98
100.56
101.63
98.96
96.69
97.49
98.35
97.47
97.83
97.87
97.16
97.17
97.99
98.03
96.55
95.74
96.27
96.75
97.45
