73.14
74.72
71.55
66.64
65.16
67.01
70.39
70.02
65.99
65.56
68.92
72.21
73.12
71.26
68.99
68.17
69.71
71.93
72.11
71.07
70.30
70.60
71.69
72.69
73.59
74.19
73.37
72.46
73.52
74.69
74.36
73.03
71.64
70.84
70.46
70.78
72.45
73.31
71.19
69.51
69.64
69.92
70.25
71.09
71.06
69.52
68.00
67.74
69.38
71.37
71.43
69.06
66.27
66.57
69.37
71.76
72.20
70.70
69.05
68.34
68.78
70.11
71.55
71.18
68.98
68.00
69.04
71.15
72.06
70.41
68.96
68.87
69.38
70.43
71.93
72.06
70.35
69.24
69.81
71.83
72.74
71.13
70.10
70.86
72.65
73.76
72.97
71.54
70.89
71.91
73.38
73.75
73.03
72.01
71.71
72.65
74.07
73.10
70.81
70.42
71.71
73.44
73.96
72.56
70.03
69.24
71.06
72.62
72.40
71.02
70.50
71.90
73.78
75.09
75.62
75.47
74.86
74.08
74.16
75.32
74.13
71.16
70.40
70.56
70.07
70.52
71.57
70.83
69.73
70.39
71.77
72.89
73.74
74.69
76.11
77.49
78.29
78.43
79.18
81.00
82.33
81.65
79.54
78.44
76.95
74.05
70.87
68.63
67.98
68.60
69.35
68.35
66.41
65.45
66.41
68.79
68.39
64.70
62.78
63.59
65.77
67.73
67.84
66.88
66.35
67.02
68.27
67.24
64.41
63.10
63.96
66.43
68.18
66.88
65.08
65.08
66.79
69.16
69.81
68.68
67.80
68.32
70.27
71.01
69.37
67.54
66.93
68.05
69.57
69.87
69.00
67.65
66.83
67.01
68.15
68.98
68.37
67.46
67.43
68.93
70.66
69.94
68.00
67.09
67.62
69.09
69.85
69.06
67.22
66.58
68.43
69.36
67.48
65.64
65.32
66.62
67.86
66.91
65.11
64.30
65.14
67.10
67.64
66.34
65.43
65.91
67.75
68.43
65.96
63.61
63.38
64.64
66.14
66.05
65.28
66.68
69.69
72.00
73.41
74.09
73.10
71.05
69.63
69.86
71.41
71.40
69.10
66.31
65.42
67.44
68.87
67.46
65.75
65.17
65.74
67.08
68.47
68.94
68.14
67.74
68.79
70.97
72.88
72.64
71.62
71.59
72.62
74.52
76.82
77.68
76.69
76.84
77.56
76.90
75.34
74.84
76.98
78.89
79.31
80.12
79.86
80.93
90.86
100.15
96.11
86.68
82.68
84.12
85.43
86.05
86.19
85.65
84.32
82.60
81.53
81.89
81.57
80.15
79.11
78.31
77.71
77.39
76.68
75.14
73.05
71.62
71.04
69.93
69.27
70.78
72.85
73.16
70.75
67.60
66.54
67.90
70.65
71.05
68.43
67.08
67.88
69.88
71.59
71.83
71.33
70.28
68.31
67.10
68.02
69.18
69.03
68.04
66.47
64.39
62.78
62.70
64.75
68.53
69.17
64.96
62.89
64.64
67.33
68.99
68.81
67.20
65.17
63.70
63.26
63.65
64.04
62.87
60.99
61.28
63.68
65.83
66.54
65.98
64.33
61.97
60.13
59.59
59.94
60.54
60.56
59.58
58.50
58.14
58.79
60.36
61.48
61.00
60.21
60.33
60.61
60.48
61.12
63.50
66.62
69.03
69.79
68.97
67.88
67.63
68.86
70.52
71.22
71.21
70.54
68.69
66.70
66.06
66.92
68.79
70.05
69.54
67.48
65.58
65.65
67.29
69.26
69.56
67.95
67.28
67.90
68.28
68.84
70.17
69.81
67.30
66.23
67.03
67.86
68.49
69.24
69.10
67.53
65.53
64.60
66.24
68.29
66.84
64.19
63.42
64.05
65.20
65.96
66.23
67.11
68.24
67.86
66.14
64.32
63.19
63.06
63.38
63.60
63.45
62.97
62.66
62.52
62.05
61.64
62.31
63.50
63.59
62.87
62.66
63.42
65.08
66.23
65.43
63.80
62.77
63.27
65.37
67.72
69.20
69.49
69.41
70.35
72.56
75.66
78.30
80.31
82.78
84.79
85.99
87.18
87.55
87.04
86.48
86.45
85.57
84.18
84.00
83.99
83.72
83.39
83.13
83.17
83.54
83.88
84.18
84.53
84.51
82.31
79.51
78.16
77.41
77.41
78.47
79.56
78.95
76.11
73.90
72.65
70.91
68.31
66.01
66.51
68.68
68.66
66.08
63.00
62.51
65.40
67.22
65.49
63.59
63.84
67.19
69.45
63.80
57.23
55.68
57.39
60.37
62.97
63.51
62.53
61.40
61.40
63.23
65.75
67.30
66.68
64.32
62.79
63.11
64.86
66.23
64.42
61.25
59.91
60.70
63.06
64.40
62.31
59.74
59.44
61.03
63.42
63.98
61.40
59.24
59.60
61.64
64.02
64.45
62.46
61.30
62.07
63.22
63.71
63.49
63.06
63.23
63.59
63.03
62.17
62.20
62.62
62.59
62.77
63.73
64.05
62.61
60.90
60.20
60.77
62.26
63.09
62.30
60.72
59.64
60.65
63.36
64.36
62.63
60.94
60.83
62.84
65.51
65.48
63.34
62.09
62.53
64.68
67.30
68.65
67.99
65.85
64.15
63.84
64.95
66.74
67.82
67.74
66.96
67.17
69.28
71.53
72.56
72.51
72.10
72.10
72.86
74.35
76.10
77.70
78.76
78.96
78.97
79.60
79.67
78.69
77.24
75.88
75.36
76.12
76.05
74.19
72.25
71.40
71.84
72.13
71.25
69.16
67.07
66.07
66.28
67.06
66.69
65.10
63.76
63.49
64.56
65.78
65.59
64.07
62.50
63.70
66.99
64.01
56.17
53.13
55.01
57.96
59.27
58.96
57.83
57.23
57.90
59.39
60.97
61.43
60.26
59.22
59.60
60.92
62.30
62.37
60.74
59.51
59.95
61.49
63.09
63.02
60.98
59.36
59.08
59.20
59.41
60.50
62.53
64.00
63.99
63.14
62.40
62.72
64.21
66.17
66.91
64.61
61.89
61.70
63.23
65.01
65.98
65.57
64.37
63.17
62.63
63.13
64.67
66.14
65.51
63.74
63.14
63.54
64.09
64.55
64.99
65.93
67.27
67.33
65.96
65.16
65.48
66.48
67.82
69.06
69.16
67.60
65.30
63.81
64.77
66.58
65.61
63.46
63.06
63.44
63.48
64.43
66.97
68.82
68.31
66.39
64.59
64.31
65.63
67.86
68.37
65.73
63.70
63.83
64.18
64.26
65.35
67.19
68.15
67.90
67.09
67.10
68.50
69.54
69.33
68.69
68.61
69.77
70.87
70.96
71.52
72.79
73.57
74.74
77.00
77.92
77.52
77.93
78.57
78.04
75.60
73.42
72.80
73.17
74.00
74.53
73.47
71.45
70.50
70.69
71.35
71.64
70.98
69.42
68.07
67.75
67.65
67.28
66.97
67.66
70.26
71.74
68.90
66.09
65.99
67.99
68.47
62.90
57.36
57.04
59.72
62.24
63.06
61.86
60.60
61.17
63.22
65.62
65.90
63.17
61.37
62.30
64.27
65.91
66.86
66.49
64.18
61.41
60.22
61.20
64.35
66.66
64.69
62.03
61.98
63.73
66.02
67.59
67.53
66.04
64.27
63.77
64.92
67.49
69.96
70.33
68.57
65.72
63.20
62.14
63.27
64.69
63.14
60.19
58.62
58.65
59.92
61.66
63.00
64.04
65.01
64.54
61.91
59.69
59.57
61.39
64.15
64.66
61.98
60.30
61.17
63.00
64.71
66.16
66.66
65.14
62.98
62.39
63.09
64.13
65.10
65.54
64.22
61.29
59.62
60.09
60.93
61.28
62.17
63.52
63.28
61.47
60.72
61.51
62.45
63.18
64.34
65.24
64.45
63.21
63.64
65.34
67.12
68.09
67.80
66.89
66.28
66.98
68.22
68.03
66.92
66.10
65.03
63.84
64.35
66.33
66.52
65.03
65.00
66.59
68.57
70.41
71.88
73.08
74.37
76.33
79.13
81.65
80.39
76.93
75.32
76.09
77.32
75.99
72.68
69.39
67.87
67.56
67.27
66.25
65.25
67.04
70.67
70.56
67.29
65.06
65.42
68.38
70.89
72.30
76.93
83.11
82.36
78.05
78.46
76.20
72.06
72.01
73.01
72.74
72.65
73.42
74.84
75.44
75.31
76.33
77.15
76.71
77.42
78.60
78.52
78.97
80.05
80.36
79.84
79.12
78.76
78.09
77.31
77.03
76.18
74.74
73.90
73.70
73.79
73.73
73.82
74.59
75.59
76.27
76.45
76.95
78.20
78.95
79.20
79.70
80.71
81.90
82.71
83.05
83.11
82.84
81.55
80.38
80.20
80.31
80.50
80.33
78.95
76.63
74.88
75.67
77.40
77.28
74.17
69.74
66.66
67.35
71.39
73.29
71.32
68.41
66.31
65.87
67.48
69.75
68.78
64.77
60.68
58.31
58.26
58.99
59.03
58.98
59.82
61.67
64.34
66.64
67.19
66.28
65.27
66.54
70.13
71.98
71.08
70.08
69.77
70.15
71.06
72.30
73.74
75.14
76.41
77.99
79.53
79.98
80.02
78.89
75.21
73.14
74.10
75.49
75.65
74.04
71.33
69.91
71.35
68.91
61.19
57.28
57.81
58.90
58.88
58.64
58.77
59.32
60.39
62.19
64.08
63.97
61.92
60.66
60.89
61.73
63.12
65.66
67.92
66.84
64.04
62.58
62.54
63.49
65.30
67.40
67.88
66.21
64.51
63.74
63.89
64.85
66.49
68.33
69.61
69.10
66.67
64.19
63.06
64.17
66.42
67.36
66.55
65.01
64.41
65.70
68.03
69.88
69.11
66.72
65.77
66.52
68.26
70.09
70.98
70.07
68.28
67.82
68.67
69.71
68.94
66.18
64.32
64.58
66.85
68.68
66.72
63.90
63.55
65.62
69.13
71.14
70.30
68.57
67.29
66.97
67.15
67.10
66.15
64.84
65.02
66.65
68.25
69.11
69.21
69.38
70.19
71.32
72.66
74.42
75.66
75.48
74.86
74.62
75.02
75.53
75.86
76.36
77.06
77.81
78.67
79.16
78.89
78.67
78.51
77.85
77.29
77.50
78.66
79.71
80.17
80.66
80.32
78.69
76.66
76.35
78.01
79.45
80.15
80.41
80.48
81.21
82.67
83.32
83.84
84.91
85.61
84.84
83.15
81.89
80.69
79.26
78.03
78.24
78.44
76.77
74.70
73.91
74.98
75.10
72.69
69.25
68.39
71.77
74.55
73.75
71.72
68.98
66.38
